1 4 14 7 650

139 134

1 5 3 37 52

5 12 40 30
15 19 36 16
16 13 52 41
17 19 27 23
2 12 49 49
3 12 52 64
4 17 20 26
6 14 21 47
7 13 17 63
8 17 31 62
9 18 52 33
10 13 51 21
11 13 42 41
12 14 31 32
13 15 5 25
14 16 12 42
18 16 17 33
19 14 13 13

20 57 58
21 62 42
22 42 57
23 16 57
24 8 52
25 7 38
26 27 68

1 5 30
5 1 22
1 15 52
15 1 36
1 16 27
16 1 19
1 17 24
17 1 31
1 2 16
2 1 12
1 3 15
3 1 19
1 4 16
4 1 31
1 6 25
6 1 17
1 7 17
7 1 23
1 8 9
8 1 12
1 9 27
9 1 24
1 10 43
10 1 34
1 11 10
11 1 12
1 12 23
12 1 21
1 13 41
13 1 42
1 14 34
14 1 27
1 18 29
18 1 28
1 19 52
19 1 46
1 20 16
20 1 21
1 21 39
21 1 27
1 22 7
22 1 7
1 23 27
23 1 22
1 24 27
24 1 29
1 25 44
25 1 33
1 26 10
26 1 19
5 15 10
15 5 15
5 16 14
16 5 16
5 17 20
17 5 15
5 2 19
2 5 21
5 3 43
3 5 36
5 4 26
4 5 20
5 6 28
6 5 25
5 7 28
7 5 40
5 8 48
8 5 33
5 9 10
9 5 12
5 10 13
10 5 14
5 11 12
11 5 11
5 12 12
12 5 9
5 13 44
13 5 35
5 14 18
14 5 30
5 18 22
18 5 23
5 19 36
19 5 32
5 20 29
20 5 33
5 21 29
21 5 25
5 22 40
22 5 27
5 23 42
23 5 36
5 24 37
24 5 39
5 25 46
25 5 34
5 26 58
26 5 40
15 16 24
16 15 30
15 17 10
17 15 11
15 2 37
2 15 35
15 3 35
3 15 51
15 4 22
4 15 19
15 6 36
6 15 34
15 7 49
7 15 51
15 8 37
8 15 46
15 9 26
9 15 23
15 10 17
10 15 16
15 11 14
11 15 26
15 12 25
12 15 17
15 13 25
13 15 32
15 14 43
14 15 35
15 18 18
18 15 25
15 19 18
19 15 23
15 20 67
20 15 47
15 21 51
21 15 37
15 22 47
22 15 41
15 23 34
23 15 46
15 24 44
24 15 46
15 25 31
25 15 36
15 26 61
26 15 53
16 17 19
17 16 31
16 2 12
2 16 9
16 3 14
3 16 23
16 4 35
4 16 35
16 6 34
6 16 32
16 7 34
7 16 41
16 8 15
8 16 30
16 9 6
9 16 8
16 10 20
10 16 20
16 11 9
11 16 10
16 12 32
12 16 23
16 13 70
13 16 50
16 14 22
14 16 40
16 18 49
18 16 36
16 19 38
19 16 48
16 20 15
20 16 18
16 21 13
21 16 10
16 22 13
22 16 19
16 23 33
23 16 39
16 24 31
24 16 45
16 25 26
25 16 45
16 26 37
26 16 37
17 2 22
2 17 34
17 3 56
3 17 48
17 4 4
4 17 8
17 6 20
6 17 25
17 7 22
7 17 41
17 8 57
8 17 39
17 9 40
9 17 27
17 10 35
10 17 24
17 11 27
11 17 23
17 12 14
12 17 10
17 13 17
13 17 22
17 14 20
14 17 24
17 18 13
18 17 14
17 19 21
19 17 17
17 20 44
20 17 46
17 21 33
21 17 40
17 22 54
22 17 37
17 23 28
23 17 36
17 24 46
24 17 35
17 25 21
25 17 25
17 26 38
26 17 45
2 3 16
3 2 15
2 4 35
4 2 37
2 6 23
6 2 28
2 7 50
7 2 35
2 8 25
8 2 22
2 9 14
9 2 16
2 10 32
10 2 28
2 11 11
11 2 11
2 12 28
12 2 25
2 13 31
13 2 50
2 14 33
14 2 38
2 18 26
18 2 36
2 19 56
19 2 51
2 20 16
20 2 12
2 21 13
21 2 15
2 22 10
22 2 11
2 23 27
23 2 34
2 24 49
24 2 41
2 25 24
25 2 43
2 26 31
26 2 29
3 4 32
4 3 50
3 6 50
6 3 35
3 7 18
7 3 35
3 8 28
8 3 21
3 9 32
9 3 31
3 10 38
10 3 43
3 11 14
11 3 25
3 12 36
12 3 38
3 13 31
13 3 61
3 14 40
14 3 45
3 18 40
18 3 47
3 19 41
19 3 64
3 20 4
20 3 8
3 21 29
21 3 24
3 22 11
22 3 12
3 23 52
23 3 37
3 24 45
24 3 46
3 25 31
25 3 51
3 26 22
26 3 25
4 6 18
6 4 21
4 7 46
7 4 37
4 8 39
8 4 38
4 9 27
9 4 32
4 10 20
10 4 31
4 11 15
11 4 27
4 12 14
12 4 13
4 13 14
13 4 15
4 14 22
14 4 18
4 18 5
18 4 8
4 19 19
19 4 15
4 20 62
20 4 49
4 21 58
21 4 45
4 22 45
22 4 38
4 23 22
23 4 31
4 24 30
24 4 29
4 25 20
25 4 18
4 26 32
26 4 43
6 7 8
7 6 16
6 8 23
8 6 18
6 9 46
9 6 34
6 10 21
10 6 40
6 11 29
11 6 22
6 12 22
12 6 18
6 13 17
13 6 27
6 14 14
14 6 10
6 18 8
18 6 15
6 19 26
19 6 35
6 20 55
20 6 38
6 21 32
21 6 41
6 22 15
22 6 23
6 23 13
23 6 11
6 24 20
24 6 14
6 25 10
25 6 16
6 26 19
26 6 22
7 8 19
8 7 14
7 9 42
9 7 46
7 10 57
10 7 54
7 11 22
11 7 33
7 12 42
12 7 34
7 13 54
13 7 40
7 14 19
14 7 22
7 18 27
18 7 30
7 19 58
19 7 50
7 20 27
20 7 40
7 21 43
21 7 50
7 22 28
22 7 26
7 23 8
23 7 6
7 24 7
24 7 14
7 25 38
25 7 27
7 26 14
26 7 11
8 9 32
9 8 36
8 10 52
10 8 46
8 11 19
11 8 24
8 12 28
12 8 30
8 13 34
13 8 45
8 14 21
14 8 28
8 18 17
18 8 32
8 19 27
19 8 52
8 20 29
20 8 26
8 21 36
21 8 37
8 22 14
22 8 12
8 23 11
23 8 16
8 24 26
24 8 25
8 25 41
25 8 34
8 26 8
26 8 7
9 10 13
10 9 12
9 11 14
11 9 13
9 12 30
12 9 21
9 13 68
13 9 48
9 14 51
14 9 41
9 18 37
18 9 35
9 19 22
19 9 44
9 20 21
20 9 25
9 21 10
21 9 13
9 22 37
22 9 26
9 23 51
23 9 43
9 24 34
24 9 48
9 25 37
25 9 45
9 26 27
26 9 43
10 11 29
11 10 22
10 12 29
12 10 23
10 13 39
13 10 46
10 14 50
14 10 44
10 18 37
18 10 36
10 19 47
19 10 39
10 20 20
20 10 37
10 21 33
21 10 24
10 22 33
22 10 37
10 23 50
23 10 50
10 24 38
24 10 53
10 25 67
25 10 47
10 26 39
26 10 53
11 12 18
12 11 14
11 13 37
13 11 40
11 14 40
14 11 30
11 18 29
18 11 26
11 19 22
19 11 40
11 20 28
20 11 23
11 21 21
21 11 20
11 22 19
22 11 16
11 23 27
23 11 31
11 24 36
24 11 36
11 25 36
25 11 35
11 26 27
26 11 31
12 13 19
13 12 27
12 14 20
14 12 21
12 18 9
18 12 14
12 19 32
19 12 26
12 20 26
20 12 37
12 21 38
21 12 33
12 22 22
22 12 27
12 23 29
23 12 29
12 24 42
24 12 30
12 25 26
25 12 25
12 26 19
26 12 36
13 14 15
14 13 18
13 18 8
18 13 14
13 19 8
19 13 14
13 20 32
20 13 61
13 21 62
21 13 59
13 22 70
22 13 49
13 23 38
23 13 34
13 24 23
24 13 27
13 25 8
25 13 13
13 26 54
26 13 48
14 18 12
18 14 10
14 19 17
19 14 29
14 20 56
20 14 48
14 21 42
21 14 50
14 22 18
22 14 34
14 23 9
23 14 16
14 24 9
24 14 11
14 25 4
25 14 6
14 26 34
26 14 30
18 19 26
19 18 20
18 20 45
20 18 47
18 21 65
21 18 46
18 22 22
22 18 35
18 23 13
23 18 24
18 24 31
24 18 21
18 25 6
25 18 11
18 26 29
26 18 36
19 20 82
20 19 63
19 21 30
21 19 57
19 22 77
22 19 53
19 23 60
23 19 44
19 24 24
24 19 39
19 25 22
25 19 26
19 26 58
26 19 57
20 21 20
21 20 17
20 22 18
22 20 15
20 23 50
23 20 41
20 24 58
24 20 49
20 25 70
25 20 54
20 26 21
26 20 32
21 22 19
22 21 25
21 23 24
23 21 48
21 24 60
24 21 55
21 25 69
25 21 55
21 26 47
26 21 44
22 23 30
23 22 26
22 24 35
24 22 34
22 25 31
25 22 40
22 26 28
26 22 19
23 24 11
24 23 9
23 25 20
25 23 21
23 26 16
26 23 16
24 25 14
25 24 14
24 26 31
26 24 25
25 26 27
26 25 36
