1 9 9 7 650

168 171

1 5 3 37 52

2 17 49 49
3 20 52 64
5 24 40 30
7 16 17 63
10 15 51 21
15 23 36 16
16 20 52 41
17 15 27 23
18 22 17 33
4 24 20 26
6 15 21 47
8 20 31 62
9 18 52 33
11 19 42 41
12 16 31 32
13 15 5 25
14 19 12 42
19 23 13 13

20 57 58
21 62 42
22 42 57
23 16 57
24 8 52
25 7 38
26 27 68

1 2 11
2 1 12
1 3 17
3 1 19
1 5 18
5 1 22
1 7 13
7 1 23
1 10 17
10 1 34
1 15 35
15 1 36
1 16 16
16 1 19
1 17 26
17 1 31
1 18 41
18 1 28
1 4 38
4 1 31
1 6 15
6 1 17
1 8 8
8 1 12
1 9 16
9 1 24
1 11 15
11 1 12
1 12 31
12 1 21
1 13 50
13 1 42
1 14 16
14 1 27
1 19 52
19 1 46
1 20 16
20 1 21
1 21 39
21 1 27
1 22 7
22 1 7
1 23 27
23 1 22
1 24 27
24 1 29
1 25 44
25 1 33
1 26 10
26 1 19
2 3 10
3 2 15
2 5 18
5 2 21
2 7 35
7 2 35
2 10 29
10 2 28
2 15 37
15 2 35
2 16 9
16 2 9
2 17 39
17 2 34
2 18 18
18 2 36
2 4 31
4 2 37
2 6 14
6 2 28
2 8 23
8 2 22
2 9 10
9 2 16
2 11 11
11 2 11
2 12 19
12 2 25
2 13 68
13 2 50
2 14 40
14 2 38
2 19 38
19 2 51
2 20 6
20 2 12
2 21 9
21 2 15
2 22 11
22 2 11
2 23 29
23 2 34
2 24 47
24 2 41
2 25 55
25 2 43
2 26 38
26 2 29
3 5 51
5 3 36
3 7 21
7 3 35
3 10 60
10 3 43
3 15 35
15 3 51
3 16 28
16 3 23
3 17 65
17 3 48
3 18 63
18 3 47
3 4 49
4 3 50
3 6 23
6 3 35
3 8 13
8 3 21
3 9 29
9 3 31
3 11 24
11 3 25
3 12 22
12 3 38
3 13 60
13 3 61
3 14 53
14 3 45
3 19 95
19 3 64
3 20 10
20 3 8
3 21 33
21 3 24
3 22 16
22 3 12
3 23 46
23 3 37
3 24 44
24 3 46
3 25 30
25 3 51
3 26 16
26 3 25
5 7 45
7 5 40
5 10 16
10 5 14
5 15 19
15 5 15
5 16 14
16 5 16
5 17 19
17 5 15
5 18 26
18 5 23
5 4 10
4 5 20
5 6 25
6 5 25
5 8 36
8 5 33
5 9 6
9 5 12
5 11 16
11 5 11
5 12 6
12 5 9
5 13 50
13 5 35
5 14 16
14 5 30
5 19 46
19 5 32
5 20 26
20 5 33
5 21 36
21 5 25
5 22 26
22 5 27
5 23 19
23 5 36
5 24 34
24 5 39
5 25 17
25 5 34
5 26 40
26 5 40
7 10 64
10 7 54
7 15 31
15 7 51
7 16 28
16 7 41
7 17 34
17 7 41
7 18 15
18 7 30
7 4 40
4 7 37
7 6 13
6 7 16
7 8 14
8 7 14
7 9 61
9 7 46
7 11 36
11 7 33
7 12 35
12 7 34
7 13 44
13 7 40
7 14 25
14 7 22
7 19 64
19 7 50
7 20 55
20 7 40
7 21 68
21 7 50
7 22 38
22 7 26
7 23 7
23 7 6
7 24 7
24 7 14
7 25 26
25 7 27
7 26 16
26 7 11
10 15 22
15 10 16
10 16 19
16 10 20
10 17 13
17 10 24
10 18 42
18 10 36
10 4 16
4 10 31
10 6 58
6 10 40
10 8 43
8 10 46
10 9 8
9 10 12
10 11 26
11 10 22
10 12 32
12 10 23
10 13 33
13 10 46
10 14 50
14 10 44
10 19 29
19 10 39
10 20 37
20 10 37
10 21 23
21 10 24
10 22 29
22 10 37
10 23 69
23 10 50
10 24 72
24 10 53
10 25 53
25 10 47
10 26 31
26 10 53
15 16 32
16 15 30
15 17 13
17 15 11
15 18 13
18 15 25
15 4 26
4 15 19
15 6 42
6 15 34
15 8 36
8 15 46
15 9 27
9 15 23
15 11 32
11 15 26
15 12 13
12 15 17
15 13 38
13 15 32
15 14 51
14 15 35
15 19 17
19 15 23
15 20 33
20 15 47
15 21 44
21 15 37
15 22 35
22 15 41
15 23 35
23 15 46
15 24 45
24 15 46
15 25 23
25 15 36
15 26 69
26 15 53
16 17 17
17 16 31
16 18 31
18 16 36
16 4 36
4 16 35
16 6 27
6 16 32
16 8 34
8 16 30
16 9 11
9 16 8
16 11 14
11 16 10
16 12 29
12 16 23
16 13 68
13 16 50
16 14 37
14 16 40
16 19 38
19 16 48
16 20 17
20 16 18
16 21 10
21 16 10
16 22 17
22 16 19
16 23 58
23 16 39
16 24 49
24 16 45
16 25 61
25 16 45
16 26 50
26 16 37
17 18 9
18 17 14
17 4 4
4 17 8
17 6 26
6 17 25
17 8 27
8 17 39
17 9 35
9 17 27
17 11 33
11 17 23
17 12 11
12 17 10
17 13 12
13 17 22
17 14 27
14 17 24
17 19 13
19 17 17
17 20 61
20 17 46
17 21 32
21 17 40
17 22 30
22 17 37
17 23 36
23 17 36
17 24 38
24 17 35
17 25 24
25 17 25
17 26 42
26 17 45
18 4 4
4 18 8
18 6 15
6 18 15
18 8 22
8 18 32
18 9 35
9 18 35
18 11 22
11 18 26
18 12 11
12 18 14
18 13 11
13 18 14
18 14 7
14 18 10
18 19 23
19 18 20
18 20 38
20 18 47
18 21 43
21 18 46
18 22 46
22 18 35
18 23 23
23 18 24
18 24 25
24 18 21
18 25 6
25 18 11
18 26 35
26 18 36
4 6 25
6 4 21
4 8 32
8 4 38
4 9 23
9 4 32
4 11 21
11 4 27
4 12 16
12 4 13
4 13 21
13 4 15
4 14 18
14 4 18
4 19 8
19 4 15
4 20 40
20 4 49
4 21 55
21 4 45
4 22 49
22 4 38
4 23 45
23 4 31
4 24 40
24 4 29
4 25 23
25 4 18
4 26 42
26 4 43
6 8 10
8 6 18
6 9 43
9 6 34
6 11 14
11 6 22
6 12 23
12 6 18
6 13 36
13 6 27
6 14 14
14 6 10
6 19 29
19 6 35
6 20 29
20 6 38
6 21 49
21 6 41
6 22 21
22 6 23
6 23 9
23 6 11
6 24 17
24 6 14
6 25 23
25 6 16
6 26 17
26 6 22
8 9 46
9 8 36
8 11 22
11 8 24
8 12 25
12 8 30
8 13 59
13 8 45
8 14 17
14 8 28
8 19 66
19 8 52
8 20 17
20 8 26
8 21 21
21 8 37
8 22 15
22 8 12
8 23 9
23 8 16
8 24 17
24 8 25
8 25 42
25 8 34
8 26 4
26 8 7
9 11 13
11 9 13
9 12 31
12 9 21
9 13 43
13 9 48
9 14 55
14 9 41
9 19 64
19 9 44
9 20 18
20 9 25
9 21 15
21 9 13
9 22 28
22 9 26
9 23 62
23 9 43
9 24 54
24 9 48
9 25 61
25 9 45
9 26 60
26 9 43
11 12 7
12 11 14
11 13 40
13 11 40
11 14 43
14 11 30
11 19 25
19 11 40
11 20 12
20 11 23
11 21 28
21 11 20
11 22 23
22 11 16
11 23 29
23 11 31
11 24 51
24 11 36
11 25 26
25 11 35
11 26 39
26 11 31
12 13 29
13 12 27
12 14 26
14 12 21
12 19 22
19 12 26
12 20 50
20 12 37
12 21 48
21 12 33
12 22 38
22 12 27
12 23 17
23 12 29
12 24 21
24 12 30
12 25 14
25 12 25
12 26 48
26 12 36
13 14 24
14 13 18
13 19 20
19 13 14
13 20 56
20 13 61
13 21 88
21 13 59
13 22 51
22 13 49
13 23 42
23 13 34
13 24 29
24 13 27
13 25 17
25 13 13
13 26 55
26 13 48
14 19 39
19 14 29
14 20 29
20 14 48
14 21 59
21 14 50
14 22 41
22 14 34
14 23 9
23 14 16
14 24 10
24 14 11
14 25 6
25 14 6
14 26 26
26 14 30
19 20 82
20 19 63
19 21 30
21 19 57
19 22 77
22 19 53
19 23 60
23 19 44
19 24 24
24 19 39
19 25 22
25 19 26
19 26 58
26 19 57
20 21 20
21 20 17
20 22 18
22 20 15
20 23 50
23 20 41
20 24 58
24 20 49
20 25 70
25 20 54
20 26 21
26 20 32
21 22 19
22 21 25
21 23 24
23 21 48
21 24 60
24 21 55
21 25 69
25 21 55
21 26 47
26 21 44
22 23 30
23 22 26
22 24 35
24 22 34
22 25 31
25 22 40
22 26 28
26 22 19
23 24 11
24 23 9
23 25 20
25 23 21
23 26 16
26 23 16
24 25 14
25 24 14
24 26 31
26 24 25
25 26 27
26 25 36
