1 18 7 0 650

179 191

26 4 4 37 52

1 12 49 49
2 19 52 64
3 13 20 26
5 19 21 47
7 12 31 62
8 12 52 33
9 17 51 21
10 14 42 41
11 13 31 32
12 17 5 25
14 18 36 16
16 13 27 23
17 13 17 33
21 14 42 57
22 15 16 57
23 16 8 52
24 16 7 38
25 14 27 68
4 19 40 30
6 19 17 63
13 12 12 42
15 17 52 41
18 12 13 13
19 17 57 58
20 19 62 42


26 1 11
1 26 12
26 2 17
2 26 19
26 3 27
3 26 31
26 5 12
5 26 17
26 7 16
7 26 12
26 8 29
8 26 24
26 9 42
9 26 34
26 10 7
10 26 12
26 11 24
11 26 21
26 12 60
12 26 42
26 14 45
14 26 36
26 16 43
16 26 31
26 17 26
17 26 28
26 21 9
21 26 7
26 22 17
22 26 22
26 23 39
23 26 29
26 24 37
24 26 33
26 25 17
25 26 19
26 4 26
4 26 22
26 6 27
6 26 23
26 13 16
13 26 27
26 15 20
15 26 19
26 18 32
18 26 46
26 19 11
19 26 21
26 20 25
20 26 27
1 2 10
2 1 15
1 3 47
3 1 37
1 5 31
5 1 28
1 7 22
7 1 22
1 8 17
8 1 16
1 9 38
9 1 28
1 10 9
10 1 11
1 11 26
11 1 25
1 12 65
12 1 50
1 14 32
14 1 35
1 16 25
16 1 34
1 17 32
17 1 36
1 21 11
21 1 11
1 22 29
22 1 34
1 23 60
23 1 41
1 24 43
24 1 43
1 25 29
25 1 29
1 4 14
4 1 21
1 6 49
6 1 35
1 13 42
13 1 38
1 15 11
15 1 9
1 18 70
18 1 51
1 19 11
19 1 12
1 20 16
20 1 15
2 3 54
3 2 50
2 5 21
5 2 35
2 7 30
7 2 21
2 8 28
8 2 31
2 9 24
9 2 43
2 10 36
10 2 25
2 11 24
11 2 38
2 12 54
12 2 61
2 14 74
14 2 51
2 16 65
16 2 48
2 17 45
17 2 47
2 21 16
21 2 12
2 22 41
22 2 37
2 23 68
23 2 46
2 24 68
24 2 51
2 25 19
25 2 25
2 4 44
4 2 36
2 6 19
6 2 35
2 13 39
13 2 45
2 15 23
15 2 23
2 18 55
18 2 64
2 19 5
19 2 8
2 20 21
20 2 24
3 5 25
5 3 21
3 7 42
7 3 38
3 8 45
8 3 32
3 9 21
9 3 31
3 10 34
10 3 27
3 11 14
11 3 13
3 12 8
12 3 15
3 14 19
14 3 19
3 16 6
16 3 8
3 17 4
17 3 8
3 21 21
21 3 38
3 22 21
22 3 31
3 23 21
23 3 29
3 24 22
24 3 18
3 25 22
25 3 43
3 4 26
4 3 20
3 6 24
6 3 37
3 13 21
13 3 18
3 15 39
15 3 35
3 18 16
18 3 15
3 19 32
19 3 49
3 20 38
20 3 45
5 7 10
7 5 18
5 8 39
8 5 34
5 9 28
9 5 40
5 10 20
10 5 22
5 11 9
11 5 18
5 12 39
12 5 27
5 14 46
14 5 34
5 16 23
16 5 25
5 17 13
17 5 15
5 21 17
21 5 23
5 22 12
22 5 11
5 23 15
23 5 14
5 24 12
24 5 16
5 25 18
25 5 22
5 4 33
4 5 25
5 6 13
6 5 16
5 13 8
13 5 10
5 15 18
15 5 32
5 18 46
18 5 35
5 19 25
19 5 38
5 20 60
20 5 41
7 8 20
8 7 36
7 9 62
9 7 46
7 10 13
10 7 24
7 11 27
11 7 30
7 12 66
12 7 45
7 14 35
14 7 46
7 16 36
16 7 39
7 17 38
17 7 32
7 21 9
21 7 12
7 22 12
22 7 16
7 23 15
23 7 25
7 24 47
24 7 34
7 25 4
25 7 7
7 4 45
4 7 33
7 6 10
6 7 14
7 13 35
13 7 28
7 15 39
15 7 30
7 18 67
18 7 52
7 19 13
19 7 26
7 20 50
20 7 37
8 9 11
9 8 12
8 10 14
10 8 13
8 11 25
11 8 21
8 12 32
12 8 48
8 14 16
14 8 23
8 16 28
16 8 27
8 17 49
17 8 35
8 21 32
21 8 26
8 22 36
22 8 43
8 23 62
23 8 48
8 24 66
24 8 45
8 25 44
25 8 43
8 4 10
4 8 12
8 6 52
6 8 46
8 13 35
13 8 41
8 15 4
15 8 8
8 18 58
18 8 44
8 19 13
19 8 25
8 20 9
20 8 13
9 10 16
10 9 22
9 11 27
11 9 23
9 12 29
12 9 46
9 14 19
14 9 16
9 16 19
16 9 24
9 17 37
17 9 36
9 21 35
21 9 37
9 22 41
22 9 50
9 23 61
23 9 53
9 24 31
24 9 47
9 25 64
25 9 53
9 4 9
4 9 14
9 6 62
6 9 54
9 13 52
13 9 44
9 15 26
15 9 20
9 18 34
18 9 39
9 19 40
19 9 37
9 20 21
20 9 24
10 11 9
11 10 14
10 12 52
12 10 40
10 14 36
14 10 26
10 16 20
16 10 23
10 17 25
17 10 26
10 21 9
21 10 16
10 22 24
22 10 31
10 23 19
23 10 36
10 24 23
24 10 35
10 25 29
25 10 31
10 4 16
4 10 11
10 6 41
6 10 33
10 13 18
13 10 30
10 15 9
15 10 10
10 18 45
18 10 40
10 19 19
19 10 23
10 20 24
20 10 20
11 12 22
12 11 27
11 14 11
14 11 17
11 16 13
16 11 10
11 17 17
17 11 14
11 21 31
21 11 27
11 22 20
22 11 29
11 23 39
23 11 30
11 24 35
24 11 25
11 25 43
25 11 36
11 4 13
4 11 9
11 6 21
6 11 34
11 13 18
13 11 21
11 15 27
15 11 23
11 18 19
18 11 26
11 19 50
19 11 37
11 20 25
20 11 33
12 14 18
14 12 32
12 16 24
16 12 22
12 17 10
17 12 14
12 21 72
21 12 49
12 22 22
22 12 34
12 23 21
23 12 27
12 24 14
24 12 13
12 25 45
25 12 48
12 4 40
4 12 35
12 6 42
6 12 40
12 13 23
13 12 18
12 15 62
15 12 50
12 18 20
18 12 14
12 19 88
19 12 61
12 20 88
20 12 59
14 16 16
16 14 11
14 17 34
17 14 25
14 21 49
21 14 41
14 22 25
22 14 46
14 23 50
23 14 46
14 24 29
24 14 36
14 25 50
25 14 53
14 4 16
4 14 15
14 6 57
6 14 51
14 13 41
13 14 35
14 15 16
15 14 30
14 18 18
18 14 23
14 19 40
19 14 47
14 20 44
20 14 37
16 17 15
17 16 14
16 21 38
21 16 37
16 22 40
22 16 36
16 23 39
23 16 35
16 24 31
24 16 25
16 25 32
25 16 45
16 4 15
4 16 15
16 6 25
6 16 41
16 13 21
13 16 24
16 15 37
15 16 31
16 18 11
18 16 17
16 19 54
19 16 46
16 20 42
20 16 40
17 21 36
21 17 35
17 22 29
22 17 24
17 23 21
23 17 21
17 24 16
24 17 11
17 25 28
25 17 36
17 4 28
4 17 23
17 6 16
6 17 30
17 13 6
13 17 10
17 15 39
15 17 36
17 18 20
18 17 20
17 19 38
19 17 47
17 20 41
20 17 46
21 22 33
22 21 26
21 23 45
23 21 34
21 24 58
24 21 40
21 25 15
25 21 19
21 4 16
4 21 27
21 6 19
6 21 26
21 13 42
13 21 34
21 15 25
15 21 19
21 18 38
18 21 53
21 19 16
19 21 15
21 20 14
20 21 25
22 23 11
23 22 9
22 24 26
24 22 21
22 25 21
25 22 16
22 4 25
4 22 36
22 6 4
6 22 6
22 13 16
13 22 16
22 15 45
15 22 39
22 18 30
18 22 44
22 19 48
19 22 41
22 20 54
20 22 48
23 24 14
24 23 14
23 25 32
25 23 25
23 4 46
4 23 39
23 6 14
6 23 14
23 13 7
13 23 11
23 15 43
15 23 45
23 18 29
18 23 39
23 19 48
19 23 49
23 20 42
20 23 55
24 25 30
25 24 36
24 4 34
4 24 34
24 6 34
6 24 27
24 13 3
13 24 6
24 15 60
15 24 45
24 18 29
18 24 26
24 19 42
19 24 54
24 20 59
20 24 55
25 4 47
4 25 40
25 6 6
6 25 11
25 13 18
13 25 30
25 15 19
15 25 37
25 18 84
18 25 57
25 19 35
19 25 32
25 20 31
20 25 44
4 6 46
6 4 40
4 13 40
13 4 30
4 15 18
15 4 16
4 18 23
18 4 32
4 19 33
19 4 33
4 20 25
20 4 25
6 13 23
13 6 22
6 15 29
15 6 41
6 18 37
18 6 50
6 19 21
19 6 40
6 20 38
20 6 50
13 15 35
15 13 40
13 18 20
18 13 29
13 19 35
19 13 48
13 20 49
20 13 50
15 18 48
18 15 48
15 19 9
19 15 18
15 20 5
20 15 10
18 19 88
19 18 63
18 20 79
20 18 57
19 20 23
20 19 17
