1 9 3 13 650

118 116

26 3 3 37 52

1 17 49 49
2 20 52 64
3 24 20 26
4 16 40 30
7 15 31 62
8 23 52 33
9 20 51 21
11 15 31 32
12 22 5 25
5 24 21 47
6 15 17 63
10 20 42 41

13 12 42
14 36 16
15 52 41
16 27 23
17 17 33
18 13 13
19 57 58
20 62 42
21 42 57
22 16 57
23 8 52
24 7 38
25 27 68

26 1 11
1 26 12
26 2 17
2 26 19
26 3 27
3 26 31
26 4 27
4 26 22
26 7 16
7 26 12
26 8 29
8 26 24
26 9 42
9 26 34
26 11 18
11 26 21
26 12 34
12 26 42
26 5 25
5 26 17
26 6 19
6 26 23
26 10 8
10 26 12
26 13 36
13 26 27
26 14 51
14 26 36
26 15 25
15 26 19
26 16 38
16 26 31
26 17 29
17 26 28
26 18 52
18 26 46
26 19 16
19 26 21
26 20 39
20 26 27
26 21 7
21 26 7
26 22 27
22 26 22
26 23 27
23 26 29
26 24 44
24 26 33
26 25 10
25 26 19
1 2 10
2 1 15
1 3 47
3 1 37
1 4 14
4 1 21
1 7 22
7 1 22
1 8 17
8 1 16
1 9 38
9 1 28
1 11 28
11 1 25
1 12 63
12 1 50
1 5 38
5 1 28
1 6 32
6 1 35
1 10 7
10 1 11
1 13 25
13 1 38
1 14 28
14 1 35
1 15 8
15 1 9
1 16 32
16 1 34
1 17 27
17 1 36
1 18 38
18 1 51
1 19 6
19 1 12
1 20 9
20 1 15
1 21 11
21 1 11
1 22 29
22 1 34
1 23 47
23 1 41
1 24 55
24 1 43
1 25 38
25 1 29
2 3 54
3 2 50
2 4 27
4 2 36
2 7 30
7 2 21
2 8 28
8 2 31
2 9 24
9 2 43
2 11 38
11 2 38
2 12 50
12 2 61
2 5 27
5 2 35
2 6 23
6 2 35
2 10 15
10 2 25
2 13 35
13 2 45
2 14 42
14 2 51
2 15 19
15 2 23
2 16 59
16 2 48
2 17 38
17 2 47
2 18 95
18 2 64
2 19 10
19 2 8
2 20 33
20 2 24
2 21 16
21 2 12
2 22 46
22 2 37
2 23 44
23 2 46
2 24 30
24 2 51
2 25 16
25 2 25
3 4 15
4 3 20
3 7 42
7 3 38
3 8 45
8 3 32
3 9 21
9 3 31
3 11 18
11 3 13
3 12 11
12 3 15
3 5 29
5 3 21
3 6 22
6 3 37
3 10 36
10 3 27
3 13 21
13 3 18
3 14 12
14 3 19
3 15 33
15 3 35
3 16 6
16 3 8
3 17 7
17 3 8
3 18 22
18 3 15
3 19 64
19 3 49
3 20 56
20 3 45
3 21 41
21 3 38
3 22 20
22 3 31
3 23 39
23 3 29
3 24 21
24 3 18
3 25 42
25 3 43
4 7 27
7 4 33
4 8 14
8 4 12
4 9 15
9 4 14
4 11 10
11 4 9
4 12 48
12 4 35
4 5 26
5 4 25
4 6 49
6 4 40
4 10 10
10 4 11
4 13 35
13 4 30
4 14 12
14 4 15
4 15 22
15 4 16
4 16 22
16 4 15
4 17 14
17 4 23
4 18 29
18 4 32
4 19 44
19 4 33
4 20 31
20 4 25
4 21 27
21 4 27
4 22 28
22 4 36
4 23 58
23 4 39
4 24 45
24 4 34
4 25 40
25 4 40
7 8 20
8 7 36
7 9 62
9 7 46
7 11 34
11 7 30
7 12 65
12 7 45
7 5 25
5 7 18
7 6 11
6 7 14
7 10 34
10 7 24
7 13 20
13 7 28
7 14 58
14 7 46
7 15 31
15 7 30
7 16 37
16 7 39
7 17 32
17 7 32
7 18 74
18 7 52
7 19 37
19 7 26
7 20 24
20 7 37
7 21 7
21 7 12
7 22 12
22 7 16
7 23 19
23 7 25
7 24 37
24 7 34
7 25 8
25 7 7
8 9 11
9 8 12
8 11 15
11 8 21
8 12 59
12 8 48
8 5 33
5 8 34
8 6 50
6 8 46
8 10 19
10 8 13
8 13 56
13 8 41
8 14 18
14 8 23
8 15 6
15 8 8
8 16 31
16 8 27
8 17 51
17 8 35
8 18 39
18 8 44
8 19 20
19 8 25
8 20 16
20 8 13
8 21 20
21 8 26
8 22 46
22 8 43
8 23 40
23 8 48
8 24 28
24 8 45
8 25 59
25 8 43
9 11 24
11 9 23
9 12 38
12 9 46
9 5 58
5 9 40
9 6 74
6 9 54
9 10 32
10 9 22
9 13 33
13 9 44
9 14 13
14 9 16
9 15 16
15 9 20
9 16 13
16 9 24
9 17 39
17 9 36
9 18 31
18 9 39
9 19 50
19 9 37
9 20 35
20 9 24
9 21 40
21 9 37
9 22 41
22 9 50
9 23 36
23 9 53
9 24 60
24 9 47
9 25 48
25 9 53
11 12 35
12 11 27
11 5 23
5 11 18
11 6 46
6 11 34
11 10 20
10 11 14
11 13 11
13 11 21
11 14 14
14 11 17
11 15 24
15 11 23
11 16 14
16 11 10
11 17 12
17 11 14
11 18 32
18 11 26
11 19 38
19 11 37
11 20 41
20 11 33
11 21 14
21 11 27
11 22 40
22 11 29
11 23 20
23 11 30
11 24 24
24 11 25
11 25 28
25 11 36
12 5 22
5 12 27
12 6 47
6 12 40
12 10 58
10 12 40
12 13 23
13 12 18
12 14 29
14 12 32
12 15 39
15 12 50
12 16 19
16 12 22
12 17 19
17 12 14
12 18 10
18 12 14
12 19 76
19 12 61
12 20 55
20 12 59
12 21 60
21 12 49
12 22 46
22 12 34
12 23 34
23 12 27
12 24 15
24 12 13
12 25 53
25 12 48
5 6 10
6 5 16
5 10 24
10 5 22
5 13 8
13 5 10
5 14 24
14 5 34
5 15 21
15 5 32
5 16 16
16 5 25
5 17 8
17 5 15
5 18 28
18 5 35
5 19 37
19 5 38
5 20 23
20 5 41
5 21 12
21 5 23
5 22 9
22 5 11
5 23 20
23 5 14
5 24 22
24 5 16
5 25 26
25 5 22
6 10 27
10 6 33
6 13 31
13 6 22
6 14 69
14 6 51
6 15 38
15 6 41
6 16 51
16 6 41
6 17 44
17 6 30
6 18 51
18 6 50
6 19 38
19 6 40
6 20 46
20 6 50
6 21 37
21 6 26
6 22 4
22 6 6
6 23 17
23 6 14
6 24 19
24 6 27
6 25 12
25 6 11
10 13 25
13 10 30
10 14 27
14 10 26
10 15 5
15 10 10
10 16 20
16 10 23
10 17 18
17 10 26
10 18 24
18 10 40
10 19 28
19 10 23
10 20 15
20 10 20
10 21 17
21 10 16
10 22 37
22 10 31
10 23 31
23 10 36
10 24 31
24 10 35
10 25 36
25 10 31
13 14 36
14 13 35
13 15 37
15 13 40
13 16 31
16 13 24
13 17 9
17 13 10
13 18 40
18 13 29
13 19 62
19 13 48
13 20 36
20 13 50
13 21 36
21 13 34
13 22 9
22 13 16
13 23 8
23 13 11
13 24 5
24 13 6
13 25 35
25 13 30
14 15 17
15 14 30
14 16 7
16 14 11
14 17 21
17 14 25
14 18 28
18 14 23
14 19 33
19 14 47
14 20 29
20 14 37
14 21 28
21 14 41
14 22 60
22 14 46
14 23 60
23 14 46
14 24 35
24 14 36
14 25 59
25 14 53
15 16 30
16 15 31
15 17 51
17 15 36
15 18 37
18 15 48
15 19 16
19 15 18
15 20 10
20 15 10
15 21 21
21 15 19
15 22 45
22 15 39
15 23 59
23 15 45
15 24 29
24 15 45
15 25 35
25 15 37
16 17 14
17 16 14
16 18 10
18 16 17
16 19 39
19 16 46
16 20 37
20 16 40
16 21 45
21 16 37
16 22 47
22 16 36
16 23 46
23 16 35
16 24 17
24 16 25
16 25 57
25 16 45
17 18 26
18 17 20
17 19 45
19 17 47
17 20 65
20 17 46
17 21 22
21 17 35
17 22 13
22 17 24
17 23 31
23 17 21
17 24 6
24 17 11
17 25 29
25 17 36
18 19 82
19 18 63
18 20 30
20 18 57
18 21 77
21 18 53
18 22 60
22 18 44
18 23 24
23 18 39
18 24 22
24 18 26
18 25 58
25 18 57
19 20 20
20 19 17
19 21 18
21 19 15
19 22 50
22 19 41
19 23 58
23 19 49
19 24 70
24 19 54
19 25 21
25 19 32
20 21 19
21 20 25
20 22 24
22 20 48
20 23 60
23 20 55
20 24 69
24 20 55
20 25 47
25 20 44
21 22 30
22 21 26
21 23 35
23 21 34
21 24 31
24 21 40
21 25 28
25 21 19
22 23 11
23 22 9
22 24 20
24 22 21
22 25 16
25 22 16
23 24 14
24 23 14
23 25 31
25 23 25
24 25 27
25 24 36
