1 37 38 0 5700

282 286

1 3 15 22 22

2 6 36 26
3 7 21 45
4 9 45 35
8 8 55 45
9 7 26 59
11 9 55 65
18 8 9 56
19 9 62 48
20 6 66 14
21 7 44 13
23 8 11 28
24 8 7 43
26 8 41 46
27 6 55 34
29 6 52 26
33 6 26 29
39 9 30 60
40 9 30 50
42 9 15 14
43 9 16 19
44 8 21 48
45 9 50 30
50 9 15 56
51 7 29 39
53 9 55 57
54 6 67 41
57 7 65 27
58 7 40 60
59 9 70 64
60 6 64 4
62 6 30 20
65 6 50 70
67 9 45 42
68 9 38 33
69 9 50 4
74 9 40 20
76 8 40 40
5 9 55 20
6 6 33 34
7 8 50 50
10 7 40 66
12 7 35 51
13 7 62 35
14 8 62 57
15 6 62 24
16 9 21 36
17 7 33 44
22 8 26 13
25 9 17 64
28 9 35 16
30 7 43 26
31 8 31 76
32 6 22 53
34 6 50 40
35 9 55 50
36 7 54 10
37 9 60 15
38 9 47 66
41 8 12 17
46 7 51 42
47 9 50 15
48 7 48 21
49 6 12 38
52 6 54 38
55 8 10 70
56 9 6 25
61 7 36 6
63 8 20 30
64 6 15 5
66 8 57 72
70 7 66 8
71 6 59 5
72 6 35 60
73 7 27 24
75 9 40 37


1 2 19
2 1 15
1 3 21
3 1 23
1 4 20
4 1 26
1 8 58
8 1 40
1 9 45
9 1 37
1 11 62
11 1 54
1 18 43
18 1 36
1 19 68
19 1 47
1 20 48
20 1 45
1 21 15
21 1 24
1 23 15
23 1 13
1 24 15
24 1 26
1 26 37
26 1 30
1 27 44
27 1 35
1 29 23
29 1 30
1 33 11
33 1 8
1 39 49
39 1 39
1 40 28
40 1 29
1 42 10
42 1 11
1 43 8
43 1 7
1 44 38
44 1 26
1 45 17
45 1 29
1 50 51
50 1 35
1 51 12
51 1 18
1 53 53
53 1 48
1 54 35
54 1 48
1 57 47
57 1 43
1 58 24
58 1 42
1 59 61
59 1 63
1 60 57
60 1 45
1 62 8
62 1 8
1 65 53
65 1 55
1 67 33
67 1 30
1 68 25
68 1 19
1 69 42
69 1 33
1 74 23
74 1 18
1 76 28
76 1 25
1 5 33
5 1 33
1 6 22
6 1 16
1 7 38
7 1 39
1 10 69
10 1 48
1 12 36
12 1 32
1 13 45
13 1 42
1 14 64
14 1 53
1 15 31
15 1 40
1 16 11
16 1 14
1 17 14
17 1 25
1 22 12
22 1 10
1 25 53
25 1 42
1 28 18
28 1 14
1 30 14
30 1 21
1 31 47
31 1 55
1 32 28
32 1 31
1 34 35
34 1 33
1 35 47
35 1 43
1 36 40
36 1 34
1 37 34
37 1 39
1 38 74
38 1 51
1 41 9
41 1 11
1 46 40
46 1 35
1 47 18
47 1 29
1 48 22
48 1 26
1 49 21
49 1 19
1 52 48
52 1 35
1 55 38
55 1 49
1 56 14
56 1 16
1 61 26
61 1 21
1 63 10
63 1 8
1 64 12
64 1 18
1 66 43
66 1 61
1 70 24
70 1 46
1 71 53
71 1 40
1 72 45
72 1 40
1 73 7
73 1 5
1 75 14
75 1 23
2 3 26
3 2 24
2 4 18
4 2 13
2 8 38
8 2 27
2 9 33
9 2 34
2 11 36
11 2 43
2 18 30
18 2 40
2 19 33
19 2 34
2 20 28
20 2 32
2 21 18
21 2 15
2 23 15
23 2 25
2 24 40
24 2 34
2 26 19
26 2 21
2 27 29
27 2 21
2 29 12
29 2 16
2 33 13
33 2 10
2 39 36
39 2 34
2 40 16
40 2 25
2 42 30
42 2 24
2 43 23
43 2 21
2 44 24
44 2 27
2 45 16
45 2 15
2 50 25
50 2 37
2 51 10
51 2 15
2 53 36
53 2 36
2 54 50
54 2 34
2 57 27
57 2 29
2 58 48
58 2 34
2 59 73
59 2 51
2 60 49
60 2 36
2 62 10
62 2 8
2 65 37
65 2 46
2 67 21
67 2 18
2 68 6
68 2 7
2 69 36
69 2 26
2 74 10
74 2 7
2 76 10
76 2 14
2 5 24
5 2 20
2 6 10
6 2 9
2 7 32
7 2 28
2 10 40
10 2 40
2 12 36
12 2 25
2 13 31
13 2 28
2 14 29
14 2 40
2 15 23
15 2 26
2 16 25
16 2 18
2 17 17
17 2 18
2 22 22
22 2 16
2 25 41
25 2 42
2 28 10
28 2 10
2 30 8
30 2 7
2 31 27
31 2 50
2 32 17
32 2 30
2 34 18
34 2 20
2 35 28
35 2 31
2 36 23
36 2 24
2 37 34
37 2 26
2 38 44
38 2 41
2 41 28
41 2 26
2 46 15
46 2 22
2 47 22
47 2 18
2 48 15
48 2 13
2 49 15
49 2 27
2 52 26
52 2 22
2 55 76
55 2 51
2 56 18
56 2 30
2 61 11
61 2 20
2 63 17
63 2 16
2 64 16
64 2 29
2 66 27
66 2 50
2 70 50
70 2 35
2 71 41
71 2 31
2 72 40
72 2 34
2 73 9
73 2 9
2 75 6
75 2 11
3 4 20
4 3 26
3 8 35
8 3 34
3 9 21
9 3 15
3 11 34
11 3 39
3 18 18
18 3 16
3 19 41
19 3 41
3 20 33
20 3 55
3 21 54
21 3 39
3 23 29
23 3 20
3 24 18
24 3 14
3 26 17
26 3 20
3 27 31
27 3 36
3 29 48
29 3 36
3 33 15
33 3 17
3 39 25
39 3 17
3 40 11
40 3 10
3 42 24
42 3 32
3 43 14
43 3 26
3 44 2
44 3 3
3 45 49
45 3 33
3 50 8
50 3 13
3 51 8
51 3 10
3 53 27
53 3 36
3 54 61
54 3 46
3 57 32
57 3 48
3 58 29
58 3 24
3 59 59
59 3 52
3 60 76
60 3 59
3 62 36
62 3 27
3 65 35
65 3 38
3 67 13
67 3 24
3 68 23
68 3 21
3 69 48
69 3 50
3 74 32
74 3 31
3 76 22
76 3 20
3 5 54
5 3 42
3 6 18
6 3 16
3 7 33
7 3 29
3 10 40
10 3 28
3 12 12
12 3 15
3 13 47
13 3 42
3 14 61
14 3 43
3 15 41
15 3 46
3 16 10
16 3 9
3 17 11
17 3 12
3 22 18
22 3 32
3 25 27
25 3 19
3 28 36
28 3 32
3 30 16
30 3 29
3 31 46
31 3 33
3 32 10
32 3 8
3 34 40
34 3 29
3 35 46
35 3 34
3 36 32
36 3 48
3 37 40
37 3 49
3 38 25
38 3 33
3 41 32
41 3 29
3 46 32
46 3 30
3 47 47
47 3 41
3 48 25
48 3 36
3 49 10
49 3 11
3 52 33
52 3 33
3 55 23
55 3 27
3 56 13
56 3 25
3 61 29
61 3 42
3 63 10
63 3 15
3 64 44
64 3 40
3 66 40
66 3 45
3 70 54
70 3 58
3 71 41
71 3 54
3 72 15
72 3 21
3 73 32
73 3 22
3 75 28
75 3 21
4 8 12
8 4 14
4 9 32
9 4 31
4 11 23
11 4 32
4 18 26
18 4 42
4 19 22
19 4 21
4 20 23
20 4 30
4 21 24
21 4 22
4 23 41
23 4 35
4 24 42
24 4 39
4 26 16
26 4 12
4 27 14
27 4 10
4 29 12
29 4 11
4 33 10
33 4 20
4 39 35
39 4 29
4 40 30
40 4 21
4 42 49
42 4 37
4 43 48
43 4 33
4 44 23
44 4 27
4 45 4
45 4 7
4 50 21
50 4 37
4 51 17
51 4 16
4 53 21
53 4 24
4 54 30
54 4 22
4 57 24
57 4 22
4 58 15
58 4 25
4 59 28
59 4 38
4 60 47
60 4 36
4 62 21
62 4 21
4 65 22
65 4 35
4 67 4
67 4 7
4 68 8
68 4 7
4 69 42
69 4 31
4 74 19
74 4 16
4 76 10
76 4 7
4 5 9
5 4 18
4 6 14
6 4 12
4 7 20
7 4 16
4 10 16
10 4 31
4 12 16
12 4 19
4 13 12
13 4 17
4 14 35
14 4 28
4 15 27
15 4 20
4 16 30
16 4 24
4 17 16
17 4 15
4 22 29
22 4 29
4 25 57
25 4 40
4 28 19
28 4 21
4 30 6
30 4 9
4 31 34
31 4 43
4 32 16
32 4 29
4 34 5
34 4 7
4 35 16
35 4 18
4 36 24
36 4 27
4 37 35
37 4 25
4 38 22
38 4 31
4 41 55
41 4 38
4 46 11
46 4 9
4 47 11
47 4 21
4 48 14
48 4 14
4 49 27
49 4 33
4 52 13
52 4 9
4 55 46
55 4 49
4 56 57
56 4 40
4 61 20
61 4 30
4 63 36
63 4 25
4 64 58
64 4 42
4 66 27
66 4 39
4 70 43
70 4 34
4 71 25
71 4 33
4 72 34
72 4 27
4 73 29
73 4 21
4 75 5
75 4 5
8 9 20
9 8 32
8 11 17
11 8 20
8 18 42
18 8 47
8 19 7
19 8 8
8 20 39
20 8 33
8 21 30
21 8 34
8 23 43
23 8 47
8 24 61
24 8 48
8 26 18
26 8 14
8 27 15
27 8 11
8 29 21
29 8 19
8 33 42
33 8 33
8 39 27
39 8 29
8 40 17
40 8 25
8 42 30
42 8 51
8 43 63
43 8 47
8 44 31
44 8 34
8 45 8
45 8 16
8 50 54
50 8 41
8 51 19
51 8 27
8 53 7
53 8 12
8 54 11
54 8 13
8 57 28
57 8 21
8 58 28
58 8 21
8 59 12
59 8 24
8 60 51
60 8 42
8 62 34
62 8 35
8 65 28
65 8 25
8 67 10
67 8 10
8 68 19
68 8 21
8 69 54
69 8 41
8 74 26
74 8 29
8 76 22
76 8 15
8 5 28
5 8 25
8 6 23
6 8 25
8 7 6
7 8 7
8 10 29
10 8 26
8 12 23
12 8 21
8 13 9
13 8 12
8 14 15
14 8 14
8 15 16
15 8 22
8 16 45
16 8 35
8 17 19
17 8 22
8 22 59
22 8 43
8 25 24
25 8 42
8 28 50
28 8 35
8 30 26
30 8 22
8 31 36
31 8 39
8 32 24
32 8 34
8 34 9
34 8 7
8 35 6
35 8 5
8 36 39
36 8 35
8 37 40
37 8 30
8 38 18
38 8 22
8 41 44
41 8 51
8 46 5
46 8 5
8 47 15
47 8 30
8 48 15
48 8 25
8 49 65
49 8 44
8 52 4
52 8 7
8 55 40
55 8 51
8 56 36
56 8 53
8 61 44
61 8 43
8 63 25
63 8 38
8 64 78
64 8 56
8 66 17
66 8 27
8 70 23
70 8 38
8 71 39
71 8 40
8 72 29
72 8 25
8 73 21
73 8 35
8 75 11
75 8 17
9 11 40
11 9 30
9 18 23
18 9 17
9 19 27
19 9 38
9 20 54
20 9 60
9 21 56
21 9 49
9 23 48
23 9 34
9 24 33
24 9 25
9 26 16
26 9 20
9 27 40
27 9 38
9 29 56
29 9 42
9 33 44
33 9 30
9 39 3
39 9 4
9 40 10
40 9 10
9 42 51
42 9 46
9 43 28
43 9 41
9 44 6
44 9 12
9 45 39
45 9 38
9 50 9
50 9 11
9 51 11
51 9 20
9 53 25
53 9 29
9 54 58
54 9 45
9 57 40
57 9 50
9 58 7
58 9 14
9 59 25
59 9 44
9 60 96
60 9 67
9 62 43
62 9 39
9 65 18
65 9 26
9 67 26
67 9 25
9 68 43
68 9 29
9 69 71
69 9 60
9 74 45
74 9 41
9 76 22
76 9 24
9 5 36
5 9 49
9 6 19
6 9 26
9 7 33
7 9 26
9 10 16
10 9 16
9 12 17
12 9 12
9 13 28
13 9 43
9 14 43
14 9 36
9 15 49
15 9 50
9 16 15
16 9 24
9 17 17
17 9 17
9 22 45
22 9 46
9 25 13
25 9 10
9 28 45
28 9 44
9 30 24
30 9 37
9 31 22
31 9 18
9 32 10
32 9 7
9 34 31
34 9 31
9 35 20
35 9 30
9 36 42
36 9 56
9 37 80
37 9 56
9 38 21
38 9 22
9 41 59
41 9 44
9 46 19
46 9 30
9 47 51
47 9 50
9 48 37
48 9 44
9 49 28
49 9 25
9 52 19
52 9 35
9 55 25
55 9 19
9 56 47
56 9 39
9 61 41
61 9 54
9 63 37
63 9 30
9 64 33
64 9 55
9 66 31
66 9 33
9 70 33
70 9 65
9 71 35
71 9 63
9 72 12
72 9 9
9 73 45
73 9 35
9 75 38
75 9 26
11 18 55
18 11 47
11 19 13
19 11 18
11 20 55
20 11 52
11 21 59
21 11 53
11 23 55
23 11 57
11 24 69
24 11 53
11 26 17
26 11 24
11 27 31
27 11 31
11 29 48
29 11 39
11 33 43
33 11 46
11 39 13
39 11 25
11 40 27
40 11 29
11 42 41
42 11 65
11 43 33
43 11 60
11 44 25
44 11 38
11 45 52
45 11 35
11 50 32
50 11 41
11 51 20
51 11 36
11 53 6
53 11 8
11 54 38
54 11 27
11 57 37
57 11 39
11 58 8
58 11 16
11 59 9
59 11 15
11 60 90
60 11 62
11 62 61
62 11 51
11 65 6
65 11 7
11 67 36
67 11 25
11 68 32
68 11 36
11 69 36
69 11 61
11 74 42
74 11 47
11 76 24
76 11 29
11 5 67
5 11 45
11 6 52
6 11 38
11 7 17
7 11 16
11 10 21
10 11 15
11 12 15
12 11 24
11 13 36
13 11 31
11 14 9
14 11 11
11 15 39
15 11 42
11 16 40
16 11 45
11 17 17
17 11 30
11 22 35
22 11 60
11 25 31
25 11 38
11 28 33
28 11 53
11 30 60
30 11 41
11 31 32
31 11 26
11 32 48
32 11 35
11 34 36
34 11 25
11 35 15
35 11 15
11 36 64
36 11 55
11 37 38
37 11 50
11 38 9
38 11 8
11 41 91
41 11 64
11 46 17
46 11 23
11 47 53
47 11 50
11 48 33
48 11 44
11 49 49
49 11 50
11 52 34
52 11 27
11 55 31
55 11 45
11 56 70
56 11 63
11 61 35
61 11 62
11 63 59
63 11 49
11 64 105
64 11 72
11 66 7
66 11 7
11 70 53
70 11 58
11 71 57
71 11 60
11 72 20
72 11 21
11 73 46
73 11 50
11 75 42
75 11 32
18 19 37
19 18 54
18 20 89
20 18 71
18 21 44
21 18 55
18 23 38
23 18 28
18 24 9
24 18 13
18 26 50
26 18 34
18 27 61
27 18 51
18 29 40
29 18 52
18 33 20
33 18 32
18 39 17
39 18 21
18 40 32
40 18 22
18 42 39
42 18 42
18 43 27
43 18 38
18 44 8
44 18 14
18 45 33
45 18 48
18 50 7
50 18 6
18 51 25
51 18 26
18 53 59
53 18 46
18 54 80
54 18 60
18 57 40
57 18 63
18 58 16
58 18 31
18 59 38
59 18 61
18 60 104
60 18 75
18 62 28
62 18 42
18 65 35
65 18 43
18 67 41
67 18 38
18 68 21
68 18 37
18 69 90
69 18 66
18 74 70
74 18 48
18 76 41
76 18 35
18 5 56
5 18 58
18 6 24
6 18 33
18 7 21
7 18 41
18 10 31
10 18 33
18 12 15
12 18 26
18 13 70
13 18 57
18 14 74
14 18 53
18 15 61
15 18 62
18 16 16
16 18 23
18 17 38
17 18 27
18 22 33
22 18 46
18 25 10
25 18 11
18 28 34
28 18 48
18 30 33
30 18 45
18 31 19
31 18 29
18 32 9
32 18 13
18 34 24
34 18 44
18 35 45
35 18 46
18 36 32
36 18 64
18 37 62
37 18 65
18 38 54
38 18 39
18 41 48
41 18 39
18 46 58
46 18 44
18 47 77
47 18 58
18 48 57
48 18 52
18 49 14
49 18 18
18 52 54
52 18 48
18 55 13
55 18 14
18 56 31
56 18 31
18 61 60
61 18 57
18 63 25
63 18 28
18 64 72
64 18 51
18 66 40
66 18 50
18 70 99
70 18 74
18 71 89
71 18 71
18 72 18
72 18 26
18 73 46
73 18 37
18 75 39
75 18 36
19 20 41
20 19 34
19 21 56
21 19 39
19 23 73
23 19 55
19 24 75
24 19 55
19 26 15
26 19 21
19 27 17
27 19 16
19 29 30
29 19 24
19 33 42
33 19 41
19 39 44
39 19 34
19 40 41
40 19 32
19 42 68
42 19 58
19 43 71
43 19 54
19 44 45
44 19 41
19 45 20
45 19 22
19 50 58
50 19 47
19 51 41
51 19 34
19 53 15
53 19 11
19 54 6
54 19 9
19 57 23
57 19 21
19 58 37
58 19 25
19 59 16
59 19 18
19 60 27
60 19 44
19 62 40
62 19 42
19 65 18
65 19 25
19 67 25
67 19 18
19 68 33
68 19 28
19 69 47
69 19 46
19 74 27
74 19 36
19 76 20
76 19 23
19 5 19
5 19 29
19 6 21
6 19 32
19 7 14
7 19 12
19 10 16
10 19 28
19 12 38
12 19 27
19 13 8
13 19 13
19 14 8
14 19 9
19 15 34
15 19 24
19 16 33
16 19 43
19 17 24
17 19 29
19 22 49
22 19 50
19 25 46
25 19 48
19 28 29
28 19 42
19 30 27
30 19 29
19 31 61
31 19 42
19 32 37
32 19 40
19 34 20
34 19 14
19 35 4
35 19 7
19 36 22
36 19 39
19 37 23
37 19 33
19 38 23
38 19 23
19 41 59
41 19 58
19 46 19
46 19 13
19 47 31
47 19 35
19 48 33
48 19 30
19 49 55
49 19 51
19 52 11
52 19 13
19 55 35
55 19 56
19 56 35
56 19 60
19 61 57
61 19 49
19 63 28
63 19 46
19 64 84
64 19 63
19 66 19
66 19 25
19 70 27
70 19 40
19 71 30
71 19 43
19 72 27
72 19 29
19 73 44
73 19 42
19 75 15
75 19 24
20 21 29
21 20 22
20 23 72
23 20 57
20 24 73
24 20 66
20 26 36
26 20 41
20 27 12
27 20 23
20 29 12
29 20 18
20 33 55
33 20 43
20 39 46
39 20 58
20 40 35
40 20 51
20 42 41
42 20 51
20 43 53
43 20 50
20 44 54
44 20 56
20 45 16
45 20 22
20 50 58
50 20 66
20 51 34
51 20 44
20 53 26
53 20 44
20 54 39
54 20 27
20 57 8
57 20 13
20 58 56
58 20 53
20 59 53
59 20 50
20 60 5
60 20 10
20 62 50
62 20 36
20 65 64
65 20 58
20 67 43
67 20 35
20 68 50
68 20 34
20 69 24
69 20 19
20 74 34
74 20 27
20 76 43
76 20 36
20 5 10
5 20 13
20 6 50
6 20 39
20 7 32
7 20 39
20 10 31
10 20 58
20 12 53
12 20 48
20 13 18
13 20 21
20 14 24
14 20 43
20 15 14
15 20 11
20 16 57
16 20 50
20 17 29
17 20 45
20 22 50
22 20 40
20 25 86
25 20 70
20 28 37
28 20 31
20 30 30
30 20 26
20 31 80
31 20 71
20 32 35
32 20 58
20 34 36
34 20 31
20 35 27
35 20 38
20 36 15
36 20 13
20 37 3
37 20 6
20 38 45
38 20 55
20 41 75
41 20 54
20 46 26
46 20 32
20 47 23
47 20 16
20 48 12
48 20 19
20 49 49
49 20 59
20 52 34
52 20 27
20 55 42
55 20 79
20 56 56
56 20 61
20 61 16
61 20 31
20 63 24
63 20 48
20 64 31
64 20 52
20 66 70
66 20 59
20 70 7
70 20 6
20 71 7
71 20 11
20 72 55
72 20 55
20 73 52
73 20 40
20 75 49
75 20 34
21 23 38
23 21 36
21 24 55
24 21 48
21 26 48
26 21 33
21 27 12
27 21 24
21 29 16
29 21 15
21 33 19
33 21 24
21 39 67
39 21 49
21 40 32
40 21 40
21 42 26
42 21 29
21 43 16
43 21 28
21 44 50
44 21 42
21 45 9
45 21 18
21 50 35
50 21 52
21 51 35
51 21 30
21 53 39
53 21 45
21 54 46
54 21 36
21 57 37
57 21 25
21 58 47
58 21 47
21 59 54
59 21 57
21 60 15
60 21 22
21 62 8
62 21 15
21 65 45
65 21 57
21 67 16
67 21 29
21 68 30
68 21 21
21 69 10
69 21 11
21 74 6
74 21 8
21 76 19
76 21 27
21 5 12
5 21 13
21 6 13
6 21 24
21 7 48
7 21 37
21 10 73
10 21 53
21 12 37
12 21 39
21 13 40
13 21 28
21 14 42
14 21 48
21 15 23
15 21 21
21 16 38
16 21 33
21 17 35
17 21 33
21 22 22
22 21 18
21 25 68
25 21 58
21 28 12
28 21 9
21 30 7
30 21 13
21 31 58
31 21 64
21 32 44
32 21 46
21 34 38
34 21 28
21 35 22
35 21 39
21 36 11
36 21 10
21 37 20
37 21 16
21 38 52
38 21 53
21 41 30
41 21 32
21 46 25
46 21 30
21 47 5
47 21 6
21 48 8
48 21 9
21 49 35
49 21 41
21 52 37
52 21 27
21 55 79
55 21 66
21 56 22
56 21 39
21 61 16
61 21 11
21 63 34
63 21 29
21 64 33
64 21 30
21 66 71
66 21 60
21 70 25
70 21 22
21 71 13
71 21 17
21 72 67
72 21 48
21 73 27
73 21 20
21 75 27
75 21 24
23 24 9
24 23 16
23 26 36
26 23 35
23 27 55
27 23 44
23 29 38
29 23 41
23 33 11
33 23 15
23 39 49
39 23 37
23 40 16
40 23 29
23 42 21
42 23 15
23 43 6
43 23 10
23 44 23
44 23 22
23 45 55
45 23 39
23 50 30
50 23 28
23 51 25
51 23 21
23 53 28
53 23 53
23 54 32
54 23 57
23 57 52
57 23 54
23 58 41
58 23 43
23 59 87
59 23 69
23 60 66
60 23 58
23 62 29
62 23 21
23 65 37
65 23 57
23 67 34
67 23 37
23 68 15
68 23 27
23 69 68
69 23 46
23 74 15
74 23 30
23 76 43
76 23 31
23 5 61
5 23 45
23 6 32
6 23 23
23 7 26
7 23 45
23 10 27
10 23 48
23 12 20
12 23 33
23 13 64
13 23 51
23 14 59
14 23 59
23 15 44
15 23 51
23 16 17
16 23 13
23 17 21
17 23 27
23 22 24
22 23 21
23 25 28
25 23 36
23 28 18
28 23 27
23 30 47
30 23 32
23 31 75
31 23 52
23 32 17
32 23 27
23 34 48
34 23 41
23 35 27
35 23 49
23 36 69
36 23 47
23 37 74
37 23 51
23 38 28
38 23 52
23 41 7
41 23 11
23 46 25
46 23 42
23 47 41
47 23 41
23 48 55
48 23 38
23 49 6
49 23 10
23 52 64
52 23 44
23 55 22
55 23 42
23 56 7
56 23 6
23 61 21
61 23 33
23 63 7
63 23 9
23 64 20
64 23 23
23 66 46
66 23 64
23 70 37
70 23 58
23 71 47
71 23 53
23 72 54
72 23 40
23 73 18
73 23 16
23 75 38
75 23 30
24 26 44
26 24 34
24 27 68
27 24 49
24 29 30
29 24 48
24 33 30
33 24 24
24 39 36
39 24 29
24 40 35
40 24 24
24 42 31
42 24 30
24 43 36
43 24 26
24 44 16
44 24 15
24 45 43
45 24 45
24 50 19
50 24 15
24 51 26
51 24 22
24 53 68
53 24 50
24 54 62
54 24 60
24 57 51
57 24 60
24 58 27
58 24 37
24 59 96
59 24 66
24 60 77
60 24 69
24 62 36
62 24 32
24 65 37
65 24 51
24 67 42
67 24 38
24 68 39
68 24 33
24 69 67
69 24 58
24 74 48
74 24 40
24 76 29
76 24 33
24 5 31
5 24 53
24 6 38
6 24 28
24 7 63
7 24 44
24 10 49
10 24 40
24 12 36
12 24 29
24 13 29
13 24 56
24 14 68
14 24 57
24 15 33
15 24 58
24 16 16
16 24 16
24 17 25
17 24 26
24 22 25
22 24 36
24 25 31
25 24 23
24 28 38
28 24 39
24 30 51
30 24 40
24 31 48
31 24 41
24 32 21
32 24 18
24 34 63
34 24 43
24 35 33
35 24 49
24 36 73
36 24 57
24 37 70
37 24 60
24 38 37
38 24 46
24 41 15
41 24 26
24 46 38
46 24 44
24 47 72
47 24 51
24 48 33
48 24 47
24 49 4
49 24 7
24 52 37
52 24 47
24 55 14
55 24 27
24 56 11
56 24 18
24 61 29
61 24 47
24 63 20
63 24 18
24 64 50
64 24 38
24 66 72
66 24 58
24 70 73
70 24 68
24 71 45
71 24 64
24 72 47
72 24 33
24 73 31
73 24 27
24 75 45
75 24 33
26 27 9
27 26 18
26 29 13
29 26 23
26 33 20
33 26 23
26 39 21
39 26 18
26 40 14
40 26 12
26 42 23
42 26 41
26 43 41
43 26 37
26 44 21
44 26 20
26 45 25
45 26 18
26 50 14
50 26 28
26 51 19
51 26 14
26 53 22
53 26 18
26 54 28
54 26 26
26 57 34
57 26 30
26 58 13
58 26 14
26 59 38
59 26 34
26 60 64
60 26 48
26 62 18
62 26 28
26 65 34
65 26 26
26 67 6
67 26 6
26 68 7
68 26 13
26 69 34
69 26 43
26 74 14
74 26 26
26 76 4
76 26 6
26 5 40
5 26 30
26 6 17
6 26 14
26 7 12
7 26 10
26 10 18
10 26 20
26 12 8
12 26 8
26 13 22
13 26 24
26 14 24
14 26 24
26 15 29
15 26 30
26 16 12
16 26 22
26 17 11
17 26 8
26 22 18
22 26 36
26 25 20
25 26 30
26 28 34
28 26 31
26 30 11
30 26 20
26 31 43
31 26 32
26 32 15
32 26 20
26 34 7
34 26 11
26 35 18
35 26 15
26 36 20
36 26 38
26 37 39
37 26 36
26 38 16
38 26 21
26 41 45
41 26 41
26 46 7
46 26 11
26 47 34
47 26 32
26 48 20
48 26 26
26 49 34
49 26 30
26 52 16
52 26 15
26 55 42
55 26 39
26 56 57
56 26 41
26 61 41
61 26 40
26 63 25
63 26 26
26 64 48
64 26 49
26 66 38
66 26 31
26 70 41
70 26 45
26 71 58
71 26 45
26 72 11
72 26 15
26 73 32
73 26 26
26 75 11
75 26 9
27 29 13
29 27 9
27 33 27
33 27 29
27 39 28
39 27 36
27 40 41
40 27 30
27 42 49
42 27 44
27 43 56
43 27 42
27 44 47
44 27 37
27 45 6
45 27 6
27 50 34
50 27 46
27 51 20
51 27 26
27 53 24
53 27 23
27 54 20
54 27 14
27 57 8
57 27 12
27 58 42
58 27 30
27 59 48
59 27 34
27 60 24
60 27 31
27 62 19
62 27 28
27 65 32
65 27 36
27 67 10
67 27 13
27 68 18
68 27 17
27 69 44
69 27 30
27 74 21
74 27 20
27 76 14
76 27 16
27 5 10
5 27 14
27 6 27
6 27 22
27 7 20
7 27 17
27 10 46
10 27 35
27 12 32
12 27 26
27 13 5
13 27 7
27 14 29
14 27 24
27 15 7
15 27 12
27 16 34
16 27 34
27 17 33
17 27 24
27 22 35
22 27 36
27 25 69
25 27 48
27 28 21
28 27 27
27 30 18
30 27 14
27 31 60
31 27 48
27 32 44
32 27 38
27 34 5
34 27 8
27 35 23
35 27 16
27 36 12
36 27 24
27 37 12
37 27 20
27 38 40
38 27 33
27 41 29
41 27 46
27 46 6
46 27 9
27 47 14
47 27 20
27 48 18
48 27 15
27 49 31
49 27 43
27 52 4
52 27 4
27 55 64
55 27 58
27 56 49
56 27 49
27 61 40
61 27 34
27 63 28
63 27 35
27 64 42
64 27 49
27 66 35
66 27 38
27 70 37
70 27 28
27 71 34
71 27 29
27 72 42
72 27 33
27 73 22
73 27 30
27 75 8
75 27 15
29 33 36
33 29 26
29 39 34
39 29 40
29 40 20
40 29 33
29 42 53
42 29 39
29 43 22
43 29 37
29 44 34
44 29 38
29 45 2
45 29 4
29 50 63
50 29 48
29 51 36
51 29 26
29 53 23
53 29 31
29 54 22
54 29 21
29 57 16
57 29 13
29 58 27
58 29 36
29 59 39
59 29 42
29 60 23
60 29 25
29 62 19
62 29 23
29 65 46
65 29 44
29 67 9
67 29 17
29 68 8
68 29 16
29 69 18
69 29 22
29 74 8
74 29 13
29 76 12
76 29 18
29 5 5
5 29 7
29 6 25
6 29 21
29 7 33
7 29 24
29 10 53
10 29 42
29 12 28
12 29 30
29 13 14
13 29 13
29 14 48
14 29 33
29 15 11
15 29 10
29 16 29
16 29 33
29 17 33
17 29 26
29 22 15
22 29 29
29 25 57
25 29 52
29 28 23
28 29 20
29 30 13
30 29 9
29 31 69
31 29 54
29 32 59
32 29 40
29 34 12
34 29 14
29 35 27
35 29 24
29 36 11
36 29 16
29 37 7
37 29 14
29 38 42
38 29 40
29 41 48
41 29 41
29 46 11
46 29 16
29 47 16
47 29 11
29 48 7
48 29 6
29 49 37
49 29 42
29 52 8
52 29 12
29 55 83
55 29 61
29 56 63
56 29 46
29 61 18
61 29 25
29 63 23
63 29 32
29 64 53
64 29 43
29 66 53
66 29 46
29 70 16
70 29 23
29 71 30
71 29 22
29 72 30
72 29 38
29 73 27
73 29 25
29 75 15
75 29 16
33 39 45
39 33 31
33 40 17
40 33 21
33 42 22
42 33 19
33 43 11
43 33 14
33 44 20
44 33 20
33 45 14
45 33 24
33 50 32
50 33 29
33 51 6
51 33 10
33 53 39
53 33 40
33 54 35
54 33 42
33 57 42
57 33 39
33 58 42
58 33 34
33 59 56
59 33 56
33 60 48
60 33 45
33 62 7
62 33 10
33 65 32
65 33 47
33 67 16
67 33 23
33 68 7
68 33 13
33 69 52
69 33 35
33 74 24
74 33 17
33 76 16
76 33 18
33 5 35
5 33 30
33 6 12
6 33 9
33 7 18
7 33 32
33 10 31
10 33 40
33 12 14
12 33 24
33 13 20
13 33 36
33 14 29
14 33 46
33 15 29
15 33 36
33 16 9
16 33 9
33 17 15
17 33 17
33 22 14
22 33 16
33 25 33
25 33 36
33 28 17
28 33 16
33 30 18
30 33 17
33 31 41
31 33 47
33 32 22
32 33 24
33 34 34
34 33 26
33 35 35
35 33 36
33 36 45
36 33 34
33 37 35
37 33 37
33 38 45
38 33 43
33 41 12
41 33 18
33 46 40
46 33 28
33 47 32
47 33 28
33 48 14
48 33 23
33 49 9
49 33 17
33 52 24
52 33 29
33 55 22
55 33 44
33 56 19
56 33 20
33 61 28
61 33 25
33 63 7
63 33 6
33 64 23
64 33 26
33 66 43
66 33 53
33 70 42
70 33 45
33 71 23
71 33 41
33 72 40
72 33 32
33 73 6
73 33 5
33 75 18
75 33 16
39 40 8
40 39 10
39 42 34
42 39 48
39 43 38
43 39 43
39 44 20
44 39 15
39 45 50
45 39 36
39 50 8
50 39 16
39 51 16
51 39 21
39 53 28
53 39 25
39 54 23
54 39 42
39 57 27
57 39 48
39 58 8
58 39 10
39 59 42
59 39 40
39 60 49
60 39 66
39 62 42
62 39 40
39 65 24
65 39 22
39 67 12
67 39 23
39 68 35
68 39 28
39 69 40
69 39 59
39 74 44
74 39 41
39 76 16
76 39 22
39 5 28
5 39 47
39 6 14
6 39 26
39 7 15
7 39 22
39 10 15
10 39 12
39 12 5
12 39 10
39 13 41
13 39 41
39 14 23
14 39 32
39 15 41
15 39 48
39 16 25
16 39 26
39 17 23
17 39 16
39 22 44
22 39 47
39 25 19
25 39 14
39 28 43
28 39 44
39 30 40
30 39 36
39 31 9
31 39 16
39 32 12
32 39 11
39 34 16
34 39 28
39 35 19
35 39 27
39 36 49
36 39 55
39 37 61
37 39 54
39 38 25
38 39 18
39 41 44
41 39 47
39 46 15
46 39 28
39 47 42
47 39 49
39 48 36
48 39 43
39 49 15
49 39 28
39 52 33
52 39 33
39 55 14
55 39 22
39 56 61
56 39 42
39 61 40
61 39 54
39 63 19
63 39 32
39 64 41
64 39 57
39 66 20
66 39 29
39 70 91
70 39 63
39 71 65
71 39 62
39 72 6
72 39 5
39 73 34
73 39 36
39 75 22
75 39 25
40 42 27
42 40 39
40 43 17
43 40 34
40 44 10
44 40 9
40 45 37
45 40 28
40 50 12
50 40 16
40 51 8
51 40 11
40 53 13
53 40 26
40 54 25
54 40 38
40 57 32
57 40 42
40 58 9
58 40 14
40 59 45
59 40 42
40 60 79
60 40 57
40 62 21
62 40 30
40 65 24
65 40 28
40 67 15
67 40 17
40 68 18
68 40 19
40 69 68
69 40 50
40 74 41
74 40 32
40 76 15
76 40 14
40 5 25
5 40 39
40 6 11
6 40 16
40 7 19
7 40 20
40 10 13
10 40 19
40 12 7
12 40 5
40 13 22
13 40 35
40 14 40
14 40 33
40 15 37
15 40 41
40 16 21
16 40 17
40 17 6
17 40 7
40 22 51
22 40 37
40 25 28
25 40 19
40 28 21
28 40 34
40 30 32
30 40 27
40 31 26
31 40 26
40 32 13
32 40 9
40 34 25
34 40 22
40 35 36
35 40 25
40 36 42
36 40 47
40 37 57
37 40 46
40 38 34
38 40 23
40 41 27
41 40 38
40 46 29
46 40 22
40 47 46
47 40 40
40 48 28
48 40 34
40 49 12
49 40 22
40 52 40
52 40 27
40 55 24
55 40 28
40 56 38
56 40 35
40 61 31
61 40 44
40 63 25
63 40 22
40 64 49
64 40 47
40 66 29
66 40 35
40 70 69
70 40 55
40 71 29
71 40 53
40 72 9
72 40 11
40 73 38
73 40 26
40 75 10
75 40 16
42 43 3
43 42 5
42 44 27
44 42 34
42 45 52
45 42 38
42 50 27
50 42 42
42 51 30
51 42 29
42 53 58
53 42 59
42 54 63
54 42 58
42 57 56
57 42 52
42 58 43
58 42 52
42 59 69
59 42 74
42 60 53
60 42 50
42 62 23
62 42 16
42 65 90
65 42 66
42 67 22
67 42 41
42 68 40
68 42 30
42 69 44
69 42 36
42 74 20
74 42 26
42 76 52
76 42 36
42 5 56
5 42 40
42 6 18
6 42 27
42 7 70
7 42 50
42 10 56
10 42 58
42 12 28
12 42 42
42 13 58
13 42 51
42 14 81
14 42 64
42 15 61
15 42 48
42 16 24
16 42 23
42 17 44
17 42 35
42 22 9
22 42 11
42 25 64
25 42 50
42 28 19
28 42 20
42 30 19
30 42 30
42 31 93
31 42 64
42 32 55
32 42 40
42 34 62
34 42 44
42 35 77
35 42 54
42 36 46
36 42 39
42 37 66
37 42 45
42 38 67
38 42 61
42 41 4
41 42 4
42 46 39
46 42 46
42 47 27
47 42 35
42 48 23
48 42 34
42 49 30
49 42 24
42 52 31
52 42 46
42 55 81
55 42 56
42 56 11
56 42 14
42 61 13
61 42 22
42 63 22
63 42 17
42 64 12
64 42 9
42 66 72
66 42 72
42 70 67
70 42 51
42 71 66
71 42 45
42 72 69
72 42 50
42 73 13
73 42 16
42 75 44
75 42 34
43 44 20
44 43 29
43 45 31
45 43 36
43 50 30
50 43 37
43 51 27
51 43 24
43 53 53
53 43 54
43 54 44
54 43 55
43 57 40
57 43 50
43 58 53
58 43 48
43 59 35
59 43 70
43 60 68
60 43 50
43 62 20
62 43 14
43 65 73
65 43 61
43 67 37
67 43 37
43 68 15
68 43 26
43 69 38
69 43 37
43 74 14
74 43 24
43 76 37
76 43 32
43 5 34
5 43 39
43 6 12
6 43 23
43 7 29
7 43 46
43 10 69
10 43 53
43 12 33
12 43 37
43 13 59
13 43 49
43 14 87
14 43 60
43 15 37
15 43 46
43 16 15
16 43 18
43 17 36
17 43 30
43 22 8
22 43 12
43 25 45
25 43 45
43 28 18
28 43 19
43 30 39
30 43 28
43 31 30
31 43 59
43 32 52
32 43 35
43 34 48
34 43 40
43 35 68
35 43 50
43 36 29
36 43 39
43 37 40
37 43 44
43 38 39
38 43 56
43 41 4
41 43 4
43 46 22
46 43 42
43 47 19
47 43 34
43 48 22
48 43 32
43 49 22
49 43 19
43 52 39
52 43 42
43 55 41
55 43 51
43 56 14
56 43 12
43 61 34
61 43 24
43 63 12
63 43 12
43 64 11
64 43 14
43 66 55
66 43 67
43 70 75
70 43 51
43 71 29
71 43 45
43 72 54
72 43 45
43 73 15
73 43 12
43 75 17
75 43 30
44 45 44
45 44 34
44 50 8
50 44 10
44 51 17
51 44 12
44 53 26
53 44 35
44 54 36
54 44 47
44 57 44
57 44 49
44 58 31
58 44 22
44 59 77
59 44 52
44 60 42
60 44 61
44 62 39
62 44 29
44 65 33
65 44 36
44 67 14
67 44 25
44 68 34
68 44 23
44 69 45
69 44 53
44 74 30
74 44 34
44 76 19
76 44 21
44 5 31
5 44 44
44 6 13
6 44 18
44 7 15
7 44 29
44 10 13
10 44 26
44 12 8
12 44 14
44 13 38
13 44 43
44 14 30
14 44 42
44 15 65
15 44 48
44 16 10
16 44 12
44 17 7
17 44 13
44 22 48
22 44 35
44 25 8
25 44 16
44 28 42
28 44 35
44 30 29
30 44 31
44 31 27
31 44 30
44 32 5
32 44 5
44 34 25
34 44 30
44 35 36
35 44 34
44 36 72
36 44 50
44 37 65
37 44 51
44 38 25
38 44 32
44 41 47
41 44 32
44 46 19
46 44 31
44 47 65
47 44 44
44 48 29
48 44 38
44 49 16
49 44 13
44 52 38
52 44 34
44 55 22
55 44 25
44 56 30
56 44 27
44 61 65
61 44 45
44 63 22
63 44 18
44 64 37
64 44 43
44 66 37
66 44 43
44 70 43
70 44 60
44 71 44
71 44 57
44 72 15
72 44 18
44 73 14
73 44 25
44 75 15
75 44 22
45 50 51
50 45 44
45 51 13
51 45 23
45 53 16
53 45 27
45 54 17
54 45 20
45 57 18
57 45 15
45 58 17
58 45 32
45 59 56
59 45 39
45 60 41
60 45 30
45 62 27
62 45 22
45 65 34
65 45 40
45 67 8
67 45 13
45 68 6
68 45 12
45 69 29
69 45 26
45 74 11
74 45 14
45 76 15
76 45 14
45 5 8
5 45 11
45 6 19
6 45 17
45 7 13
7 45 20
45 10 34
10 45 37
45 12 36
12 45 26
45 13 14
13 45 13
45 14 26
14 45 30
45 15 16
15 45 13
45 16 23
16 45 30
45 17 24
17 45 22
45 22 34
22 45 29
45 25 56
25 45 47
45 28 30
28 45 21
45 30 10
30 45 8
45 31 67
31 45 50
45 32 34
32 45 36
45 34 6
34 45 10
45 35 14
35 45 21
45 36 28
36 45 20
45 37 20
37 45 18
45 38 49
38 45 36
45 41 57
41 45 40
45 46 17
46 45 12
45 47 19
47 45 15
45 48 13
48 45 9
45 49 44
49 45 39
45 52 13
52 45 9
45 55 36
55 45 57
45 56 57
56 45 44
45 61 23
61 45 28
45 63 25
63 45 30
45 64 22
64 45 43
45 66 57
66 45 42
45 70 29
70 45 27
45 71 35
71 45 27
45 72 39
72 45 34
45 73 35
73 45 24
45 75 9
75 45 12
50 51 20
51 50 22
50 53 25
53 50 40
50 54 70
54 50 54
50 57 33
57 50 58
50 58 13
58 50 25
50 59 78
59 50 55
50 60 100
60 50 71
50 62 57
62 50 39
50 65 42
65 50 38
50 67 23
67 50 33
50 68 24
68 50 33
50 69 84
69 50 63
50 74 23
74 50 44
50 76 44
76 50 30
50 5 63
5 50 54
50 6 39
6 50 28
50 7 40
7 50 36
50 10 40
10 50 27
50 12 18
12 50 21
50 13 74
13 50 51
50 14 46
14 50 47
50 15 61
15 50 57
50 16 24
16 50 21
50 17 32
17 50 22
50 22 51
22 50 44
50 25 10
25 50 8
50 28 23
28 50 45
50 30 53
30 50 41
50 31 19
31 50 26
50 32 10
32 50 8
50 34 35
34 50 38
50 35 39
35 50 40
50 36 57
36 50 60
50 37 43
37 50 61
50 38 47
38 50 34
50 41 32
41 50 39
50 46 35
46 50 39
50 47 76
47 50 54
50 48 61
48 50 48
50 49 9
49 50 18
50 52 63
52 50 43
50 55 19
55 50 15
50 56 44
56 50 32
50 61 58
61 50 54
50 63 29
63 50 26
50 64 40
64 50 51
50 66 60
66 50 45
50 70 47
70 50 70
50 71 94
71 50 67
50 72 26
72 50 20
50 73 38
73 50 34
50 75 28
75 50 31
51 53 16
53 51 32
51 54 31
54 51 38
51 57 21
57 51 38
51 58 16
58 51 24
51 59 30
59 51 48
51 60 29
60 51 49
51 62 13
62 51 19
51 65 37
65 51 37
51 67 13
67 51 16
51 68 7
68 51 11
51 69 30
69 51 41
51 74 29
74 51 22
51 76 9
76 51 11
51 5 16
5 51 32
51 6 7
6 51 6
51 7 35
7 51 24
51 10 38
10 51 29
51 12 15
12 51 13
51 13 41
13 51 33
51 14 53
14 51 38
51 15 50
15 51 36
51 16 7
16 51 9
51 17 6
17 51 6
51 22 20
22 51 26
51 25 23
25 51 28
51 28 30
28 51 24
51 30 14
30 51 19
51 31 24
31 51 37
51 32 8
32 51 16
51 34 28
34 51 21
51 35 23
35 51 28
51 36 50
36 51 38
51 37 45
37 51 39
51 38 38
38 51 32
51 41 37
41 51 28
51 46 11
46 51 22
51 47 40
47 51 32
51 48 13
48 51 26
51 49 18
49 51 17
51 52 34
52 51 25
51 55 44
55 51 36
51 56 19
56 51 27
51 61 35
61 51 34
51 63 7
63 51 13
51 64 24
64 51 37
51 66 28
66 51 43
51 70 69
70 51 48
51 71 45
71 51 45
51 72 24
72 51 22
51 73 22
73 51 15
51 75 6
75 51 11
53 54 28
54 53 20
53 57 23
57 53 32
53 58 14
58 53 15
53 59 18
59 53 17
53 60 68
60 53 54
53 62 51
62 53 45
53 65 17
65 53 14
53 67 18
67 53 18
53 68 24
68 53 29
53 69 74
69 53 53
53 74 57
74 53 40
53 76 12
76 53 23
53 5 40
5 53 37
53 6 24
6 53 32
53 7 7
7 53 9
53 10 9
10 53 17
53 12 25
12 53 21
53 13 12
13 53 23
53 14 4
14 53 7
53 15 23
15 53 34
53 16 48
16 53 40
53 17 28
17 53 26
53 22 30
22 53 53
53 25 35
25 53 39
53 28 42
28 53 46
53 30 26
30 53 33
53 31 32
31 53 31
53 32 30
32 53 33
53 34 15
34 53 18
53 35 5
35 53 7
53 36 43
36 53 47
53 37 35
37 53 42
53 38 12
38 53 12
53 41 79
41 53 58
53 46 10
46 53 16
53 47 31
47 53 42
53 48 20
48 53 37
53 49 48
49 53 47
53 52 28
52 53 19
53 55 55
55 53 47
53 56 62
56 53 59
53 61 76
61 53 54
53 63 58
63 53 44
53 64 35
64 53 66
53 66 22
66 53 15
53 70 51
70 53 50
53 71 69
71 53 52
53 72 18
72 53 20
53 73 61
73 53 43
53 75 37
75 53 25
54 57 20
57 54 14
54 58 28
58 54 33
54 59 24
59 54 23
54 60 46
60 54 37
54 62 28
62 54 43
54 65 21
65 54 34
54 67 25
67 54 22
54 68 23
68 54 30
54 69 21
69 54 41
54 74 43
74 54 34
54 76 30
76 54 27
54 5 35
5 54 24
54 6 21
6 54 34
54 7 10
7 54 19
54 10 45
10 54 37
54 12 24
12 54 34
54 13 9
13 54 8
54 14 16
14 54 17
54 15 21
15 54 18
54 16 65
16 54 46
54 17 23
17 54 34
54 22 31
22 54 49
54 25 35
25 54 55
54 28 24
28 54 41
54 30 24
30 54 28
54 31 45
31 54 50
54 32 43
32 54 47
54 34 22
34 54 17
54 35 14
35 54 15
54 36 21
36 54 34
54 37 38
37 54 27
54 38 21
38 54 32
54 41 39
41 54 59
54 46 15
46 54 16
54 47 24
47 54 31
54 48 41
48 54 28
54 49 48
49 54 55
54 52 12
52 54 13
54 55 86
55 54 64
54 56 37
56 54 63
54 61 27
61 54 47
54 63 69
63 54 48
54 64 63
64 54 63
54 66 33
66 54 33
54 70 30
70 54 33
54 71 45
71 54 37
54 72 54
72 54 37
54 73 34
73 54 43
54 75 25
75 54 27
57 58 28
58 57 41
57 59 30
59 57 37
57 60 14
60 57 23
57 62 23
62 57 36
57 65 49
65 57 46
57 67 24
67 57 25
57 68 21
68 57 28
57 69 24
69 57 27
57 74 20
74 57 26
57 76 41
76 57 28
57 5 11
5 57 12
57 6 21
6 57 32
57 7 31
7 57 27
57 10 36
10 57 46
57 12 49
12 57 38
57 13 9
13 57 9
57 14 27
14 57 30
57 15 2
15 57 4
57 16 24
16 57 45
57 17 48
17 57 36
57 22 27
22 57 41
57 25 55
25 57 60
57 28 32
28 57 32
57 30 17
30 57 22
57 31 39
31 57 60
57 32 70
32 57 50
57 34 22
34 57 20
57 35 25
35 57 25
57 36 13
36 57 20
57 37 17
37 57 13
57 38 53
38 57 43
57 41 31
41 57 54
57 46 26
46 57 21
57 47 24
47 57 19
57 48 14
48 57 18
57 49 73
49 57 54
57 52 19
52 57 16
57 55 38
55 57 70
57 56 37
56 57 59
57 61 47
61 57 36
57 63 47
63 57 45
57 64 72
64 57 55
57 66 64
66 57 46
57 70 11
70 57 19
57 71 25
71 57 23
57 72 27
72 57 45
57 73 38
73 57 38
57 75 24
75 57 27
58 59 29
59 58 30
58 60 66
60 58 61
58 62 31
62 58 41
58 65 13
65 58 14
58 67 19
67 58 19
58 68 15
68 58 27
58 69 32
69 58 57
58 74 51
74 58 40
58 76 16
76 58 20
58 5 49
5 58 43
58 6 17
6 58 27
58 7 8
7 58 14
58 10 7
10 58 6
58 12 8
12 58 10
58 13 45
13 58 33
58 14 13
14 58 22
58 15 24
15 58 42
58 16 35
16 58 31
58 17 15
17 58 17
58 22 32
22 58 49
58 25 14
25 58 23
58 28 65
28 58 44
58 30 49
30 58 34
58 31 10
31 58 18
58 32 15
32 58 19
58 34 24
34 58 22
58 35 12
35 58 18
58 36 70
36 58 52
58 37 59
37 58 49
58 38 13
38 58 9
58 41 30
41 58 51
58 46 12
46 58 21
58 47 32
47 58 46
58 48 29
48 58 40
58 49 44
49 58 36
58 52 31
52 58 26
58 55 33
55 58 32
58 56 68
56 58 49
58 61 61
61 58 54
58 63 22
63 58 36
58 64 67
64 58 60
58 66 22
66 58 21
58 70 66
70 58 58
58 71 40
71 58 58
58 72 4
72 58 5
58 73 36
73 58 38
58 75 19
75 58 23
59 60 86
60 59 60
59 62 66
62 59 59
59 65 26
65 59 21
59 67 47
67 59 33
59 68 22
68 59 44
59 69 82
69 59 63
59 74 76
74 59 53
59 76 33
76 59 38
59 5 38
5 59 46
59 6 54
6 59 47
59 7 33
7 59 24
59 10 30
10 59 30
59 12 21
12 59 37
59 13 24
13 59 30
59 14 13
14 59 11
59 15 30
15 59 41
59 16 42
16 59 56
59 17 51
17 59 42
59 22 70
22 59 67
59 25 29
25 59 53
59 28 43
28 59 59
59 30 29
30 59 47
59 31 29
31 59 41
59 32 67
32 59 49
59 34 34
34 59 31
59 35 26
35 59 21
59 36 67
36 59 56
59 37 55
37 59 50
59 38 25
38 59 23
59 41 56
41 59 74
59 46 16
46 59 29
59 47 79
47 59 53
59 48 32
48 59 48
59 49 76
49 59 64
59 52 37
52 59 31
59 55 84
55 59 60
59 56 100
56 59 75
59 61 71
61 59 67
59 63 63
63 59 60
59 64 82
64 59 80
59 66 14
66 59 15
59 70 29
70 59 56
59 71 70
71 59 60
59 72 41
72 59 35
59 73 65
73 59 58
59 75 28
75 59 40
60 62 38
62 60 38
60 65 76
65 60 67
60 67 54
67 60 42
60 68 54
68 60 39
60 69 17
69 60 14
60 74 28
74 60 29
60 76 27
76 60 43
60 5 15
5 60 18
60 6 51
6 60 43
60 7 49
7 60 48
60 10 35
10 60 66
60 12 81
12 60 55
60 13 33
13 60 31
60 14 52
14 60 53
60 15 25
15 60 20
60 16 67
16 60 54
60 17 49
17 60 50
60 22 50
22 60 39
60 25 65
25 60 76
60 28 44
28 60 31
60 30 29
30 60 30
60 31 115
31 60 79
60 32 37
32 60 64
60 34 36
34 60 39
60 35 29
35 60 47
60 36 17
36 60 12
60 37 7
37 60 12
60 38 85
38 60 64
60 41 75
41 60 54
60 46 45
46 60 40
60 47 13
47 60 18
60 48 15
48 60 23
60 49 64
49 60 62
60 52 26
52 60 35
60 55 106
55 60 85
60 56 83
56 60 62
60 61 32
61 60 28
60 63 30
63 60 51
60 64 61
64 60 49
60 66 39
66 60 68
60 70 4
70 60 4
60 71 7
71 60 5
60 72 49
72 60 63
60 73 56
73 60 42
60 75 61
75 60 41
62 65 66
65 62 54
62 67 25
67 62 27
62 68 15
68 62 15
62 69 30
69 62 26
62 74 5
74 62 10
62 76 25
76 62 22
62 5 24
5 62 25
62 6 9
6 62 14
62 7 30
7 62 36
62 10 35
10 62 47
62 12 43
12 62 31
62 13 47
13 62 35
62 14 53
14 62 49
62 15 46
15 62 32
62 16 20
16 62 18
62 17 24
17 62 24
62 22 5
22 62 8
62 25 29
25 62 45
62 28 5
28 62 6
62 30 9
30 62 14
62 31 68
31 62 56
62 32 47
32 62 34
62 34 30
34 62 28
62 35 55
35 62 39
62 36 20
36 62 26
62 37 25
37 62 30
62 38 37
38 62 49
62 41 22
41 62 18
62 46 30
46 62 30
62 47 27
47 62 21
62 48 24
48 62 18
62 49 20
49 62 25
62 52 24
52 62 30
62 55 34
55 62 54
62 56 28
56 62 25
62 61 11
61 62 15
62 63 20
63 62 14
62 64 30
64 62 21
62 66 63
66 62 59
62 70 43
70 62 38
62 71 39
71 62 33
62 72 35
72 62 40
62 73 7
73 62 5
62 75 17
75 62 19
65 67 38
67 65 28
65 68 35
68 65 39
65 69 71
69 65 66
65 74 28
74 65 51
65 76 42
76 65 32
65 5 37
5 65 50
65 6 21
6 65 40
65 7 10
7 65 20
65 10 16
10 65 11
65 12 19
12 65 24
65 13 32
13 65 37
65 14 19
14 65 18
65 15 50
15 65 48
65 16 45
16 65 45
65 17 42
17 65 31
65 22 82
22 65 62
65 25 26
25 65 34
65 28 54
28 65 56
65 30 59
30 65 45
65 31 11
31 65 20
65 32 29
32 65 33
65 34 41
34 65 30
65 35 18
35 65 21
65 36 88
36 65 60
65 37 61
37 65 56
65 38 5
38 65 5
65 41 69
41 65 65
65 46 25
46 65 28
65 47 50
47 65 55
65 48 27
48 65 49
65 49 65
49 65 50
65 52 24
52 65 32
65 55 49
55 65 40
65 56 84
56 65 63
65 61 96
61 65 66
65 63 39
63 65 50
65 64 89
64 65 74
65 66 7
66 65 7
65 70 70
70 65 64
65 71 76
71 65 66
65 72 10
72 65 18
65 73 39
73 65 51
65 75 33
75 65 34
67 68 13
68 67 11
67 69 36
69 67 38
67 74 28
74 67 23
67 76 3
76 67 5
67 5 20
5 67 24
67 6 10
6 67 14
67 7 11
7 67 9
67 10 22
10 67 25
67 12 14
12 67 13
67 13 25
13 67 18
67 14 29
14 67 23
67 15 21
15 67 25
67 16 33
16 67 25
67 17 13
17 67 12
67 22 20
22 67 35
67 25 46
25 67 36
67 28 36
28 67 28
67 30 8
30 67 16
67 31 49
31 67 37
67 32 14
32 67 25
67 34 3
34 67 5
67 35 8
35 67 13
67 36 18
36 67 33
67 37 43
37 67 31
67 38 24
38 67 24
67 41 28
41 67 41
67 46 5
46 67 6
67 47 37
47 67 27
67 48 13
48 67 21
67 49 19
49 67 33
67 52 7
52 67 10
67 55 39
55 67 45
67 56 48
56 67 43
67 61 26
61 67 37
67 63 19
63 67 28
67 64 41
64 67 48
67 66 21
66 67 32
67 70 45
70 67 40
67 71 36
71 67 40
67 72 18
72 67 21
67 73 20
73 67 25
67 75 10
75 67 7
68 69 29
69 68 31
68 74 10
74 68 13
68 76 9
76 68 7
68 5 15
5 68 21
68 6 4
6 68 5
68 7 10
7 68 20
68 10 34
10 68 33
68 12 11
12 68 18
68 13 18
13 68 24
68 14 33
14 68 34
68 15 30
15 68 25
68 16 18
16 68 17
68 17 10
17 68 12
68 22 26
22 68 23
68 25 31
25 68 37
68 28 19
28 68 17
68 30 7
30 68 9
68 31 39
31 68 44
68 32 13
32 68 26
68 34 16
34 68 14
68 35 13
35 68 24
68 36 23
36 68 28
68 37 19
37 68 28
68 38 39
38 68 34
68 41 34
41 68 30
68 46 17
46 68 16
68 47 32
47 68 22
68 48 13
48 68 16
68 49 23
49 68 26
68 52 14
52 68 17
68 55 51
55 68 46
68 56 42
56 68 33
68 61 30
61 68 27
68 63 14
63 68 18
68 64 31
64 68 36
68 66 35
66 68 43
68 70 55
70 68 38
68 71 45
71 68 35
68 72 34
72 68 27
68 73 9
73 68 14
68 75 4
75 68 4
69 74 24
74 69 19
69 76 37
76 69 37
69 5 22
5 69 17
69 6 46
6 69 34
69 7 43
7 69 46
69 10 79
10 69 63
69 12 57
12 69 49
69 13 35
13 69 33
69 14 63
14 69 54
69 15 13
15 69 23
69 16 40
16 69 43
69 17 45
17 69 43
69 22 23
22 69 26
69 25 65
25 69 68
69 28 11
28 69 19
69 30 14
30 69 23
69 31 108
31 69 74
69 32 56
32 69 56
69 34 28
34 69 36
69 35 64
35 69 46
69 36 6
36 69 7
69 37 18
37 69 15
69 38 75
38 69 62
69 41 52
41 69 40
69 46 32
46 69 38
69 47 12
47 69 11
69 48 16
48 69 17
69 49 36
49 69 51
69 52 50
52 69 34
69 55 49
55 69 77
69 56 41
56 69 49
69 61 14
61 69 14
69 63 46
63 69 40
69 64 45
64 69 35
69 66 62
66 69 68
69 70 10
70 69 16
69 71 11
71 69 9
69 72 52
72 69 58
69 73 33
73 69 30
69 75 18
75 69 34
74 76 15
76 74 20
74 5 15
5 74 15
74 6 9
6 74 16
74 7 37
7 74 32
74 10 58
10 74 46
74 12 41
12 74 31
74 13 17
13 74 26
74 14 40
14 74 43
74 15 28
15 74 22
74 16 33
16 74 25
74 17 35
17 74 25
74 22 9
22 74 15
74 25 61
25 74 50
74 28 5
28 74 6
74 30 10
30 74 7
74 31 62
31 74 56
74 32 37
32 74 38
74 34 18
34 74 22
74 35 23
35 74 34
74 36 14
36 74 17
74 37 27
37 74 21
74 38 41
38 74 47
74 41 23
41 74 28
74 46 26
46 74 25
74 47 13
47 74 11
74 48 5
48 74 8
74 49 48
49 74 33
74 52 13
52 74 23
74 55 73
55 74 58
74 56 32
56 74 34
74 61 16
61 74 15
74 63 29
63 74 22
74 64 36
64 74 29
74 66 70
66 74 55
74 70 39
70 74 29
74 71 27
71 74 24
74 72 38
72 74 40
74 73 11
73 74 14
74 75 18
75 74 17
76 5 14
5 76 25
76 6 10
6 76 9
76 7 8
7 76 14
76 10 13
10 76 26
76 12 17
12 76 12
76 13 21
13 76 23
76 14 14
14 76 28
76 15 33
15 76 27
76 16 13
16 76 19
76 17 4
17 76 8
76 22 20
22 76 30
76 25 25
25 76 33
76 28 30
28 76 24
76 30 16
30 76 14
76 31 51
31 76 37
76 32 32
32 76 22
76 34 13
34 76 10
76 35 17
35 76 18
76 36 33
36 76 33
76 37 35
37 76 32
76 38 31
38 76 27
76 41 27
41 76 36
76 46 10
46 76 11
76 47 22
47 76 27
76 48 23
48 76 21
76 49 35
49 76 28
76 52 15
52 76 14
76 55 46
55 76 42
76 56 38
56 76 37
76 61 29
61 76 34
76 63 24
63 76 22
76 64 40
64 76 43
76 66 25
66 76 36
76 70 34
70 76 41
76 71 28
71 76 40
76 72 21
72 76 21
76 73 31
73 76 21
76 75 2
75 76 3
5 6 16
6 5 26
5 7 17
7 5 30
5 10 54
10 5 48
5 12 28
12 5 37
5 13 25
13 5 17
5 14 42
14 5 38
5 15 6
15 5 8
5 16 33
16 5 38
5 17 41
17 5 33
5 22 22
22 5 30
5 25 83
25 5 58
5 28 29
28 5 20
5 30 12
30 5 13
5 31 79
31 5 61
5 32 52
32 5 47
5 34 15
34 5 21
5 35 31
35 5 30
5 36 10
36 5 10
5 37 9
37 5 7
5 38 55
38 5 46
5 41 34
41 5 43
5 46 22
46 5 22
5 47 7
47 5 7
5 48 8
48 5 7
5 49 42
49 5 46
5 52 17
52 5 18
5 55 47
55 5 67
5 56 68
56 5 49
5 61 28
61 5 24
5 63 40
63 5 36
5 64 37
64 5 43
5 66 48
66 5 52
5 70 14
70 5 16
5 71 19
71 5 16
5 72 56
72 5 45
5 73 23
73 5 28
5 75 12
75 5 23
6 7 26
7 6 23
6 10 37
10 6 33
6 12 22
12 6 17
6 13 32
13 6 29
6 14 41
14 6 37
6 15 32
15 6 31
6 16 17
16 6 12
6 17 11
17 6 10
6 22 22
22 6 22
6 25 50
25 6 34
6 28 10
28 6 18
6 30 12
30 6 13
6 31 53
31 6 42
6 32 19
32 6 22
6 34 16
34 6 18
6 35 39
35 6 27
6 36 38
36 6 32
6 37 41
37 6 33
6 38 51
38 6 35
6 41 40
41 6 27
6 46 11
46 6 20
6 47 22
47 6 25
6 48 17
48 6 20
6 49 16
49 6 21
6 52 13
52 6 21
6 55 46
55 6 42
6 56 40
56 6 28
6 61 17
61 6 28
6 63 19
63 6 14
6 64 32
64 6 34
6 66 37
66 6 45
6 70 57
70 6 42
6 71 26
71 6 38
6 72 28
72 6 26
6 73 13
73 6 12
6 75 11
75 6 8
7 10 18
10 7 19
7 12 8
12 7 15
7 13 25
13 7 19
7 14 18
14 7 14
7 15 34
15 7 29
7 16 22
16 7 32
7 17 24
17 7 18
7 22 53
22 7 44
7 25 47
25 7 36
7 28 48
28 7 37
7 30 31
30 7 25
7 31 24
31 7 32
7 32 32
32 7 28
7 34 10
34 7 10
7 35 7
35 7 5
7 36 44
36 7 40
7 37 27
37 7 36
7 38 19
38 7 16
7 41 70
41 7 50
7 46 10
46 7 8
7 47 41
47 7 35
7 48 43
48 7 29
7 49 51
49 7 40
7 52 16
52 7 13
7 55 36
55 7 44
7 56 43
56 7 51
7 61 65
61 7 46
7 63 44
63 7 36
7 64 29
64 7 57
7 66 26
66 7 23
7 70 41
70 7 45
7 71 23
71 7 46
7 72 16
72 7 18
7 73 31
73 7 34
7 75 11
75 7 16
10 12 15
12 10 16
10 13 37
13 10 38
10 14 22
14 10 24
10 15 62
15 10 47
10 16 41
16 10 36
10 17 31
17 10 23
10 22 42
22 10 55
10 25 15
25 10 23
10 28 73
28 10 50
10 30 59
30 10 40
10 31 16
31 10 13
10 32 11
32 10 22
10 34 27
34 10 28
10 35 17
35 10 22
10 36 30
36 10 58
10 37 74
37 10 55
10 38 5
38 10 7
10 41 28
41 10 56
10 46 23
46 10 26
10 47 64
47 10 52
10 48 67
48 10 46
10 49 42
49 10 39
10 52 24
52 10 31
10 55 24
55 10 30
10 56 52
56 10 53
10 61 33
61 10 60
10 63 48
63 10 41
10 64 70
64 10 66
10 66 11
66 10 18
10 70 81
70 10 63
10 71 83
71 10 64
10 72 11
72 10 8
10 73 46
73 10 44
10 75 40
75 10 29
12 13 18
13 12 31
12 14 32
14 12 28
12 15 44
15 12 38
12 16 15
16 12 21
12 17 6
17 12 7
12 22 34
22 12 39
12 25 23
25 12 22
12 28 50
28 12 35
12 30 19
30 12 26
12 31 30
31 12 25
12 32 17
32 12 13
12 34 17
34 12 19
12 35 12
35 12 20
12 36 33
36 12 45
12 37 63
37 12 44
12 38 16
38 12 19
12 41 40
41 12 41
12 46 17
46 12 18
12 47 58
47 12 39
12 48 26
48 12 33
12 49 16
49 12 26
12 52 34
52 12 23
12 55 34
55 12 31
12 56 34
56 12 39
12 61 23
61 12 45
12 63 19
63 12 26
12 64 70
64 12 50
12 66 35
66 12 30
12 70 56
70 12 53
12 71 50
71 12 52
12 72 10
72 12 9
12 73 32
73 12 28
12 75 14
75 12 15
13 14 27
14 13 22
13 15 9
15 13 11
13 16 51
16 13 41
13 17 24
17 13 30
13 22 37
22 13 42
13 25 35
25 13 54
13 28 47
28 13 33
13 30 22
30 13 21
13 31 60
31 13 51
13 32 29
32 13 44
13 34 8
34 13 13
13 35 23
35 13 17
13 36 32
36 13 26
13 37 23
37 13 20
13 38 40
38 13 34
13 41 52
41 13 53
13 46 12
46 13 13
13 47 23
47 13 23
13 48 11
48 13 19
13 49 67
49 13 50
13 52 12
52 13 9
13 55 39
55 13 63
13 56 71
56 13 56
13 61 49
61 13 38
13 63 29
63 13 42
13 64 41
64 13 56
13 66 42
66 13 37
13 70 39
70 13 27
13 71 41
71 13 30
13 72 23
72 13 37
13 73 28
73 13 37
13 75 13
75 13 22
14 15 37
15 14 33
14 16 44
16 14 46
14 17 28
17 14 32
14 22 61
22 14 57
14 25 62
25 14 46
14 28 27
28 14 49
14 30 29
30 14 36
14 31 48
31 14 36
14 32 35
32 14 40
14 34 21
34 14 21
14 35 6
35 14 10
14 36 38
36 14 48
14 37 41
37 14 42
14 38 15
38 14 17
14 41 49
41 14 64
14 46 14
46 14 19
14 47 35
47 14 44
14 48 44
48 14 39
14 49 55
49 14 53
14 52 16
52 14 21
14 55 35
55 14 54
14 56 36
56 14 64
14 61 36
61 14 57
14 63 35
63 14 50
14 64 101
64 14 70
14 66 23
66 14 16
14 70 32
70 14 49
14 71 49
71 14 52
14 72 15
72 14 27
14 73 32
73 14 48
14 75 20
75 14 30
15 16 52
16 15 43
15 17 33
17 15 35
15 22 21
22 15 38
15 25 82
25 15 60
15 28 22
28 15 28
15 30 10
30 15 19
15 31 55
31 15 60
15 32 37
32 15 49
15 34 12
34 15 20
15 35 20
35 15 27
15 36 11
36 15 16
15 37 9
37 15 9
15 38 66
38 15 45
15 41 61
41 15 50
15 46 23
46 15 21
15 47 8
47 15 15
15 48 10
48 15 14
15 49 66
49 15 52
15 52 22
52 15 16
15 55 36
55 15 69
15 56 61
56 15 56
15 61 18
61 15 32
15 63 34
63 15 42
15 64 36
64 15 51
15 66 28
66 15 48
15 70 9
70 15 16
15 71 18
71 15 19
15 72 25
72 15 45
15 73 40
73 15 35
15 75 24
75 15 25
16 17 9
17 16 14
16 22 12
22 16 24
16 25 22
25 16 28
16 28 19
28 16 24
16 30 31
30 16 24
16 31 27
31 16 41
16 32 23
32 16 17
16 34 17
34 16 29
16 35 35
35 16 37
16 36 54
36 16 42
16 37 36
37 16 44
16 38 20
38 16 40
16 41 18
41 16 21
16 46 22
46 16 31
16 47 25
47 16 36
16 48 24
48 16 31
16 49 13
49 16 9
16 52 26
52 16 33
16 55 28
55 16 36
16 56 20
56 16 19
16 61 39
61 16 34
16 63 5
63 16 6
16 64 38
64 16 31
16 66 42
66 16 51
16 70 69
70 16 53
16 71 53
71 16 49
16 72 15
72 16 28
16 73 15
73 16 13
16 75 14
75 16 19
17 22 24
22 17 32
17 25 19
25 17 26
17 28 23
28 17 28
17 30 15
30 17 21
17 31 25
31 17 32
17 32 9
32 17 14
17 34 19
34 17 17
17 35 30
35 17 23
17 36 47
36 17 40
17 37 54
37 17 40
17 38 35
38 17 26
17 41 43
41 17 34
17 46 21
46 17 18
17 47 23
47 17 34
17 48 35
48 17 27
17 49 12
49 17 22
17 52 16
52 17 21
17 55 33
55 17 35
17 56 23
56 17 33
17 61 55
61 17 38
17 63 17
63 17 19
17 64 23
64 17 43
17 66 54
66 17 37
17 70 63
70 17 49
17 71 40
71 17 46
17 72 14
72 17 16
17 73 28
73 17 21
17 75 9
75 17 10
22 25 40
25 22 52
22 28 6
28 22 9
22 30 28
30 22 21
22 31 55
31 22 63
22 32 33
32 22 40
22 34 27
34 22 36
22 35 51
35 22 47
22 36 39
36 22 28
22 37 18
37 22 34
22 38 74
38 22 57
22 41 14
41 22 15
22 46 39
46 22 38
22 47 22
47 22 24
22 48 16
48 22 23
22 49 16
49 22 29
22 52 21
52 22 37
22 55 67
55 22 59
22 56 24
56 22 23
22 61 17
61 22 12
22 63 15
63 22 18
22 64 8
64 22 14
22 66 96
66 22 67
22 70 56
70 22 40
22 71 38
71 22 34
22 72 27
72 22 48
22 73 13
73 22 11
22 75 20
75 22 27
25 28 47
28 25 51
25 30 58
30 25 46
25 31 22
31 25 18
25 32 12
32 25 12
25 34 34
34 25 41
25 35 41
35 25 40
25 36 73
36 25 65
25 37 33
37 25 65
25 38 23
38 25 30
25 41 54
41 25 47
25 46 33
46 25 40
25 47 32
47 25 59
25 48 49
48 25 53
25 49 27
49 25 26
25 52 64
52 25 45
25 55 11
55 25 9
25 56 57
56 25 40
25 61 91
61 25 61
25 63 36
63 25 34
25 64 87
64 25 59
25 66 47
66 25 41
25 70 107
70 25 74
25 71 55
71 25 72
25 72 11
72 25 18
25 73 50
73 25 41
25 75 29
75 25 35
28 30 14
30 28 13
28 31 50
31 28 60
28 32 32
32 28 39
28 34 33
34 28 28
28 35 47
35 28 39
28 36 25
36 28 20
28 37 26
37 28 25
28 38 64
38 28 51
28 41 19
41 28 23
28 46 24
46 28 30
28 47 12
47 28 15
28 48 10
48 28 14
28 49 43
49 28 32
28 52 16
52 28 29
28 55 74
55 28 60
28 56 35
56 28 30
28 61 13
61 28 10
28 63 13
63 28 20
28 64 13
64 28 23
28 66 84
66 28 60
28 70 34
70 28 32
28 71 25
71 28 26
28 72 33
72 28 44
28 73 9
73 28 11
28 75 24
75 28 21
30 31 67
31 30 51
30 32 49
32 30 34
30 34 8
34 30 16
30 35 20
35 30 27
30 36 27
36 30 19
30 37 16
37 30 20
30 38 24
38 30 40
30 41 36
41 30 32
30 46 9
46 30 18
30 47 8
47 30 13
30 48 7
48 30 7
30 49 38
49 30 33
30 52 20
52 30 16
30 55 54
55 30 55
30 56 34
56 30 37
30 61 11
61 30 21
30 63 24
63 30 23
30 64 51
64 30 35
30 66 70
66 30 48
30 70 19
70 30 29
30 71 16
71 30 26
30 72 36
72 30 35
30 73 13
73 30 16
30 75 13
75 30 11
31 32 37
32 31 25
31 34 33
34 31 41
31 35 42
35 31 35
31 36 70
36 31 70
31 37 42
37 31 68
31 38 16
38 31 19
31 41 46
41 31 62
31 46 20
46 31 39
31 47 35
47 31 64
31 48 83
48 31 58
31 49 55
49 31 42
31 52 33
52 31 44
31 55 17
55 31 22
31 56 71
56 31 56
31 61 83
61 31 70
31 63 70
63 31 47
31 64 50
64 31 72
31 66 13
66 31 26
31 70 76
70 31 76
31 71 43
71 31 76
31 72 23
72 31 16
31 73 55
73 31 52
31 75 49
75 31 40
32 34 40
34 32 31
32 35 17
35 32 33
32 36 29
36 32 54
32 37 36
37 32 54
32 38 36
38 32 28
32 41 22
41 32 37
32 46 35
46 32 31
32 47 63
47 32 47
32 48 43
48 32 41
32 49 10
49 32 18
32 52 31
52 32 35
32 55 21
55 32 21
32 56 31
56 32 32
32 61 36
61 32 49
32 63 21
63 32 23
32 64 37
64 32 48
32 66 20
66 32 40
32 70 85
70 32 63
32 71 32
71 32 60
32 72 14
72 32 15
32 73 43
73 32 29
32 75 31
75 32 24
34 35 10
35 34 11
34 36 27
36 34 30
34 37 34
37 34 27
34 38 18
38 34 26
34 41 35
41 34 44
34 46 1
46 34 2
34 47 18
47 34 25
34 48 21
48 34 19
34 49 36
49 34 38
34 52 4
52 34 4
34 55 39
55 34 50
34 56 49
56 34 46
34 61 30
61 34 37
34 63 21
63 34 32
34 64 59
64 34 49
34 66 43
66 34 33
34 70 36
70 34 36
34 71 44
71 34 36
34 72 36
72 34 25
34 73 19
73 34 28
34 75 13
75 34 10
35 36 27
36 35 40
35 37 44
37 35 35
35 38 26
38 35 18
35 41 44
41 35 54
35 46 8
46 35 9
35 47 35
47 35 35
35 48 16
48 35 30
35 49 47
49 35 45
35 52 12
52 35 12
35 55 50
55 35 49
35 56 38
56 35 55
35 61 42
61 35 48
35 63 33
63 35 40
35 64 65
64 35 60
35 66 26
66 35 22
35 70 34
70 35 43
35 71 45
71 35 45
35 72 24
72 35 22
35 73 52
73 35 38
35 75 18
75 35 20
36 37 4
37 36 8
36 38 31
38 36 56
36 41 45
41 36 43
36 46 38
46 36 32
36 47 7
47 36 6
36 48 8
48 36 12
36 49 61
49 36 50
36 52 31
52 36 28
36 55 48
55 36 74
36 56 26
56 36 50
36 61 16
61 36 18
36 63 28
63 36 39
36 64 55
64 36 39
36 66 56
66 36 62
36 70 15
70 36 12
36 71 6
71 36 7
36 72 57
72 36 53
36 73 41
73 36 30
36 75 41
75 36 30
37 38 50
38 37 53
37 41 40
41 37 48
37 46 23
46 37 28
37 47 13
47 37 10
37 48 10
48 37 13
37 49 47
49 37 53
37 52 14
52 37 24
37 55 44
55 37 74
37 56 49
56 37 55
37 61 30
61 37 26
37 63 32
63 37 42
37 64 51
64 37 46
37 66 70
66 37 57
37 70 9
70 37 9
37 71 5
71 37 10
37 72 59
72 37 51
37 73 45
73 37 34
37 75 43
75 37 30
38 41 51
41 38 60
38 46 16
46 38 24
38 47 68
47 38 51
38 48 47
48 38 45
38 49 38
49 38 45
38 52 32
52 38 29
38 55 37
55 38 37
38 56 34
56 38 58
38 61 79
61 38 61
38 63 23
63 38 45
38 64 93
64 38 69
38 66 8
66 38 12
38 70 63
70 38 61
38 71 52
71 38 62
38 72 13
72 38 13
38 73 66
73 38 47
38 75 20
75 38 30
41 46 64
46 41 46
41 47 26
47 41 38
41 48 47
48 41 36
41 49 13
49 41 21
41 52 63
52 41 46
41 55 61
55 41 53
41 56 5
56 41 10
41 61 22
61 41 26
41 63 22
63 41 15
41 64 14
64 41 12
41 66 99
66 41 71
41 70 77
70 41 55
41 71 43
71 41 49
41 72 55
72 41 49
41 73 12
73 41 16
41 75 18
75 41 34
46 47 18
47 46 27
46 48 18
48 46 21
46 49 20
49 46 39
46 52 3
52 46 5
46 55 50
55 46 50
46 56 33
56 46 48
46 61 21
61 46 39
46 63 18
63 46 33
46 64 40
64 46 51
46 66 17
66 46 31
46 70 19
70 46 37
46 71 51
71 46 38
46 72 14
72 46 24
46 73 32
73 46 30
46 75 9
75 46 12
47 48 4
48 47 6
47 49 57
49 47 44
47 52 32
52 47 23
47 55 86
55 47 68
47 56 33
56 47 45
47 61 18
61 47 17
47 63 37
63 47 34
47 64 50
64 47 36
47 66 58
66 47 57
47 70 25
70 47 17
47 71 8
71 47 13
47 72 45
72 47 47
47 73 17
73 47 25
47 75 34
75 47 24
48 49 21
49 48 40
48 52 23
52 48 18
48 55 89
55 48 62
48 56 45
56 48 42
48 61 18
61 48 19
48 63 18
63 48 29
48 64 30
64 48 37
48 66 30
66 48 52
48 70 32
70 48 22
48 71 11
71 48 19
48 72 32
72 48 41
48 73 13
73 48 21
48 75 21
75 48 18
49 52 24
52 49 42
49 55 23
55 49 32
49 56 15
56 49 14
49 61 41
61 49 40
49 63 6
63 49 11
49 64 25
64 49 33
49 66 56
66 49 56
49 70 67
70 49 62
49 71 47
71 49 57
49 72 28
72 49 32
49 73 17
73 49 20
49 75 28
75 49 28
52 55 37
55 52 54
52 56 54
56 52 50
52 61 48
61 52 37
52 63 21
63 52 35
52 64 37
64 52 51
52 66 32
66 52 34
52 70 31
70 52 32
52 71 43
71 52 33
52 72 19
72 52 29
52 73 30
73 52 30
52 75 8
75 52 14
55 56 44
56 55 45
55 61 55
61 55 69
55 63 48
63 55 41
55 64 77
64 55 65
55 66 63
66 55 47
55 70 80
70 55 84
55 71 54
71 55 81
55 72 24
72 55 27
55 73 65
73 55 49
55 75 57
75 55 45
56 61 40
61 56 36
56 63 19
63 56 15
56 64 14
64 56 22
56 66 98
66 56 69
56 70 73
70 56 62
56 71 82
71 56 57
56 72 67
72 56 45
56 73 26
73 56 21
56 75 33
75 56 36
61 63 27
63 61 29
61 64 28
64 61 21
61 66 39
66 61 69
61 70 23
70 61 30
61 71 34
71 61 23
61 72 41
72 61 54
61 73 21
73 61 20
61 75 22
75 61 31
63 64 25
64 63 25
63 66 36
66 63 56
63 70 59
70 63 51
63 71 42
71 63 46
63 72 20
72 63 34
63 73 10
73 63 9
63 75 11
75 63 21
64 66 58
66 64 79
64 70 73
70 64 51
64 71 55
71 64 44
64 72 82
72 64 59
64 73 11
73 64 22
64 75 28
75 64 40
66 70 37
70 66 65
66 71 53
71 66 67
66 72 37
72 66 25
66 73 60
73 66 57
66 75 47
75 66 39
70 71 11
71 70 8
70 72 85
72 70 61
70 73 51
73 70 42
70 75 54
75 70 39
71 72 37
72 71 60
71 73 50
73 71 37
71 75 45
75 71 37
72 73 31
73 72 37
72 75 25
75 72 24
73 75 17
75 73 18
