1 18 7 0 650

164 174

26 3 5 37 52

2 11 52 64
4 11 40 30
5 13 21 47
6 14 17 63
7 17 31 62
8 11 52 33
9 17 51 21
10 12 42 41
11 13 31 32
14 17 36 16
15 17 52 41
16 15 27 23
18 16 13 13
20 12 62 42
21 14 42 57
22 11 16 57
24 12 7 38
25 13 27 68
1 17 49 49
3 13 20 26
12 17 5 25
13 14 12 42
17 12 17 33
19 12 57 58
23 17 8 52


26 2 13
2 26 19
26 4 31
4 26 22
26 5 19
5 26 17
26 6 13
6 26 23
26 7 16
7 26 12
26 8 29
8 26 24
26 9 42
9 26 34
26 10 7
10 26 12
26 11 24
11 26 21
26 14 21
14 26 36
26 15 25
15 26 19
26 16 43
16 26 31
26 18 39
18 26 46
26 20 20
20 26 27
26 21 10
21 26 7
26 22 24
22 26 22
26 24 37
24 26 33
26 25 17
25 26 19
26 1 17
1 26 12
26 3 32
3 26 31
26 12 38
12 26 42
26 13 16
13 26 27
26 17 19
17 26 28
26 19 11
19 26 21
26 23 22
23 26 29
2 4 41
4 2 36
2 5 25
5 2 35
2 6 35
6 2 35
2 7 19
7 2 21
2 8 17
8 2 31
2 9 40
9 2 43
2 10 28
10 2 25
2 11 41
11 2 38
2 14 39
14 2 51
2 15 25
15 2 23
2 16 62
16 2 48
2 18 50
18 2 64
2 20 22
20 2 24
2 21 12
21 2 12
2 22 29
22 2 37
2 24 71
24 2 51
2 25 22
25 2 25
2 1 14
1 2 15
2 3 41
3 2 50
2 12 54
12 2 61
2 13 47
13 2 45
2 17 69
17 2 47
2 19 5
19 2 8
2 23 41
23 2 46
4 5 17
5 4 25
4 6 53
6 4 40
4 7 36
7 4 33
4 8 6
8 4 12
4 9 12
9 4 14
4 10 10
10 4 11
4 11 13
11 4 9
4 14 22
14 4 15
4 15 22
15 4 16
4 16 10
16 4 15
4 18 25
18 4 32
4 20 24
20 4 25
4 21 22
21 4 27
4 22 53
22 4 36
4 24 42
24 4 34
4 25 51
25 4 40
4 1 19
1 4 21
4 3 11
3 4 20
4 12 19
12 4 35
4 13 42
13 4 30
4 17 33
17 4 23
4 19 30
19 4 33
4 23 44
23 4 39
5 6 9
6 5 16
5 7 16
7 5 18
5 8 30
8 5 34
5 9 42
9 5 40
5 10 17
10 5 22
5 11 24
11 5 18
5 14 33
14 5 34
5 15 26
15 5 32
5 16 23
16 5 25
5 18 27
18 5 35
5 20 44
20 5 41
5 21 30
21 5 23
5 22 11
22 5 11
5 24 11
24 5 16
5 25 13
25 5 22
5 1 18
1 5 28
5 3 17
3 5 21
5 12 26
12 5 27
5 13 6
13 5 10
5 17 16
17 5 15
5 19 27
19 5 38
5 23 19
23 5 14
6 7 18
7 6 14
6 8 25
8 6 46
6 9 51
9 6 54
6 10 37
10 6 33
6 11 47
11 6 34
6 14 42
14 6 51
6 15 21
15 6 41
6 16 55
16 6 41
6 18 25
18 6 50
6 20 44
20 6 50
6 21 35
21 6 26
6 22 5
22 6 6
6 24 26
24 6 27
6 25 13
25 6 11
6 1 28
1 6 35
6 3 41
3 6 37
6 12 23
12 6 40
6 13 21
13 6 22
6 17 23
17 6 30
6 19 38
19 6 40
6 23 7
23 6 14
7 8 20
8 7 36
7 9 62
9 7 46
7 10 13
10 7 24
7 11 27
11 7 30
7 14 23
14 7 46
7 15 23
15 7 30
7 16 36
16 7 39
7 18 28
18 7 52
7 20 39
20 7 37
7 21 10
21 7 12
7 22 18
22 7 16
7 24 47
24 7 34
7 25 4
25 7 7
7 1 17
1 7 22
7 3 46
3 7 38
7 12 57
12 7 45
7 13 30
13 7 28
7 17 41
17 7 32
7 19 13
19 7 26
7 23 34
23 7 25
8 9 11
9 8 12
8 10 14
10 8 13
8 11 25
11 8 21
8 14 13
14 8 23
8 15 7
15 8 8
8 16 28
16 8 27
8 18 47
18 8 44
8 20 13
20 8 13
8 21 23
21 8 26
8 22 38
22 8 43
8 24 66
24 8 45
8 25 44
25 8 43
8 1 16
1 8 16
8 3 25
3 8 32
8 12 65
12 8 48
8 13 30
13 8 41
8 17 41
17 8 35
8 19 13
19 8 25
8 23 50
23 8 48
9 10 16
10 9 22
9 11 27
11 9 23
9 14 14
14 9 16
9 15 29
15 9 20
9 16 19
16 9 24
9 18 54
18 9 39
9 20 25
20 9 24
9 21 53
21 9 37
9 22 68
22 9 50
9 24 31
24 9 47
9 25 64
25 9 53
9 1 30
1 9 28
9 3 40
3 9 31
9 12 59
12 9 46
9 13 54
13 9 44
9 17 44
17 9 36
9 19 40
19 9 37
9 23 48
23 9 53
10 11 9
11 10 14
10 14 25
14 10 26
10 15 8
15 10 10
10 16 20
16 10 23
10 18 26
18 10 40
10 20 11
20 10 20
10 21 20
21 10 16
10 22 46
22 10 31
10 24 23
24 10 35
10 25 29
25 10 31
10 1 16
1 10 11
10 3 35
3 10 27
10 12 33
12 10 40
10 13 39
13 10 30
10 17 26
17 10 26
10 19 19
19 10 23
10 23 28
23 10 36
11 14 18
14 11 17
11 15 31
15 11 23
11 16 13
16 11 10
11 18 23
18 11 26
11 20 28
20 11 33
11 21 40
21 11 27
11 22 30
22 11 29
11 24 35
24 11 25
11 25 43
25 11 36
11 1 25
1 11 25
11 3 11
3 11 13
11 12 21
12 11 27
11 13 31
13 11 21
11 17 7
17 11 14
11 19 50
19 11 37
11 23 38
23 11 30
14 15 17
15 14 30
14 16 8
16 14 11
14 18 14
18 14 23
14 20 53
20 14 37
14 21 44
21 14 41
14 22 68
22 14 46
14 24 27
24 14 36
14 25 68
25 14 53
14 1 40
1 14 35
14 3 18
3 14 19
14 12 24
12 14 32
14 13 25
13 14 35
14 17 26
17 14 25
14 19 53
19 14 47
14 23 28
23 14 46
15 16 42
16 15 31
15 18 56
18 15 48
15 20 10
20 15 10
15 21 17
21 15 19
15 22 24
22 15 39
15 24 52
24 15 45
15 25 29
25 15 37
15 1 10
1 15 9
15 3 29
3 15 35
15 12 53
12 15 50
15 13 31
13 15 40
15 17 28
17 15 36
15 19 14
19 15 18
15 23 33
23 15 45
16 18 10
18 16 17
16 20 30
20 16 40
16 21 36
21 16 37
16 22 18
22 16 36
16 24 31
24 16 25
16 25 32
25 16 45
16 1 45
1 16 34
16 3 9
3 16 8
16 12 20
12 16 22
16 13 21
13 16 24
16 17 8
17 16 14
16 19 54
19 16 46
16 23 25
23 16 35
18 20 38
20 18 57
18 21 54
21 18 53
18 22 53
22 18 44
18 24 29
24 18 26
18 25 75
25 18 57
18 1 58
1 18 51
18 3 9
3 18 15
18 12 20
12 18 14
18 13 27
13 18 29
18 17 20
17 18 20
18 19 43
19 18 63
18 23 46
23 18 39
20 21 25
21 20 25
20 22 60
22 20 48
20 24 66
24 20 55
20 25 27
25 20 44
20 1 10
1 20 15
20 3 26
3 20 45
20 12 32
12 20 59
20 13 32
13 20 50
20 17 60
17 20 46
20 19 25
19 20 17
20 23 29
23 20 55
21 22 17
22 21 26
21 24 53
24 21 40
21 25 16
25 21 19
21 1 9
1 21 11
21 3 48
3 21 38
21 12 70
12 21 49
21 13 38
13 21 34
21 17 29
17 21 35
21 19 14
19 21 15
21 23 43
23 21 34
22 24 11
24 22 21
22 25 21
25 22 16
22 1 27
1 22 34
22 3 28
3 22 31
22 12 18
12 22 34
22 13 9
13 22 16
22 17 27
17 22 24
22 19 60
19 22 41
22 23 12
23 22 9
24 25 30
25 24 36
24 1 35
1 24 43
24 3 11
3 24 18
24 12 18
12 24 13
24 13 4
13 24 6
24 17 10
17 24 11
24 19 42
19 24 54
24 23 8
23 24 14
25 1 19
1 25 29
25 3 53
3 25 43
25 12 39
12 25 48
25 13 39
13 25 30
25 17 43
17 25 36
25 19 35
19 25 32
25 23 34
23 25 25
1 3 54
3 1 37
1 12 30
12 1 50
1 13 43
13 1 38
1 17 49
17 1 36
1 19 7
19 1 12
1 23 59
23 1 41
3 12 14
12 3 15
3 13 15
13 3 18
3 17 6
17 3 8
3 19 30
19 3 49
3 23 15
23 3 29
12 13 10
13 12 18
12 17 17
17 12 14
12 19 70
19 12 61
12 23 26
23 12 27
13 17 7
17 13 10
13 19 48
19 13 48
13 23 14
23 13 11
17 19 53
19 17 47
17 23 19
23 17 21
19 23 62
23 19 49
