1 9 3 13 650

140 150

26 5 2 37 52

2 26 52 64
4 29 40 30
6 23 17 63
7 29 31 62
8 18 52 33
9 22 51 21
10 23 42 41
11 28 31 32
12 27 5 25
1 27 49 49
3 28 20 26
5 19 21 47

13 12 42
14 36 16
15 52 41
16 27 23
17 17 33
18 13 13
19 57 58
20 62 42
21 42 57
22 16 57
23 8 52
24 7 38
25 27 68

26 2 13
2 26 19
26 4 31
4 26 22
26 6 22
6 26 23
26 7 12
7 26 12
26 8 22
8 26 24
26 9 44
9 26 34
26 10 7
10 26 12
26 11 18
11 26 21
26 12 34
12 26 42
26 1 9
1 26 12
26 3 43
3 26 31
26 5 18
5 26 17
26 13 36
13 26 27
26 14 51
14 26 36
26 15 25
15 26 19
26 16 38
16 26 31
26 17 29
17 26 28
26 18 52
18 26 46
26 19 16
19 26 21
26 20 39
20 26 27
26 21 7
21 26 7
26 22 27
22 26 22
26 23 27
23 26 29
26 24 44
24 26 33
26 25 10
25 26 19
2 4 41
4 2 36
2 6 25
6 2 35
2 7 14
7 2 21
2 8 28
8 2 31
2 9 31
9 2 43
2 10 29
10 2 25
2 11 55
11 2 38
2 12 75
12 2 61
2 1 18
1 2 15
2 3 39
3 2 50
2 5 24
5 2 35
2 13 28
13 2 45
2 14 69
14 2 51
2 15 22
15 2 23
2 16 33
16 2 48
2 17 54
17 2 47
2 18 52
18 2 64
2 19 8
19 2 8
2 20 34
20 2 24
2 21 17
21 2 12
2 22 54
22 2 37
2 23 39
23 2 46
2 24 55
24 2 51
2 25 31
25 2 25
4 6 29
6 4 40
4 7 32
7 4 33
4 8 13
8 4 12
4 9 17
9 4 14
4 10 13
10 4 11
4 11 7
11 4 9
4 12 34
12 4 35
4 1 13
1 4 21
4 3 20
3 4 20
4 5 15
5 4 25
4 13 42
13 4 30
4 14 9
14 4 15
4 15 17
15 4 16
4 16 13
16 4 15
4 17 23
17 4 23
4 18 47
18 4 32
4 19 43
19 4 33
4 20 29
20 4 25
4 21 21
21 4 27
4 22 21
22 4 36
4 23 48
23 4 39
4 24 38
24 4 34
4 25 53
25 4 40
6 7 14
7 6 14
6 8 32
8 6 46
6 9 56
9 6 54
6 10 37
10 6 33
6 11 17
11 6 34
6 12 33
12 6 40
6 1 43
1 6 35
6 3 22
3 6 37
6 5 10
5 6 16
6 13 25
13 6 22
6 14 52
14 6 51
6 15 23
15 6 41
6 16 56
16 6 41
6 17 16
17 6 30
6 18 49
18 6 50
6 19 56
19 6 40
6 20 73
20 6 50
6 21 25
21 6 26
6 22 4
22 6 6
6 23 18
23 6 14
6 24 26
24 6 27
6 25 9
25 6 11
7 8 37
8 7 36
7 9 25
9 7 46
7 10 12
10 7 24
7 11 32
11 7 30
7 12 23
12 7 45
7 1 32
1 7 22
7 3 40
3 7 38
7 5 26
5 7 18
7 13 34
13 7 28
7 14 28
14 7 46
7 15 43
15 7 30
7 16 43
16 7 39
7 17 36
17 7 32
7 18 39
18 7 52
7 19 36
19 7 26
7 20 41
20 7 37
7 21 13
21 7 12
7 22 10
22 7 16
7 23 36
23 7 25
7 24 45
24 7 34
7 25 4
25 7 7
8 9 8
9 8 12
8 10 18
10 8 13
8 11 27
11 8 21
8 12 48
12 8 48
8 1 18
1 8 16
8 3 38
3 8 32
8 5 17
5 8 34
8 13 25
13 8 41
8 14 24
14 8 23
8 15 8
15 8 8
8 16 16
16 8 27
8 17 35
17 8 35
8 18 22
18 8 44
8 19 25
19 8 25
8 20 19
20 8 13
8 21 34
21 8 26
8 22 44
22 8 43
8 23 65
23 8 48
8 24 40
24 8 45
8 25 24
25 8 43
9 10 26
10 9 22
9 11 28
11 9 23
9 12 38
12 9 46
9 1 38
1 9 28
9 3 32
3 9 31
9 5 41
5 9 40
9 13 47
13 9 44
9 14 15
14 9 16
9 15 12
15 9 20
9 16 26
16 9 24
9 17 34
17 9 36
9 18 50
18 9 39
9 19 46
19 9 37
9 20 29
20 9 24
9 21 25
21 9 37
9 22 51
22 9 50
9 23 63
23 9 53
9 24 64
24 9 47
9 25 69
25 9 53
10 11 14
11 10 14
10 12 45
12 10 40
10 1 10
1 10 11
10 3 34
3 10 27
10 5 32
5 10 22
10 13 22
13 10 30
10 14 20
14 10 26
10 15 11
15 10 10
10 16 21
16 10 23
10 17 34
17 10 26
10 18 26
18 10 40
10 19 28
19 10 23
10 20 25
20 10 20
10 21 10
21 10 16
10 22 22
22 10 31
10 23 44
23 10 36
10 24 26
24 10 35
10 25 46
25 10 31
11 12 35
12 11 27
11 1 20
1 11 25
11 3 17
3 11 13
11 5 16
5 11 18
11 13 11
13 11 21
11 14 14
14 11 17
11 15 24
15 11 23
11 16 14
16 11 10
11 17 12
17 11 14
11 18 32
18 11 26
11 19 38
19 11 37
11 20 41
20 11 33
11 21 14
21 11 27
11 22 40
22 11 29
11 23 20
23 11 30
11 24 24
24 11 25
11 25 28
25 11 36
12 1 43
1 12 50
12 3 15
3 12 15
12 5 17
5 12 27
12 13 23
13 12 18
12 14 29
14 12 32
12 15 39
15 12 50
12 16 19
16 12 22
12 17 19
17 12 14
12 18 10
18 12 14
12 19 76
19 12 61
12 20 55
20 12 59
12 21 60
21 12 49
12 22 46
22 12 34
12 23 34
23 12 27
12 24 15
24 12 13
12 25 53
25 12 48
1 3 48
3 1 37
1 5 21
5 1 28
1 13 42
13 1 38
1 14 51
14 1 35
1 15 7
15 1 9
1 16 46
16 1 34
1 17 27
17 1 36
1 18 56
18 1 51
1 19 14
19 1 12
1 20 10
20 1 15
1 21 13
21 1 11
1 22 28
22 1 34
1 23 48
23 1 41
1 24 59
24 1 43
1 25 18
25 1 29
3 5 24
5 3 21
3 13 23
13 3 18
3 14 18
14 3 19
3 15 18
15 3 35
3 16 11
16 3 8
3 17 7
17 3 8
3 18 19
18 3 15
3 19 45
19 3 49
3 20 24
20 3 45
3 21 23
21 3 38
3 22 28
22 3 31
3 23 18
23 3 29
3 24 14
24 3 18
3 25 27
25 3 43
5 13 5
13 5 10
5 14 17
14 5 34
5 15 26
15 5 32
5 16 14
16 5 25
5 17 21
17 5 15
5 18 42
18 5 35
5 19 35
19 5 38
5 20 25
20 5 41
5 21 34
21 5 23
5 22 13
22 5 11
5 23 8
23 5 14
5 24 23
24 5 16
5 25 27
25 5 22
13 14 36
14 13 35
13 15 37
15 13 40
13 16 31
16 13 24
13 17 9
17 13 10
13 18 40
18 13 29
13 19 62
19 13 48
13 20 36
20 13 50
13 21 36
21 13 34
13 22 9
22 13 16
13 23 8
23 13 11
13 24 5
24 13 6
13 25 35
25 13 30
14 15 17
15 14 30
14 16 7
16 14 11
14 17 21
17 14 25
14 18 28
18 14 23
14 19 33
19 14 47
14 20 29
20 14 37
14 21 28
21 14 41
14 22 60
22 14 46
14 23 60
23 14 46
14 24 35
24 14 36
14 25 59
25 14 53
15 16 30
16 15 31
15 17 51
17 15 36
15 18 37
18 15 48
15 19 16
19 15 18
15 20 10
20 15 10
15 21 21
21 15 19
15 22 45
22 15 39
15 23 59
23 15 45
15 24 29
24 15 45
15 25 35
25 15 37
16 17 14
17 16 14
16 18 10
18 16 17
16 19 39
19 16 46
16 20 37
20 16 40
16 21 45
21 16 37
16 22 47
22 16 36
16 23 46
23 16 35
16 24 17
24 16 25
16 25 57
25 16 45
17 18 26
18 17 20
17 19 45
19 17 47
17 20 65
20 17 46
17 21 22
21 17 35
17 22 13
22 17 24
17 23 31
23 17 21
17 24 6
24 17 11
17 25 29
25 17 36
18 19 82
19 18 63
18 20 30
20 18 57
18 21 77
21 18 53
18 22 60
22 18 44
18 23 24
23 18 39
18 24 22
24 18 26
18 25 58
25 18 57
19 20 20
20 19 17
19 21 18
21 19 15
19 22 50
22 19 41
19 23 58
23 19 49
19 24 70
24 19 54
19 25 21
25 19 32
20 21 19
21 20 25
20 22 24
22 20 48
20 23 60
23 20 55
20 24 69
24 20 55
20 25 47
25 20 44
21 22 30
22 21 26
21 23 35
23 21 34
21 24 31
24 21 40
21 25 28
25 21 19
22 23 11
23 22 9
22 24 20
24 22 21
22 25 16
25 22 16
23 24 14
24 23 14
23 25 31
25 23 25
24 25 27
25 24 36
