1 28 28 19 5700

260 290

1 4 9 22 22

4 9 45 35
5 9 55 20
6 8 33 34
7 9 50 50
9 12 26 59
11 9 55 65
14 11 62 57
17 12 33 44
18 10 9 56
19 12 62 48
21 11 44 13
22 11 26 13
25 12 17 64
30 10 43 26
31 11 31 76
33 9 26 29
35 9 55 50
41 10 12 17
42 11 15 14
43 9 16 19
46 12 51 42
47 12 50 15
49 10 12 38
50 8 15 56
52 12 54 38
53 11 55 57
54 9 67 41
56 8 6 25
2 8 36 26
3 10 21 45
8 10 55 45
10 9 40 66
12 10 35 51
13 11 62 35
15 10 62 24
16 12 21 36
20 12 66 14
23 10 11 28
24 10 7 43
26 12 41 46
27 12 55 34
28 11 35 16
29 10 52 26
32 12 22 53
34 10 50 40
36 9 54 10
37 12 60 15
38 9 47 66
39 10 30 60
40 12 30 50
44 12 21 48
45 12 50 30
48 9 48 21
51 10 29 39
55 10 10 70
57 10 65 27

58 40 60
59 70 64
60 64 4
61 36 6
62 30 20
63 20 30
64 15 5
65 50 70
66 57 72
67 45 42
68 38 33
69 50 4
70 66 8
71 59 5
72 35 60
73 27 24
74 40 20
75 40 37
76 40 40

1 4 28
4 1 26
1 5 48
5 1 33
1 6 9
6 1 16
1 7 32
7 1 39
1 9 45
9 1 37
1 11 62
11 1 54
1 14 41
14 1 53
1 17 24
17 1 25
1 18 25
18 1 36
1 19 57
19 1 47
1 21 27
21 1 24
1 22 7
22 1 10
1 25 61
25 1 42
1 30 23
30 1 21
1 31 56
31 1 55
1 33 11
33 1 8
1 35 44
35 1 43
1 41 16
41 1 11
1 42 10
42 1 11
1 43 8
43 1 7
1 46 21
46 1 35
1 47 17
47 1 29
1 49 13
49 1 19
1 50 39
50 1 35
1 52 26
52 1 35
1 53 35
53 1 48
1 54 46
54 1 48
1 56 13
56 1 16
1 2 16
2 1 15
1 3 33
3 1 23
1 8 56
8 1 40
1 10 38
10 1 48
1 12 16
12 1 32
1 13 31
13 1 42
1 15 44
15 1 40
1 16 13
16 1 14
1 20 28
20 1 45
1 23 15
23 1 13
1 24 17
24 1 26
1 26 18
26 1 30
1 27 47
27 1 35
1 28 11
28 1 14
1 29 21
29 1 30
1 32 22
32 1 31
1 34 22
34 1 33
1 36 29
36 1 34
1 37 37
37 1 39
1 38 55
38 1 51
1 39 31
39 1 39
1 40 34
40 1 29
1 44 36
44 1 26
1 45 43
45 1 29
1 48 19
48 1 26
1 51 18
51 1 18
1 55 44
55 1 49
1 57 55
57 1 43
1 58 23
58 1 42
1 59 65
59 1 63
1 60 25
60 1 45
1 61 26
61 1 21
1 62 6
62 1 8
1 63 5
63 1 8
1 64 26
64 1 18
1 65 33
65 1 55
1 66 36
66 1 61
1 67 35
67 1 30
1 68 22
68 1 19
1 69 24
69 1 33
1 70 34
70 1 46
1 71 27
71 1 40
1 72 37
72 1 40
1 73 6
73 1 5
1 74 14
74 1 18
1 75 21
75 1 23
1 76 34
76 1 25
4 5 23
5 4 18
4 6 8
6 4 12
4 7 21
7 4 16
4 9 17
9 4 31
4 11 26
11 4 32
4 14 36
14 4 28
4 17 17
17 4 15
4 18 23
18 4 42
4 19 12
19 4 21
4 21 27
21 4 22
4 22 40
22 4 29
4 25 34
25 4 40
4 30 11
30 4 9
4 31 22
31 4 43
4 33 18
33 4 20
4 35 10
35 4 18
4 41 34
41 4 38
4 42 19
42 4 37
4 43 20
43 4 33
4 46 6
46 4 9
4 47 22
47 4 21
4 49 47
49 4 33
4 50 29
50 4 37
4 52 5
52 4 9
4 53 25
53 4 24
4 54 20
54 4 22
4 56 35
56 4 40
4 2 15
2 4 13
4 3 22
3 4 26
4 8 13
8 4 14
4 10 40
10 4 31
4 12 21
12 4 19
4 13 21
13 4 17
4 15 25
15 4 20
4 16 33
16 4 24
4 20 28
20 4 30
4 23 37
23 4 35
4 24 58
24 4 39
4 26 12
26 4 12
4 27 5
27 4 10
4 28 25
28 4 21
4 29 15
29 4 11
4 32 39
32 4 29
4 34 8
34 4 7
4 36 30
36 4 27
4 37 26
37 4 25
4 38 40
38 4 31
4 39 27
39 4 29
4 40 23
40 4 21
4 44 27
44 4 27
4 45 8
45 4 7
4 48 17
48 4 14
4 51 16
51 4 16
4 55 25
55 4 49
4 57 32
57 4 22
4 58 32
58 4 25
4 59 37
59 4 38
4 60 47
60 4 36
4 61 17
61 4 30
4 62 15
62 4 21
4 63 20
63 4 25
4 64 25
64 4 42
4 65 18
65 4 35
4 66 46
66 4 39
4 67 7
67 4 7
4 68 8
68 4 7
4 69 25
69 4 31
4 70 40
70 4 34
4 71 36
71 4 33
4 72 31
72 4 27
4 73 30
73 4 21
4 74 17
74 4 16
4 75 5
75 4 5
4 76 8
76 4 7
5 6 20
6 5 26
5 7 41
7 5 30
5 9 41
9 5 49
5 11 28
11 5 45
5 14 33
14 5 38
5 17 33
17 5 33
5 18 72
18 5 58
5 19 41
19 5 29
5 21 13
21 5 13
5 22 34
22 5 30
5 25 70
25 5 58
5 30 14
30 5 13
5 31 72
31 5 61
5 33 28
33 5 30
5 35 42
35 5 30
5 41 57
41 5 43
5 42 28
42 5 40
5 43 34
43 5 39
5 46 19
46 5 22
5 47 9
47 5 7
5 49 59
49 5 46
5 50 74
50 5 54
5 52 18
52 5 18
5 53 43
53 5 37
5 54 20
54 5 24
5 56 26
56 5 49
5 2 11
2 5 20
5 3 21
3 5 42
5 8 19
8 5 25
5 10 36
10 5 48
5 12 44
12 5 37
5 13 19
13 5 17
5 15 9
15 5 8
5 16 55
16 5 38
5 20 13
20 5 13
5 23 41
23 5 45
5 24 52
24 5 53
5 26 20
26 5 30
5 27 19
27 5 14
5 28 24
28 5 20
5 29 9
29 5 7
5 32 58
32 5 47
5 34 14
34 5 21
5 36 7
36 5 10
5 37 7
37 5 7
5 38 45
38 5 46
5 39 30
39 5 47
5 40 56
40 5 39
5 44 63
44 5 44
5 45 13
45 5 11
5 48 4
48 5 7
5 51 29
51 5 32
5 55 55
55 5 67
5 57 14
57 5 12
5 58 28
58 5 43
5 59 26
59 5 46
5 60 23
60 5 18
5 61 35
61 5 24
5 62 31
62 5 25
5 63 25
63 5 36
5 64 54
64 5 43
5 65 28
65 5 50
5 66 59
66 5 52
5 67 33
67 5 24
5 68 19
68 5 21
5 69 10
69 5 17
5 70 16
70 5 16
5 71 11
71 5 16
5 72 26
72 5 45
5 73 32
73 5 28
5 74 18
74 5 15
5 75 12
75 5 23
5 76 34
76 5 25
6 7 29
7 6 23
6 9 23
9 6 26
6 11 54
11 6 38
6 14 29
14 6 37
6 17 11
17 6 10
6 18 37
18 6 33
6 19 43
19 6 32
6 21 34
21 6 24
6 22 14
22 6 22
6 25 49
25 6 34
6 30 14
30 6 13
6 31 49
31 6 42
6 33 6
33 6 9
6 35 33
35 6 27
6 41 27
41 6 27
6 42 32
42 6 27
6 43 26
43 6 23
6 46 14
46 6 20
6 47 20
47 6 25
6 49 29
49 6 21
6 50 23
50 6 28
6 52 11
52 6 21
6 53 45
53 6 32
6 54 42
54 6 34
6 56 28
56 6 28
6 2 11
2 6 9
6 3 17
3 6 16
6 8 33
8 6 25
6 10 27
10 6 33
6 12 23
12 6 17
6 13 28
13 6 29
6 15 42
15 6 31
6 16 9
16 6 12
6 20 35
20 6 39
6 23 17
23 6 23
6 24 18
24 6 28
6 26 19
26 6 14
6 27 17
27 6 22
6 28 21
28 6 18
6 29 27
29 6 21
6 32 16
32 6 22
6 34 20
34 6 18
6 36 26
36 6 32
6 37 43
37 6 33
6 38 20
38 6 35
6 39 16
39 6 26
6 40 17
40 6 16
6 44 10
44 6 18
6 45 19
45 6 17
6 48 23
48 6 20
6 51 4
51 6 6
6 55 52
55 6 42
6 57 19
57 6 32
6 58 38
58 6 27
6 59 47
59 6 47
6 60 24
60 6 43
6 61 16
61 6 28
6 62 7
62 6 14
6 63 14
63 6 14
6 64 18
64 6 34
6 65 36
65 6 40
6 66 30
66 6 45
6 67 12
67 6 14
6 68 3
68 6 5
6 69 28
69 6 34
6 70 58
70 6 42
6 71 42
71 6 38
6 72 27
72 6 26
6 73 11
73 6 12
6 74 8
74 6 16
6 75 10
75 6 8
6 76 6
76 6 9
7 9 29
9 7 26
7 11 23
11 7 16
7 14 8
14 7 14
7 17 14
17 7 18
7 18 22
18 7 41
7 19 9
19 7 12
7 21 19
21 7 37
7 22 59
22 7 44
7 25 21
25 7 36
7 30 34
30 7 25
7 31 42
31 7 32
7 33 21
33 7 32
7 35 3
35 7 5
7 41 54
41 7 50
7 42 68
42 7 50
7 43 50
43 7 46
7 46 8
46 7 8
7 47 44
47 7 35
7 49 22
49 7 40
7 50 23
50 7 36
7 52 16
52 7 13
7 53 6
53 7 9
7 54 23
54 7 19
7 56 46
56 7 51
7 2 26
2 7 28
7 3 27
3 7 29
7 8 6
8 7 7
7 10 18
10 7 19
7 12 13
12 7 15
7 13 22
13 7 19
7 15 17
15 7 29
7 16 32
16 7 32
7 20 46
20 7 39
7 23 38
23 7 45
7 24 63
24 7 44
7 26 12
26 7 10
7 27 23
27 7 17
7 28 21
28 7 37
7 29 15
29 7 24
7 32 22
32 7 28
7 34 10
34 7 10
7 36 52
36 7 40
7 37 46
37 7 36
7 38 15
38 7 16
7 39 26
39 7 22
7 40 22
40 7 20
7 44 19
44 7 29
7 45 11
45 7 20
7 48 15
48 7 29
7 51 29
51 7 24
7 55 27
55 7 44
7 57 14
57 7 27
7 58 20
58 7 14
7 59 17
59 7 24
7 60 24
60 7 48
7 61 47
61 7 46
7 62 24
62 7 36
7 63 37
63 7 36
7 64 72
64 7 57
7 65 28
65 7 20
7 66 20
66 7 23
7 67 11
67 7 9
7 68 11
68 7 20
7 69 25
69 7 46
7 70 33
70 7 45
7 71 50
71 7 46
7 72 23
72 7 18
7 73 20
73 7 34
7 74 23
74 7 32
7 75 18
75 7 16
7 76 15
76 7 14
9 11 40
11 9 30
9 14 33
14 9 36
9 17 10
17 9 17
9 18 10
18 9 17
9 19 26
19 9 38
9 21 55
21 9 49
9 22 40
22 9 46
9 25 11
25 9 10
9 30 49
30 9 37
9 31 14
31 9 18
9 33 44
33 9 30
9 35 30
35 9 30
9 41 35
41 9 44
9 42 51
42 9 46
9 43 28
43 9 41
9 46 27
46 9 30
9 47 27
47 9 50
9 49 33
49 9 25
9 50 9
50 9 11
9 52 21
52 9 35
9 53 15
53 9 29
9 54 43
54 9 45
9 56 48
56 9 39
9 2 34
2 9 34
9 3 11
3 9 15
9 8 25
8 9 32
9 10 17
10 9 16
9 12 10
12 9 12
9 13 28
13 9 43
9 15 46
15 9 50
9 16 14
16 9 24
9 20 76
20 9 60
9 23 44
23 9 34
9 24 18
24 9 25
9 26 18
26 9 20
9 27 33
27 9 38
9 28 61
28 9 44
9 29 44
29 9 42
9 32 8
32 9 7
9 34 18
34 9 31
9 36 71
36 9 56
9 37 29
37 9 56
9 38 27
38 9 22
9 39 4
39 9 4
9 40 6
40 9 10
9 44 9
44 9 12
9 45 34
45 9 38
9 48 38
48 9 44
9 51 14
51 9 20
9 55 10
55 9 19
9 57 67
57 9 50
9 58 17
58 9 14
9 59 32
59 9 44
9 60 77
60 9 67
9 61 31
61 9 54
9 62 54
62 9 39
9 63 40
63 9 30
9 64 38
64 9 55
9 65 33
65 9 26
9 66 42
66 9 33
9 67 19
67 9 25
9 68 26
68 9 29
9 69 52
69 9 60
9 70 53
70 9 65
9 71 55
71 9 63
9 72 5
72 9 9
9 73 35
73 9 35
9 74 31
74 9 41
9 75 33
75 9 26
9 76 33
76 9 24
11 14 16
14 11 11
11 17 43
17 11 30
11 18 26
18 11 47
11 19 22
19 11 18
11 21 42
21 11 53
11 22 58
22 11 60
11 25 24
25 11 38
11 30 29
30 11 41
11 31 15
31 11 26
11 33 43
33 11 46
11 35 13
35 11 15
11 41 33
41 11 64
11 42 41
42 11 65
11 43 33
43 11 60
11 46 33
46 11 23
11 47 64
47 11 50
11 49 57
49 11 50
11 50 27
50 11 41
11 52 16
52 11 27
11 53 11
53 11 8
11 54 31
54 11 27
11 56 77
56 11 63
11 2 42
2 11 43
11 3 47
3 11 39
11 8 14
8 11 20
11 10 8
10 11 15
11 12 14
12 11 24
11 13 28
13 11 31
11 15 32
15 11 42
11 16 29
16 11 45
11 20 54
20 11 52
11 23 55
23 11 57
11 24 58
24 11 53
11 26 13
26 11 24
11 27 43
27 11 31
11 28 59
28 11 53
11 29 44
29 11 39
11 32 38
32 11 35
11 34 18
34 11 25
11 36 45
36 11 55
11 37 57
37 11 50
11 38 9
38 11 8
11 39 22
39 11 25
11 40 43
40 11 29
11 44 54
44 11 38
11 45 38
45 11 35
11 48 60
48 11 44
11 51 51
51 11 36
11 55 60
55 11 45
11 57 24
57 11 39
11 58 9
58 11 16
11 59 19
59 11 15
11 60 80
60 11 62
11 61 59
61 11 62
11 62 69
62 11 51
11 63 49
63 11 49
11 64 50
64 11 72
11 65 4
65 11 7
11 66 5
66 11 7
11 67 31
67 11 25
11 68 46
68 11 36
11 69 72
69 11 61
11 70 32
70 11 58
11 71 36
71 11 60
11 72 26
72 11 21
11 73 42
73 11 50
11 74 54
74 11 47
11 75 29
75 11 32
11 76 25
76 11 29
14 17 44
17 14 32
14 18 73
18 14 53
14 19 11
19 14 9
14 21 68
21 14 48
14 22 65
22 14 57
14 25 24
25 14 46
14 30 23
30 14 36
14 31 28
31 14 36
14 33 35
33 14 46
14 35 10
35 14 10
14 41 39
41 14 64
14 42 38
42 14 64
14 43 48
43 14 60
14 46 16
46 14 19
14 47 51
47 14 44
14 49 69
49 14 53
14 50 27
50 14 47
14 52 21
52 14 21
14 53 9
53 14 7
14 54 17
54 14 17
14 56 62
56 14 64
14 2 48
2 14 40
14 3 31
3 14 43
14 8 14
8 14 14
14 10 35
10 14 24
14 12 40
12 14 28
14 13 32
13 14 22
14 15 41
15 14 33
14 16 45
16 14 46
14 20 33
20 14 43
14 23 48
23 14 59
14 24 72
24 14 57
14 26 34
26 14 24
14 27 26
27 14 24
14 28 44
28 14 49
14 29 19
29 14 33
14 32 27
32 14 40
14 34 19
34 14 21
14 36 42
36 14 48
14 37 39
37 14 42
14 38 11
38 14 17
14 39 32
39 14 32
14 40 39
40 14 33
14 44 28
44 14 42
14 45 17
45 14 30
14 48 48
48 14 39
14 51 49
51 14 38
14 55 43
55 14 54
14 57 41
57 14 30
14 58 16
58 14 22
14 59 15
59 14 11
14 60 61
60 14 53
14 61 63
61 14 57
14 62 50
62 14 49
14 63 50
63 14 50
14 64 66
64 14 70
14 65 9
65 14 18
14 66 18
66 14 16
14 67 17
67 14 23
14 68 19
68 14 34
14 69 36
69 14 54
14 70 31
70 14 49
14 71 41
71 14 52
14 72 18
72 14 27
14 73 65
73 14 48
14 74 57
74 14 43
14 75 16
75 14 30
14 76 19
76 14 28
17 18 20
18 17 27
17 19 32
19 17 29
17 21 40
21 17 33
17 22 41
22 17 32
17 25 20
25 17 26
17 30 14
30 17 21
17 31 42
31 17 32
17 33 14
33 17 17
17 35 34
35 17 23
17 41 26
41 17 34
17 42 45
42 17 35
17 43 29
43 17 30
17 46 21
46 17 18
17 47 20
47 17 34
17 49 11
49 17 22
17 50 19
50 17 22
17 52 17
52 17 21
17 53 17
53 17 26
17 54 44
54 17 34
17 56 19
56 17 33
17 2 16
2 17 18
17 3 15
3 17 12
17 8 26
8 17 22
17 10 22
10 17 23
17 12 8
12 17 7
17 13 40
13 17 30
17 15 22
15 17 35
17 16 16
16 17 14
17 20 32
20 17 45
17 23 26
23 17 27
17 24 28
24 17 26
17 26 8
26 17 8
17 27 34
27 17 24
17 28 18
28 17 28
17 29 27
29 17 26
17 32 9
32 17 14
17 34 13
34 17 17
17 36 42
36 17 40
17 37 35
37 17 40
17 38 29
38 17 26
17 39 14
39 17 16
17 40 5
40 17 7
17 44 11
44 17 13
17 45 19
45 17 22
17 48 18
48 17 27
17 51 6
51 17 6
17 55 32
55 17 35
17 57 53
57 17 36
17 58 25
58 17 17
17 59 59
59 17 42
17 60 53
60 17 50
17 61 53
61 17 38
17 62 12
62 17 24
17 63 18
63 17 19
17 64 42
64 17 43
17 65 43
65 17 31
17 66 46
66 17 37
17 67 11
67 17 12
17 68 12
68 17 12
17 69 37
69 17 43
17 70 56
70 17 49
17 71 35
71 17 46
17 72 15
72 17 16
17 73 24
73 17 21
17 74 19
74 17 25
17 75 8
75 17 10
17 76 7
76 17 8
18 19 67
19 18 54
18 21 63
21 18 55
18 22 51
22 18 46
18 25 15
25 18 11
18 30 27
30 18 45
18 31 30
31 18 29
18 33 43
33 18 32
18 35 60
35 18 46
18 41 44
41 18 39
18 42 45
42 18 42
18 43 51
43 18 38
18 46 56
46 18 44
18 47 54
47 18 58
18 49 10
49 18 18
18 50 5
50 18 6
18 52 28
52 18 48
18 53 39
53 18 46
18 54 73
54 18 60
18 56 42
56 18 31
18 2 28
2 18 40
18 3 10
3 18 16
18 8 30
8 18 47
18 10 46
10 18 33
18 12 22
12 18 26
18 13 72
13 18 57
18 15 65
15 18 62
18 16 31
16 18 23
18 20 87
20 18 71
18 23 39
23 18 28
18 24 11
24 18 13
18 26 33
26 18 34
18 27 41
27 18 51
18 28 53
28 18 48
18 29 69
29 18 52
18 32 13
32 18 13
18 34 52
34 18 44
18 36 54
36 18 64
18 37 94
37 18 65
18 38 52
38 18 39
18 39 13
39 18 21
18 40 30
40 18 22
18 44 16
44 18 14
18 45 30
45 18 48
18 48 26
48 18 52
18 51 13
51 18 26
18 55 19
55 18 14
18 57 94
57 18 63
18 58 42
58 18 31
18 59 77
59 18 61
18 60 77
60 18 75
18 61 44
61 18 57
18 62 44
62 18 42
18 63 17
63 18 28
18 64 33
64 18 51
18 65 23
65 18 43
18 66 61
66 18 50
18 67 24
67 18 38
18 68 29
68 18 37
18 69 51
69 18 66
18 70 38
70 18 74
18 71 57
71 18 71
18 72 37
72 18 26
18 73 53
73 18 37
18 74 38
74 18 48
18 75 30
75 18 36
18 76 42
76 18 35
19 21 37
21 19 39
19 22 72
22 19 50
19 25 55
25 19 48
19 30 31
30 19 29
19 31 38
31 19 42
19 33 60
33 19 41
19 35 4
35 19 7
19 41 63
41 19 58
19 42 40
42 19 58
19 43 39
43 19 54
19 46 11
46 19 13
19 47 27
47 19 35
19 49 70
49 19 51
19 50 38
50 19 47
19 52 16
52 19 13
19 53 13
53 19 11
19 54 13
54 19 9
19 56 53
56 19 60
19 2 29
2 19 34
19 3 24
3 19 41
19 8 4
8 19 8
19 10 34
10 19 28
19 12 18
12 19 27
19 13 9
13 19 13
19 15 27
15 19 24
19 16 31
16 19 43
19 20 39
20 19 34
19 23 34
23 19 55
19 24 46
24 19 55
19 26 14
26 19 21
19 27 10
27 19 16
19 28 29
28 19 42
19 29 30
29 19 24
19 32 38
32 19 40
19 34 12
34 19 14
19 36 35
36 19 39
19 37 35
37 19 33
19 38 34
38 19 23
19 39 34
39 19 34
19 40 26
40 19 32
19 44 31
44 19 41
19 45 27
45 19 22
19 48 44
48 19 30
19 51 23
51 19 34
19 55 55
55 19 56
19 57 14
57 19 21
19 58 15
58 19 25
19 59 13
59 19 18
19 60 24
60 19 44
19 61 50
61 19 49
19 62 47
62 19 42
19 63 57
63 19 46
19 64 32
64 19 63
19 65 25
65 19 25
19 66 28
66 19 25
19 67 23
67 19 18
19 68 31
68 19 28
19 69 64
69 19 46
19 70 58
70 19 40
19 71 59
71 19 43
19 72 32
72 19 29
19 73 33
73 19 42
19 74 25
74 19 36
19 75 13
75 19 24
19 76 12
76 19 23
21 22 24
22 21 18
21 25 39
25 21 58
21 30 18
30 21 13
21 31 40
31 21 64
21 33 33
33 21 24
21 35 30
35 21 39
21 41 25
41 21 32
21 42 33
42 21 29
21 43 33
43 21 28
21 46 27
46 21 30
21 47 8
47 21 6
21 49 33
49 21 41
21 50 39
50 21 52
21 52 36
52 21 27
21 53 47
53 21 45
21 54 43
54 21 36
21 56 54
56 21 39
21 2 9
2 21 15
21 3 20
3 21 39
21 8 19
8 21 34
21 10 51
10 21 53
21 12 30
12 21 39
21 13 36
13 21 28
21 15 31
15 21 21
21 16 35
16 21 33
21 20 18
20 21 22
21 23 47
23 21 36
21 24 26
24 21 48
21 26 32
26 21 33
21 27 15
27 21 24
21 28 11
28 21 9
21 29 13
29 21 15
21 32 25
32 21 46
21 34 15
34 21 28
21 36 9
36 21 10
21 37 23
37 21 16
21 38 72
38 21 53
21 39 29
39 21 49
21 40 30
40 21 40
21 44 28
44 21 42
21 45 18
45 21 18
21 48 8
48 21 9
21 51 16
51 21 30
21 55 85
55 21 66
21 57 14
57 21 25
21 58 39
58 21 47
21 59 50
59 21 57
21 60 12
60 21 22
21 61 8
61 21 11
21 62 11
62 21 15
21 63 43
63 21 29
21 64 16
64 21 30
21 65 41
65 21 57
21 66 67
66 21 60
21 67 38
67 21 29
21 68 24
68 21 21
21 69 12
69 21 11
21 70 30
70 21 22
21 71 18
71 21 17
21 72 24
72 21 48
21 73 29
73 21 20
21 74 6
74 21 8
21 75 22
75 21 24
21 76 37
76 21 27
22 25 67
25 22 52
22 30 12
30 22 21
22 31 50
31 22 63
22 33 10
33 22 16
22 35 28
35 22 47
22 41 13
41 22 15
22 42 13
42 22 11
22 43 7
43 22 12
22 46 32
46 22 38
22 47 26
47 22 24
22 49 36
49 22 29
22 50 37
50 22 44
22 52 51
52 22 37
22 53 44
53 22 53
22 54 59
54 22 49
22 56 33
56 22 23
22 2 15
2 22 16
22 3 47
3 22 32
22 8 58
8 22 43
22 10 57
10 22 55
22 12 58
12 22 39
22 13 61
13 22 42
22 15 49
15 22 38
22 16 16
16 22 24
22 20 31
20 22 40
22 23 26
23 22 21
22 24 42
24 22 36
22 26 31
26 22 36
22 27 31
27 22 36
22 28 13
28 22 9
22 29 27
29 22 29
22 32 46
32 22 40
22 34 42
34 22 36
22 36 14
36 22 28
22 37 17
37 22 34
22 38 66
38 22 57
22 39 34
39 22 47
22 40 44
40 22 37
22 44 19
44 22 35
22 45 25
45 22 29
22 48 31
48 22 23
22 51 18
51 22 26
22 55 39
55 22 59
22 57 42
57 22 41
22 58 73
58 22 49
22 59 35
59 22 67
22 60 35
60 22 39
22 61 14
61 22 12
22 62 9
62 22 8
22 63 18
63 22 18
22 64 14
64 22 14
22 65 49
65 22 62
22 66 84
66 22 67
22 67 35
67 22 35
22 68 12
68 22 23
22 69 36
69 22 26
22 70 27
70 22 40
22 71 20
71 22 34
22 72 67
72 22 48
22 73 6
73 22 11
22 74 14
74 22 15
22 75 31
75 22 27
22 76 28
76 22 30
25 30 65
30 25 46
25 31 16
31 25 18
25 33 22
33 25 36
25 35 52
35 25 40
25 41 61
41 25 47
25 42 68
42 25 50
25 43 38
43 25 45
25 46 31
46 25 40
25 47 53
47 25 59
25 49 33
49 25 26
25 50 4
50 25 8
25 52 54
52 25 45
25 53 48
53 25 39
25 54 77
54 25 55
25 56 36
56 25 40
25 2 26
2 25 42
25 3 16
3 25 19
25 8 39
8 25 42
25 10 21
10 25 23
25 12 12
12 25 22
25 13 32
13 25 54
25 15 52
15 25 60
25 16 23
16 25 28
25 20 60
20 25 70
25 23 43
23 25 36
25 24 24
24 25 23
25 26 42
26 25 30
25 27 68
27 25 48
25 28 62
28 25 51
25 29 36
29 25 52
25 32 6
32 25 12
25 34 36
34 25 41
25 36 85
36 25 65
25 37 33
37 25 65
25 38 15
38 25 30
25 39 16
39 25 14
25 40 28
40 25 19
25 44 9
44 25 16
25 45 45
45 25 47
25 48 34
48 25 53
25 51 18
51 25 28
25 55 12
55 25 9
25 57 53
57 25 60
25 58 33
58 25 23
25 59 53
59 25 53
25 60 64
60 25 76
25 61 80
61 25 61
25 62 33
62 25 45
25 63 20
63 25 34
25 64 72
64 25 59
25 65 50
65 25 34
25 66 24
66 25 41
25 67 35
67 25 36
25 68 32
68 25 37
25 69 82
69 25 68
25 70 94
70 25 74
25 71 39
71 25 72
25 72 18
72 25 18
25 73 43
73 25 41
25 74 43
74 25 50
25 75 36
75 25 35
25 76 44
76 25 33
30 31 52
31 30 51
30 33 20
33 30 17
30 35 15
35 30 27
30 41 22
41 30 32
30 42 38
42 30 30
30 43 21
43 30 28
30 46 17
46 30 18
30 47 15
47 30 13
30 49 33
49 30 33
30 50 32
50 30 41
30 52 11
52 30 16
30 53 46
53 30 33
30 54 32
54 30 28
30 56 48
56 30 37
30 2 8
2 30 7
30 3 16
3 30 29
30 8 32
8 30 22
30 10 22
10 30 40
30 12 16
12 30 26
30 13 16
13 30 21
30 15 19
15 30 19
30 16 19
16 30 24
30 20 37
20 30 26
30 23 45
23 30 32
30 24 58
24 30 40
30 26 22
26 30 20
30 27 7
27 30 14
30 28 13
28 30 13
30 29 13
29 30 9
30 32 32
32 30 34
30 34 21
34 30 16
30 36 21
36 30 19
30 37 11
37 30 20
30 38 21
38 30 40
30 39 51
39 30 36
30 40 21
40 30 27
30 44 17
44 30 31
30 45 8
45 30 8
30 48 10
48 30 7
30 51 21
51 30 19
30 55 72
55 30 55
30 57 13
57 30 22
30 58 31
58 30 34
30 59 64
59 30 47
30 60 39
60 30 30
30 61 18
61 30 21
30 62 13
62 30 14
30 63 19
63 30 23
30 64 42
64 30 35
30 65 58
65 30 45
30 66 71
66 30 48
30 67 18
67 30 16
30 68 6
68 30 9
30 69 26
69 30 23
30 70 23
70 30 29
30 71 25
71 30 26
30 72 48
72 30 35
30 73 9
73 30 16
30 74 9
74 30 7
30 75 13
75 30 11
30 76 7
76 30 14
31 33 24
33 31 47
31 35 32
35 31 35
31 41 87
41 31 62
31 42 88
42 31 64
31 43 33
43 31 59
31 46 53
46 31 39
31 47 76
47 31 64
31 49 36
49 31 42
31 50 36
50 31 26
31 52 35
52 31 44
31 53 43
53 31 31
31 54 44
54 31 50
31 56 69
56 31 56
31 2 31
2 31 50
31 3 39
3 31 33
31 8 38
8 31 39
31 10 11
10 31 13
31 12 13
12 31 25
31 13 45
13 31 51
31 15 49
15 31 60
31 16 38
16 31 41
31 20 50
20 31 71
31 23 40
23 31 52
31 24 51
24 31 41
31 26 45
26 31 32
31 27 26
27 31 48
31 28 43
28 31 60
31 29 80
29 31 54
31 32 16
32 31 25
31 34 48
34 31 41
31 36 50
36 31 70
31 37 66
37 31 68
31 38 22
38 31 19
31 39 19
39 31 16
31 40 28
40 31 26
31 44 17
44 31 30
31 45 53
45 31 50
31 48 68
48 31 58
31 51 33
51 31 37
31 55 26
55 31 22
31 57 53
57 31 60
31 58 11
58 31 18
31 59 23
59 31 41
31 60 62
60 31 79
31 61 36
61 31 70
31 62 73
62 31 56
31 63 45
63 31 47
31 64 94
64 31 72
31 65 16
65 31 20
31 66 26
66 31 26
31 67 46
67 31 37
31 68 63
68 31 44
31 69 110
69 31 74
31 70 85
70 31 76
31 71 58
71 31 76
31 72 20
72 31 16
31 73 35
73 31 52
31 74 29
74 31 56
31 75 49
75 31 40
31 76 21
76 31 37
33 35 28
35 33 36
33 41 18
41 33 18
33 42 22
42 33 19
33 43 11
43 33 14
33 46 16
46 33 28
33 47 36
47 33 28
33 49 16
49 33 17
33 50 33
50 33 29
33 52 38
52 33 29
33 53 56
53 33 40
33 54 58
54 33 42
33 56 21
56 33 20
33 2 13
2 33 10
33 3 13
3 33 17
33 8 19
8 33 33
33 10 43
10 33 40
33 12 35
12 33 24
33 13 43
13 33 36
33 15 44
15 33 36
33 16 8
16 33 9
33 20 28
20 33 43
33 23 13
23 33 15
33 24 34
24 33 24
33 26 16
26 33 23
33 27 22
27 33 29
33 28 10
28 33 16
33 29 27
29 33 26
33 32 12
32 33 24
33 34 24
34 33 26
33 36 26
36 33 34
33 37 31
37 33 37
33 38 58
38 33 43
33 39 44
39 33 31
33 40 24
40 33 21
33 44 24
44 33 20
33 45 16
45 33 24
33 48 29
48 33 23
33 51 6
51 33 10
33 55 55
55 33 44
33 57 32
57 33 39
33 58 21
58 33 34
33 59 41
59 33 56
33 60 26
60 33 45
33 61 25
61 33 25
33 62 7
62 33 10
33 63 3
63 33 6
33 64 27
64 33 26
33 65 44
65 33 47
33 66 45
66 33 53
33 67 20
67 33 23
33 68 9
68 33 13
33 69 40
69 33 35
33 70 43
70 33 45
33 71 44
71 33 41
33 72 29
72 33 32
33 73 6
73 33 5
33 74 25
74 33 17
33 75 13
75 33 16
33 76 23
76 33 18
35 41 78
41 35 54
35 42 49
42 35 54
35 43 65
43 35 50
35 46 11
46 35 9
35 47 38
47 35 35
35 49 54
49 35 45
35 50 38
50 35 40
35 52 17
52 35 12
35 53 6
53 35 7
35 54 8
54 35 15
35 56 51
56 35 55
35 2 39
2 35 31
35 3 23
3 35 34
35 8 5
8 35 5
35 10 24
10 35 22
35 12 18
12 35 20
35 13 21
13 35 17
35 15 23
15 35 27
35 16 39
16 35 37
35 20 34
20 35 38
35 23 66
23 35 49
35 24 68
24 35 49
35 26 16
26 35 15
35 27 21
27 35 16
35 28 47
28 35 39
35 29 28
29 35 24
35 32 36
32 35 33
35 34 9
34 35 11
35 36 30
36 35 40
35 37 44
37 35 35
35 38 24
38 35 18
35 39 33
39 35 27
35 40 25
40 35 25
35 44 37
44 35 34
35 45 26
45 35 21
35 48 28
48 35 30
35 51 16
51 35 28
35 55 37
55 35 49
35 57 14
57 35 25
35 58 25
58 35 18
35 59 15
59 35 21
35 60 44
60 35 47
35 61 69
61 35 48
35 62 52
62 35 39
35 63 31
63 35 40
35 64 71
64 35 60
35 65 21
65 35 21
35 66 14
66 35 22
35 67 8
67 35 13
35 68 19
68 35 24
35 69 38
69 35 46
35 70 52
70 35 43
35 71 62
71 35 45
35 72 15
72 35 22
35 73 55
73 35 38
35 74 31
74 35 34
35 75 10
75 35 20
35 76 24
76 35 18
41 42 4
42 41 4
41 43 4
43 41 4
41 46 62
46 41 46
41 47 54
47 41 38
41 49 26
49 41 21
41 50 44
50 41 39
41 52 57
52 41 46
41 53 45
53 41 58
41 54 49
54 41 59
41 56 5
56 41 10
41 2 17
2 41 26
41 3 22
3 41 29
41 8 38
8 41 51
41 10 38
10 41 56
41 12 41
12 41 41
41 13 58
13 41 53
41 15 68
15 41 50
41 16 13
16 41 21
41 20 45
20 41 54
41 23 16
23 41 11
41 24 36
24 41 26
41 26 26
26 41 41
41 27 38
27 41 46
41 28 29
28 41 23
41 29 34
29 41 41
41 32 50
32 41 37
41 34 26
34 41 44
41 36 64
36 41 43
41 37 27
37 41 48
41 38 31
38 41 60
41 39 56
39 41 47
41 40 43
40 41 38
41 44 16
44 41 32
41 45 53
45 41 40
41 48 53
48 41 36
41 51 34
51 41 28
41 55 58
55 41 53
41 57 79
57 41 54
41 58 52
58 41 51
41 59 62
59 41 74
41 60 65
60 41 54
41 61 29
61 41 26
41 62 11
62 41 18
41 63 17
63 41 15
41 64 11
64 41 12
41 65 40
65 41 65
41 66 91
66 41 71
41 67 38
67 41 41
41 68 24
68 41 30
41 69 46
69 41 40
41 70 48
70 41 55
41 71 50
71 41 49
41 72 50
72 41 49
41 73 11
73 41 16
41 74 25
74 41 28
41 75 22
75 41 34
41 76 20
76 41 36
42 43 3
43 42 5
42 46 45
46 42 46
42 47 40
47 42 35
42 49 12
49 42 24
42 50 29
50 42 42
42 52 42
52 42 46
42 53 68
53 42 59
42 54 69
54 42 58
42 56 12
56 42 14
42 2 24
2 42 24
42 3 26
3 42 32
42 8 60
8 42 51
42 10 80
10 42 58
42 12 39
12 42 42
42 13 57
13 42 51
42 15 38
15 42 48
42 16 12
16 42 23
42 20 33
20 42 51
42 23 9
23 42 15
42 24 25
24 42 30
42 26 22
26 42 41
42 27 43
27 42 44
42 28 23
28 42 20
42 29 31
29 42 39
42 32 45
32 42 40
42 34 23
34 42 44
42 36 20
36 42 39
42 37 34
37 42 45
42 38 67
38 42 61
42 39 47
39 42 48
42 40 23
40 42 39
42 44 45
44 42 34
42 45 56
45 42 38
42 48 46
48 42 34
42 51 42
51 42 29
42 55 44
55 42 56
42 57 39
57 42 52
42 58 46
58 42 52
42 59 78
59 42 74
42 60 59
60 42 50
42 61 25
61 42 22
42 62 17
62 42 16
42 63 15
63 42 17
42 64 11
64 42 9
42 65 43
65 42 66
42 66 57
66 42 72
42 67 21
67 42 41
42 68 25
68 42 30
42 69 44
69 42 36
42 70 63
70 42 51
42 71 32
71 42 45
42 72 62
72 42 50
42 73 17
73 42 16
42 74 19
74 42 26
42 75 22
75 42 34
42 76 37
76 42 36
43 46 30
46 43 42
43 47 22
47 43 34
43 49 28
49 43 19
43 50 51
50 43 37
43 52 29
52 43 42
43 53 58
53 43 54
43 54 43
54 43 55
43 56 11
56 43 12
43 2 18
2 43 21
43 3 36
3 43 26
43 8 56
8 43 47
43 10 60
10 43 53
43 12 37
12 43 37
43 13 49
13 43 49
43 15 46
15 43 46
43 16 11
16 43 18
43 20 54
20 43 50
43 23 14
23 43 10
43 24 20
24 43 26
43 26 41
26 43 37
43 27 60
27 43 42
43 28 17
28 43 19
43 29 51
29 43 37
43 32 20
32 43 35
43 34 44
34 43 40
43 36 26
36 43 39
43 37 27
37 43 44
43 38 42
38 43 56
43 39 53
39 43 43
43 40 37
40 43 34
43 44 34
44 43 29
43 45 43
45 43 36
43 48 46
48 43 32
43 51 24
51 43 24
43 55 75
55 43 51
43 57 41
57 43 50
43 58 62
58 43 48
43 59 74
59 43 70
43 60 65
60 43 50
43 61 31
61 43 24
43 62 13
62 43 14
43 63 16
63 43 12
43 64 18
64 43 14
43 65 45
65 43 61
43 66 74
66 43 67
43 67 46
67 43 37
43 68 15
68 43 26
43 69 40
69 43 37
43 70 40
70 43 51
43 71 59
71 43 45
43 72 66
72 43 45
43 73 15
73 43 12
43 74 34
74 43 24
43 75 30
75 43 30
43 76 42
76 43 32
46 47 35
47 46 27
46 49 34
49 46 39
46 50 37
50 46 39
46 52 6
52 46 5
46 53 22
53 46 16
46 54 8
54 46 16
46 56 28
56 46 48
46 2 24
2 46 22
46 3 33
3 46 30
46 8 7
8 46 5
46 10 38
10 46 26
46 12 16
12 46 18
46 13 14
13 46 13
46 15 17
15 46 21
46 16 41
16 46 31
46 20 23
20 46 32
46 23 58
23 46 42
46 24 36
24 46 44
46 26 8
26 46 11
46 27 7
27 46 9
46 28 20
28 46 30
46 29 12
29 46 16
46 32 29
32 46 31
46 34 2
34 46 2
46 36 36
36 46 32
46 37 19
37 46 28
46 38 22
38 46 24
46 39 26
39 46 28
46 40 21
40 46 22
46 44 29
44 46 31
46 45 12
45 46 12
46 48 16
48 46 21
46 51 15
51 46 22
46 55 46
55 46 50
46 57 12
57 46 21
46 58 23
58 46 21
46 59 40
59 46 29
46 60 27
60 46 40
46 61 54
61 46 39
46 62 44
62 46 30
46 63 25
63 46 33
46 64 26
64 46 51
46 65 23
65 46 28
46 66 35
66 46 31
46 67 4
67 46 6
46 68 18
68 46 16
46 69 24
69 46 38
46 70 50
70 46 37
46 71 19
71 46 38
46 72 13
72 46 24
46 73 24
73 46 30
46 74 26
74 46 25
46 75 6
75 46 12
46 76 10
76 46 11
47 49 51
49 47 44
47 50 80
50 47 54
47 52 28
52 47 23
47 53 48
53 47 42
47 54 19
54 47 31
47 56 46
56 47 45
47 2 24
2 47 18
47 3 32
3 47 41
47 8 21
8 47 30
47 10 60
10 47 52
47 12 34
12 47 39
47 13 29
13 47 23
47 15 19
15 47 15
47 16 46
16 47 36
47 20 16
20 47 16
47 23 47
23 47 41
47 24 53
24 47 51
47 26 47
26 47 32
47 27 19
27 47 20
47 28 8
28 47 15
47 29 11
29 47 11
47 32 69
32 47 47
47 34 17
34 47 25
47 36 5
36 47 6
47 37 12
37 47 10
47 38 49
38 47 51
47 39 32
39 47 49
47 40 57
40 47 40
47 44 40
44 47 44
47 45 10
45 47 15
47 48 7
48 47 6
47 51 45
51 47 32
47 55 79
55 47 68
47 57 27
57 47 19
47 58 64
58 47 46
47 59 55
59 47 53
47 60 22
60 47 18
47 61 23
61 47 17
47 62 25
62 47 21
47 63 41
63 47 34
47 64 27
64 47 36
47 65 79
65 47 55
47 66 36
66 47 57
47 67 34
67 47 27
47 68 28
68 47 22
47 69 11
69 47 11
47 70 11
70 47 17
47 71 10
71 47 13
47 72 45
72 47 47
47 73 15
73 47 25
47 74 12
74 47 11
47 75 35
75 47 24
47 76 20
76 47 27
49 50 14
50 49 18
49 52 40
52 49 42
49 53 51
53 49 47
49 54 53
54 49 55
49 56 18
56 49 14
49 2 19
2 49 27
49 3 15
3 49 11
49 8 22
8 49 44
49 10 34
10 49 39
49 12 29
12 49 26
49 13 43
13 49 50
49 15 33
15 49 52
49 16 7
16 49 9
49 20 33
20 49 59
49 23 5
23 49 10
49 24 8
24 49 7
49 26 25
26 49 30
49 27 40
27 49 43
49 28 22
28 49 32
49 29 57
29 49 42
49 32 21
32 49 18
49 34 51
34 49 38
49 36 46
36 49 50
49 37 39
37 49 53
49 38 59
38 49 45
49 39 28
39 49 28
49 40 32
40 49 22
49 44 12
44 49 13
49 45 26
45 49 39
49 48 42
48 49 40
49 51 11
51 49 17
49 55 27
55 49 32
49 57 30
57 49 54
49 58 51
58 49 36
49 59 36
59 49 64
49 60 43
60 49 62
49 61 49
61 49 40
49 62 30
62 49 25
49 63 16
63 49 11
49 64 32
64 49 33
49 65 68
65 49 50
49 66 30
66 49 56
49 67 40
67 49 33
49 68 28
68 49 26
49 69 39
69 49 51
49 70 34
70 49 62
49 71 72
71 49 57
49 72 28
72 49 32
49 73 20
73 49 20
49 74 35
74 49 33
49 75 35
75 49 28
49 76 27
76 49 28
50 52 32
52 50 43
50 53 42
53 50 40
50 54 45
54 50 54
50 56 36
56 50 32
50 2 25
2 50 37
50 3 8
3 50 13
50 8 34
8 50 41
50 10 32
10 50 27
50 12 26
12 50 21
50 13 66
13 50 51
50 15 64
15 50 57
50 16 14
16 50 21
50 20 91
20 50 66
50 23 38
23 50 28
50 24 12
24 50 15
50 26 21
26 50 28
50 27 65
27 50 46
50 28 30
28 50 45
50 29 33
29 50 48
50 32 10
32 50 8
50 34 33
34 50 38
50 36 86
36 50 60
50 37 47
37 50 61
50 38 34
38 50 34
50 39 9
39 50 16
50 40 10
40 50 16
50 44 14
44 50 10
50 45 41
45 50 44
50 48 24
48 50 48
50 51 26
51 50 22
50 55 18
55 50 15
50 57 32
57 50 58
50 58 18
58 50 25
50 59 58
59 50 55
50 60 39
60 50 71
50 61 59
61 50 54
50 62 42
62 50 39
50 63 13
63 50 26
50 64 35
64 50 51
50 65 47
65 50 38
50 66 40
66 50 45
50 67 25
67 50 33
50 68 28
68 50 33
50 69 42
69 50 63
50 70 45
70 50 70
50 71 81
71 50 67
50 72 23
72 50 20
50 73 25
73 50 34
50 74 57
74 50 44
50 75 20
75 50 31
50 76 41
76 50 30
52 53 25
53 52 19
52 54 13
54 52 13
52 56 66
56 52 50
52 2 16
2 52 22
52 3 46
3 52 33
52 8 4
8 52 7
52 10 19
10 52 31
52 12 23
12 52 23
52 13 7
13 52 9
52 15 23
15 52 16
52 16 35
16 52 33
52 20 17
20 52 27
52 23 29
23 52 44
52 24 50
24 52 47
52 26 16
26 52 15
52 27 5
27 52 4
52 28 28
28 52 29
52 29 17
29 52 12
52 32 18
32 52 35
52 34 4
34 52 4
52 36 34
36 52 28
52 37 21
37 52 24
52 38 29
38 52 29
52 39 17
39 52 33
52 40 40
40 52 27
52 44 17
44 52 34
52 45 11
45 52 9
52 48 16
48 52 18
52 51 31
51 52 25
52 55 28
55 52 54
52 57 20
57 52 16
52 58 27
58 52 26
52 59 42
59 52 31
52 60 40
60 52 35
52 61 41
61 52 37
52 62 25
62 52 30
52 63 40
63 52 35
52 64 56
64 52 51
52 65 25
65 52 32
52 66 50
66 52 34
52 67 7
67 52 10
52 68 17
68 52 17
52 69 45
69 52 34
52 70 34
70 52 32
52 71 19
71 52 33
52 72 17
72 52 29
52 73 16
73 52 30
52 74 13
74 52 23
52 75 8
75 52 14
52 76 9
76 52 14
53 54 25
54 53 20
53 56 40
56 53 59
53 2 29
2 53 36
53 3 27
3 53 36
53 8 16
8 53 12
53 10 13
10 53 17
53 12 13
12 53 21
53 13 22
13 53 23
53 15 20
15 53 34
53 16 22
16 53 40
53 20 37
20 53 44
53 23 76
23 53 53
53 24 41
24 53 50
53 26 13
26 53 18
53 27 21
27 53 23
53 28 44
28 53 46
53 29 39
29 53 31
53 32 23
32 53 33
53 34 21
34 53 18
53 36 43
36 53 47
53 37 23
37 53 42
53 38 16
38 53 12
53 39 35
39 53 25
53 40 17
40 53 26
53 44 21
44 53 35
53 45 21
45 53 27
53 48 44
48 53 37
53 51 37
51 53 32
53 55 54
55 53 47
53 57 18
57 53 32
53 58 14
58 53 15
53 59 23
59 53 17
53 60 57
60 53 54
53 61 28
61 53 54
53 62 62
62 53 45
53 63 41
63 53 44
53 64 53
64 53 66
53 65 10
65 53 14
53 66 17
66 53 15
53 67 23
67 53 18
53 68 40
68 53 29
53 69 39
69 53 53
53 70 42
70 53 50
53 71 69
71 53 52
53 72 29
72 53 20
53 73 29
73 53 43
53 74 38
74 53 40
53 75 13
75 53 25
53 76 29
76 53 23
54 56 93
56 54 63
54 2 17
2 54 34
54 3 25
3 54 46
54 8 13
8 54 13
54 10 45
10 54 37
54 12 43
12 54 34
54 13 7
13 54 8
54 15 19
15 54 18
54 16 48
16 54 46
54 20 25
20 54 27
54 23 46
23 54 57
54 24 83
24 54 60
54 26 30
26 54 26
54 27 14
27 54 14
54 28 34
28 54 41
54 29 15
29 54 21
54 32 56
32 54 47
54 34 9
34 54 17
54 36 36
36 54 34
54 37 17
37 54 27
54 38 44
38 54 32
54 39 28
39 54 42
54 40 47
40 54 38
54 44 57
44 54 47
54 45 19
45 54 20
54 48 25
48 54 28
54 51 35
51 54 38
54 55 33
55 54 64
54 57 12
57 54 14
54 58 48
58 54 33
54 59 31
59 54 23
54 60 43
60 54 37
54 61 63
61 54 47
54 62 30
62 54 43
54 63 65
63 54 48
54 64 78
64 54 63
54 65 18
65 54 34
54 66 33
66 54 33
54 67 22
67 54 22
54 68 38
68 54 30
54 69 51
69 54 41
54 70 39
70 54 33
54 71 44
71 54 37
54 72 54
72 54 37
54 73 26
73 54 43
54 74 28
74 54 34
54 75 29
75 54 27
54 76 24
76 54 27
56 2 29
2 56 30
56 3 32
3 56 25
56 8 74
8 56 53
56 10 54
10 56 53
56 12 51
12 56 39
56 13 40
13 56 56
56 15 44
15 56 56
56 16 28
16 56 19
56 20 72
20 56 61
56 23 5
23 56 6
56 24 21
24 56 18
56 26 33
26 56 41
56 27 35
27 56 49
56 28 38
28 56 30
56 29 53
29 56 46
56 32 36
32 56 32
56 34 46
34 56 46
56 36 43
36 56 50
56 37 35
37 56 55
56 38 64
38 56 58
56 39 37
39 56 42
56 40 39
40 56 35
56 44 21
44 56 27
56 45 63
45 56 44
56 48 25
48 56 42
56 51 38
51 56 27
56 55 53
55 56 45
56 57 40
57 56 59
56 58 59
58 56 49
56 59 40
59 56 75
56 60 89
60 56 62
56 61 46
61 56 36
56 62 17
62 56 25
56 63 17
63 56 15
56 64 15
64 56 22
56 65 92
65 56 63
56 66 76
66 56 69
56 67 61
67 56 43
56 68 42
68 56 33
56 69 53
69 56 49
56 70 80
70 56 62
56 71 40
71 56 57
56 72 63
72 56 45
56 73 19
73 56 21
56 74 48
74 56 34
56 75 21
75 56 36
56 76 32
76 56 37
2 3 32
3 2 24
2 8 40
8 2 27
2 10 58
10 2 40
2 12 27
12 2 25
2 13 34
13 2 28
2 15 19
15 2 26
2 16 9
16 2 18
2 20 42
20 2 32
2 23 15
23 2 25
2 24 32
24 2 34
2 26 23
26 2 21
2 27 26
27 2 21
2 28 7
28 2 10
2 29 23
29 2 16
2 32 36
32 2 30
2 34 15
34 2 20
2 36 26
36 2 24
2 37 23
37 2 26
2 38 52
38 2 41
2 39 32
39 2 34
2 40 28
40 2 25
2 44 31
44 2 27
2 45 13
45 2 15
2 48 16
48 2 13
2 51 13
51 2 15
2 55 56
55 2 51
2 57 21
57 2 29
2 58 49
58 2 34
2 59 61
59 2 51
2 60 35
60 2 36
2 61 24
61 2 20
2 62 4
62 2 8
2 63 16
63 2 16
2 64 27
64 2 29
2 65 30
65 2 46
2 66 29
66 2 50
2 67 20
67 2 18
2 68 8
68 2 7
2 69 38
69 2 26
2 70 45
70 2 35
2 71 22
71 2 31
2 72 18
72 2 34
2 73 9
73 2 9
2 74 6
74 2 7
2 75 9
75 2 11
2 76 9
76 2 14
3 8 40
8 3 34
3 10 19
10 3 28
3 12 17
12 3 15
3 13 28
13 3 42
3 15 23
15 3 46
3 16 13
16 3 9
3 20 80
20 3 55
3 23 10
23 3 20
3 24 18
24 3 14
3 26 27
26 3 20
3 27 20
27 3 36
3 28 17
28 3 32
3 29 24
29 3 36
3 32 4
32 3 8
3 34 23
34 3 29
3 36 64
36 3 48
3 37 73
37 3 49
3 38 20
38 3 33
3 39 18
39 3 17
3 40 7
40 3 10
3 44 4
44 3 3
3 45 20
45 3 33
3 48 47
48 3 36
3 51 5
51 3 10
3 55 26
55 3 27
3 57 59
57 3 48
3 58 13
58 3 24
3 59 35
59 3 52
3 60 59
60 3 59
3 61 40
61 3 42
3 62 18
62 3 27
3 63 13
63 3 15
3 64 35
64 3 40
3 65 43
65 3 38
3 66 51
66 3 45
3 67 34
67 3 24
3 68 15
68 3 21
3 69 28
69 3 50
3 70 56
70 3 58
3 71 72
71 3 54
3 72 20
72 3 21
3 73 18
73 3 22
3 74 45
74 3 31
3 75 25
75 3 21
3 76 26
76 3 20
8 10 36
10 8 26
8 12 13
12 8 21
8 13 10
13 8 12
8 15 30
15 8 22
8 16 23
16 8 35
8 20 42
20 8 33
8 23 59
23 8 47
8 24 50
24 8 48
8 26 11
26 8 14
8 27 10
27 8 11
8 28 42
28 8 35
8 29 24
29 8 19
8 32 24
32 8 34
8 34 6
34 8 7
8 36 28
36 8 35
8 37 33
37 8 30
8 38 16
38 8 22
8 39 27
39 8 29
8 40 24
40 8 25
8 44 19
44 8 34
8 45 16
45 8 16
8 48 16
48 8 25
8 51 35
51 8 27
8 55 52
55 8 51
8 57 15
57 8 21
8 58 30
58 8 21
8 59 23
59 8 24
8 60 34
60 8 42
8 61 31
61 8 43
8 62 41
62 8 35
8 63 46
63 8 38
8 64 61
64 8 56
8 65 37
65 8 25
8 66 21
66 8 27
8 67 5
67 8 10
8 68 20
68 8 21
8 69 41
69 8 41
8 70 34
70 8 38
8 71 54
71 8 40
8 72 25
72 8 25
8 73 32
73 8 35
8 74 28
74 8 29
8 75 10
75 8 17
8 76 19
76 8 15
10 12 8
12 10 16
10 13 20
13 10 38
10 15 44
15 10 47
10 16 50
16 10 36
10 20 61
20 10 58
10 23 48
23 10 48
10 24 21
24 10 40
10 26 10
26 10 20
10 27 34
27 10 35
10 28 72
28 10 50
10 29 47
29 10 42
10 32 17
32 10 22
10 34 40
34 10 28
10 36 82
36 10 58
10 37 45
37 10 55
10 38 6
38 10 7
10 39 7
39 10 12
10 40 19
40 10 19
10 44 31
44 10 26
10 45 23
45 10 37
10 48 28
48 10 46
10 51 30
51 10 29
10 55 22
55 10 30
10 57 37
57 10 46
10 58 8
58 10 6
10 59 17
59 10 30
10 60 75
60 10 66
10 61 69
61 10 60
10 62 59
62 10 47
10 63 51
63 10 41
10 64 35
64 10 66
10 65 15
65 10 11
10 66 18
66 10 18
10 67 22
67 10 25
10 68 47
68 10 33
10 69 49
69 10 63
10 70 83
70 10 63
10 71 95
71 10 64
10 72 10
72 10 8
10 73 65
73 10 44
10 74 26
74 10 46
10 75 30
75 10 29
10 76 19
76 10 26
12 13 45
13 12 31
12 15 36
15 12 38
12 16 28
16 12 21
12 20 55
20 12 48
12 23 49
23 12 33
12 24 40
24 12 29
12 26 4
26 12 8
12 27 27
27 12 26
12 28 29
28 12 35
12 29 43
29 12 30
12 32 8
32 12 13
12 34 28
34 12 19
12 36 53
36 12 45
12 37 61
37 12 44
12 38 15
38 12 19
12 39 11
39 12 10
12 40 4
40 12 5
12 44 17
44 12 14
12 45 19
45 12 26
12 48 46
48 12 33
12 51 16
51 12 13
12 55 29
55 12 31
12 57 32
57 12 38
12 58 6
58 12 10
12 59 39
59 12 37
12 60 64
60 12 55
12 61 67
61 12 45
12 62 25
62 12 31
12 63 29
63 12 26
12 64 50
64 12 50
12 65 28
65 12 24
12 66 31
66 12 30
12 67 17
67 12 13
12 68 14
68 12 18
12 69 72
69 12 49
12 70 66
70 12 53
12 71 31
71 12 52
12 72 13
72 12 9
12 73 14
73 12 28
12 74 44
74 12 31
12 75 20
75 12 15
12 76 14
76 12 12
13 15 6
15 13 11
13 16 57
16 13 41
13 20 30
20 13 21
13 23 36
23 13 51
13 24 40
24 13 56
13 26 28
26 13 24
13 27 4
27 13 7
13 28 28
28 13 33
13 29 17
29 13 13
13 32 42
32 13 44
13 34 18
34 13 13
13 36 21
36 13 26
13 37 18
37 13 20
13 38 28
38 13 34
13 39 34
39 13 41
13 40 44
40 13 35
13 44 56
44 13 43
13 45 11
45 13 13
13 48 17
48 13 19
13 51 38
51 13 33
13 55 93
55 13 63
13 57 11
57 13 9
13 58 28
58 13 33
13 59 27
59 13 30
13 60 30
60 13 31
13 61 42
61 13 38
13 62 51
62 13 35
13 63 28
63 13 42
13 64 48
64 13 56
13 65 48
65 13 37
13 66 32
66 13 37
13 67 10
67 13 18
13 68 22
68 13 24
13 69 40
69 13 33
13 70 36
70 13 27
13 71 21
71 13 30
13 72 28
72 13 37
13 73 42
73 13 37
13 74 14
74 13 26
13 75 25
75 13 22
13 76 20
76 13 23
15 16 51
16 15 43
15 20 15
20 15 11
15 23 56
23 15 51
15 24 66
24 15 58
15 26 19
26 15 30
15 27 14
27 15 12
15 28 25
28 15 28
15 29 11
29 15 10
15 32 65
32 15 49
15 34 23
34 15 20
15 36 19
36 15 16
15 37 8
37 15 9
15 38 32
38 15 45
15 39 31
39 15 48
15 40 47
40 15 41
15 44 32
44 15 48
15 45 13
45 15 13
15 48 7
48 15 14
15 51 28
51 15 36
15 55 53
55 15 69
15 57 5
57 15 4
15 58 25
58 15 42
15 59 36
59 15 41
15 60 22
60 15 20
15 61 33
61 15 32
15 62 21
62 15 32
15 63 38
63 15 42
15 64 36
64 15 51
15 65 41
65 15 48
15 66 60
66 15 48
15 67 22
67 15 25
15 68 37
68 15 25
15 69 24
69 15 23
15 70 15
70 15 16
15 71 25
71 15 19
15 72 44
72 15 45
15 73 24
73 15 35
15 74 30
74 15 22
15 75 26
75 15 25
15 76 23
76 15 27
16 20 30
20 16 50
16 23 11
23 16 13
16 24 9
24 16 16
16 26 30
26 16 22
16 27 50
27 16 34
16 28 31
28 16 24
16 29 24
29 16 33
16 32 10
32 16 17
16 34 23
34 16 29
16 36 27
36 16 42
16 37 46
37 16 44
16 38 41
38 16 40
16 39 29
39 16 26
16 40 13
40 16 17
16 44 14
44 16 12
16 45 43
45 16 30
16 48 33
48 16 31
16 51 6
51 16 9
16 55 40
55 16 36
16 57 28
57 16 45
16 58 21
58 16 31
16 59 81
59 16 56
16 60 62
60 16 54
16 61 50
61 16 34
16 62 25
62 16 18
16 63 4
63 16 6
16 64 29
64 16 31
16 65 34
65 16 45
16 66 42
66 16 51
16 67 15
67 16 25
16 68 9
68 16 17
16 69 61
69 16 43
16 70 61
70 16 53
16 71 27
71 16 49
16 72 22
72 16 28
16 73 13
73 16 13
16 74 21
74 16 25
16 75 26
75 16 19
16 76 25
76 16 19
20 23 44
23 20 57
20 24 65
24 20 66
20 26 38
26 20 41
20 27 12
27 20 23
20 28 37
28 20 31
20 29 21
29 20 18
20 32 65
32 20 58
20 34 46
34 20 31
20 36 14
36 20 13
20 37 5
37 20 6
20 38 78
38 20 55
20 39 49
39 20 58
20 40 26
40 20 51
20 44 51
44 20 56
20 45 21
45 20 22
20 48 17
48 20 19
20 51 50
51 20 44
20 55 112
55 20 79
20 57 14
57 20 13
20 58 40
58 20 53
20 59 72
59 20 50
20 60 14
60 20 10
20 61 34
61 20 31
20 62 26
62 20 36
20 63 42
63 20 48
20 64 71
64 20 52
20 65 29
65 20 58
20 66 69
66 20 59
20 67 34
67 20 35
20 68 29
68 20 34
20 69 13
69 20 19
20 70 8
70 20 6
20 71 7
71 20 11
20 72 69
72 20 55
20 73 28
73 20 40
20 74 24
74 20 27
20 75 29
75 20 34
20 76 30
76 20 36
23 24 23
24 23 16
23 26 35
26 23 35
23 27 28
27 23 44
23 28 28
28 23 27
23 29 40
29 23 41
23 32 28
32 23 27
23 34 58
34 23 41
23 36 52
36 23 47
23 37 47
37 23 51
23 38 47
38 23 52
23 39 35
39 23 37
23 40 31
40 23 29
23 44 27
44 23 22
23 45 34
45 23 39
23 48 46
48 23 38
23 51 15
51 23 21
23 55 61
55 23 42
23 57 36
57 23 54
23 58 36
58 23 43
23 59 90
59 23 69
23 60 69
60 23 58
23 61 28
61 23 33
23 62 28
62 23 21
23 63 11
63 23 9
23 64 31
64 23 23
23 65 58
65 23 57
23 66 93
66 23 64
23 67 20
67 23 37
23 68 24
68 23 27
23 69 63
69 23 46
23 70 61
70 23 58
23 71 41
71 23 53
23 72 50
72 23 40
23 73 19
73 23 16
23 74 18
74 23 30
23 75 42
75 23 30
23 76 25
76 23 31
24 26 48
26 24 34
24 27 29
27 24 49
24 28 31
28 24 39
24 29 41
29 24 48
24 32 26
32 24 18
24 34 26
34 24 43
24 36 43
36 24 57
24 37 76
37 24 60
24 38 58
38 24 46
24 39 17
39 24 29
24 40 19
40 24 24
24 44 17
44 24 15
24 45 46
45 24 45
24 48 39
48 24 47
24 51 28
51 24 22
24 55 39
55 24 27
24 57 48
57 24 60
24 58 31
58 24 37
24 59 98
59 24 66
24 60 40
60 24 69
24 61 32
61 24 47
24 62 30
62 24 32
24 63 18
63 24 18
24 64 56
64 24 38
24 65 40
65 24 51
24 66 74
66 24 58
24 67 31
67 24 38
24 68 17
68 24 33
24 69 79
69 24 58
24 70 49
70 24 68
24 71 55
71 24 64
24 72 38
72 24 33
24 73 36
73 24 27
24 74 31
74 24 40
24 75 30
75 24 33
24 76 47
76 24 33
26 27 22
27 26 18
26 28 27
28 26 31
26 29 33
29 26 23
26 32 27
32 26 20
26 34 6
34 26 11
26 36 37
36 26 38
26 37 51
37 26 36
26 38 26
38 26 21
26 39 20
39 26 18
26 40 14
40 26 12
26 44 18
44 26 20
26 45 15
45 26 18
26 48 25
48 26 26
26 51 20
51 26 14
26 55 55
55 26 39
26 57 39
57 26 30
26 58 14
58 26 14
26 59 46
59 26 34
26 60 55
60 26 48
26 61 58
61 26 40
26 62 16
62 26 28
26 63 21
63 26 26
26 64 33
64 26 49
26 65 35
65 26 26
26 66 44
66 26 31
26 67 5
67 26 6
26 68 14
68 26 13
26 69 36
69 26 43
26 70 59
70 26 45
26 71 56
71 26 45
26 72 11
72 26 15
26 73 17
73 26 26
26 74 38
74 26 26
26 75 10
75 26 9
26 76 6
76 26 6
27 28 29
28 27 27
27 29 8
29 27 9
27 32 51
32 27 38
27 34 5
34 27 8
27 36 23
36 27 24
27 37 22
37 27 20
27 38 31
38 27 33
27 39 20
39 27 36
27 40 43
40 27 30
27 44 33
44 27 37
27 45 7
45 27 6
27 48 11
48 27 15
27 51 18
51 27 26
27 55 31
55 27 58
27 57 9
57 27 12
27 58 31
58 27 30
27 59 35
59 27 34
27 60 28
60 27 31
27 61 41
61 27 34
27 62 20
62 27 28
27 63 42
63 27 35
27 64 66
64 27 49
27 65 47
65 27 36
27 66 28
66 27 38
27 67 12
67 27 13
27 68 13
68 27 17
27 69 44
69 27 30
27 70 15
70 27 28
27 71 26
71 27 29
27 72 39
72 27 33
27 73 34
73 27 30
27 74 25
74 27 20
27 75 14
75 27 15
27 76 18
76 27 16
28 29 28
29 28 20
28 32 38
32 28 39
28 34 21
34 28 28
28 36 26
36 28 20
28 37 20
37 28 25
28 38 61
38 28 51
28 39 34
39 28 44
28 40 23
40 28 34
28 44 42
44 28 35
28 45 27
45 28 21
28 48 7
48 28 14
28 51 32
51 28 24
28 55 32
55 28 60
28 57 39
57 28 32
28 58 63
58 28 44
28 59 86
59 28 59
28 60 25
60 28 31
28 61 9
61 28 10
28 62 5
62 28 6
28 63 12
63 28 20
28 64 13
64 28 23
28 65 65
65 28 56
28 66 63
66 28 60
28 67 25
67 28 28
28 68 10
68 28 17
28 69 16
69 28 19
28 70 19
70 28 32
28 71 31
71 28 26
28 72 22
72 28 44
28 73 14
73 28 11
28 74 8
74 28 6
28 75 22
75 28 21
28 76 24
76 28 24
29 32 36
32 29 40
29 34 13
34 29 14
29 36 9
36 29 16
29 37 12
37 29 14
29 38 22
38 29 40
29 39 22
39 29 40
29 40 47
40 29 33
29 44 25
44 29 38
29 45 4
45 29 4
29 48 8
48 29 6
29 51 27
51 29 26
29 55 75
55 29 61
29 57 13
57 29 13
29 58 27
58 29 36
29 59 52
59 29 42
29 60 24
60 29 25
29 61 22
61 29 25
29 62 23
62 29 23
29 63 16
63 29 32
29 64 45
64 29 43
29 65 34
65 29 44
29 66 26
66 29 46
29 67 17
67 29 17
29 68 12
68 29 16
29 69 19
69 29 22
29 70 22
70 29 23
29 71 31
71 29 22
29 72 29
72 29 38
29 73 19
73 29 25
29 74 7
74 29 13
29 75 19
75 29 16
29 76 19
76 29 18
32 34 16
34 32 31
32 36 76
36 32 54
32 37 75
37 32 54
32 38 26
38 32 28
32 39 6
39 32 11
32 40 8
40 32 9
32 44 3
44 32 5
32 45 48
45 32 36
32 48 55
48 32 41
32 51 21
51 32 16
32 55 30
55 32 21
32 57 27
57 32 50
32 58 18
58 32 19
32 59 40
59 32 49
32 60 49
60 32 64
32 61 37
61 32 49
32 62 42
62 32 34
32 63 26
63 32 23
32 64 36
64 32 48
32 65 49
65 32 33
32 66 20
66 32 40
32 67 36
67 32 25
32 68 32
68 32 26
32 69 70
69 32 56
32 70 70
70 32 63
32 71 65
71 32 60
32 72 19
72 32 15
32 73 31
73 32 29
32 74 49
74 32 38
32 75 20
75 32 24
32 76 28
76 32 22
34 36 27
36 34 30
34 37 21
37 34 27
34 38 23
38 34 26
34 39 34
39 34 28
34 40 25
40 34 22
34 44 23
44 34 30
34 45 10
45 34 10
34 48 11
48 34 19
34 51 31
51 34 21
34 55 74
55 34 50
34 57 17
57 34 20
34 58 12
58 34 22
34 59 44
59 34 31
34 60 54
60 34 39
34 61 33
61 34 37
34 62 34
62 34 28
34 63 23
63 34 32
34 64 31
64 34 49
34 65 15
65 34 30
34 66 33
66 34 33
34 67 5
67 34 5
34 68 7
68 34 14
34 69 43
69 34 36
34 70 34
70 34 36
34 71 34
71 34 36
34 72 13
72 34 25
34 73 34
73 34 28
34 74 23
74 34 22
34 75 7
75 34 10
34 76 6
76 34 10
36 37 6
37 36 8
36 38 76
38 36 56
36 39 58
39 36 55
36 40 33
40 36 47
36 44 62
44 36 50
36 45 15
45 36 20
36 48 6
48 36 12
36 51 22
51 36 38
36 55 90
55 36 74
36 57 19
57 36 20
36 58 76
58 36 52
36 59 76
59 36 56
36 60 13
60 36 12
36 61 9
61 36 18
36 62 20
62 36 26
36 63 56
63 36 39
36 64 37
64 36 39
36 65 66
65 36 60
36 66 91
66 36 62
36 67 49
67 36 33
36 68 24
68 36 28
36 69 9
69 36 7
36 70 16
70 36 12
36 71 5
71 36 7
36 72 69
72 36 53
36 73 42
73 36 30
36 74 9
74 36 17
36 75 36
75 36 30
36 76 29
76 36 33
37 38 65
38 37 53
37 39 39
39 37 54
37 40 62
40 37 46
37 44 42
44 37 51
37 45 22
45 37 18
37 48 7
48 37 13
37 51 33
51 37 39
37 55 46
55 37 74
37 57 14
57 37 13
37 58 51
58 37 49
37 59 57
59 37 50
37 60 10
60 37 12
37 61 15
61 37 26
37 62 31
62 37 30
37 63 24
63 37 42
37 64 46
64 37 46
37 65 75
65 37 56
37 66 81
66 37 57
37 67 29
67 37 31
37 68 40
68 37 28
37 69 10
69 37 15
37 70 13
70 37 9
37 71 8
71 37 10
37 72 36
72 37 51
37 73 26
73 37 34
37 74 15
74 37 21
37 75 26
75 37 30
37 76 44
76 37 32
38 39 23
39 38 18
38 40 12
40 38 23
38 44 42
44 38 32
38 45 50
45 38 36
38 48 61
48 38 45
38 51 17
51 38 32
38 55 36
55 38 37
38 57 64
57 38 43
38 58 13
58 38 9
38 59 14
59 38 23
38 60 59
60 38 64
38 61 36
61 38 61
38 62 64
62 38 49
38 63 53
63 38 45
38 64 81
64 38 69
38 65 5
65 38 5
38 66 10
66 38 12
38 67 18
67 38 24
38 68 32
68 38 34
38 69 45
69 38 62
38 70 74
70 38 61
38 71 48
71 38 62
38 72 9
72 38 13
38 73 28
73 38 47
38 74 62
74 38 47
38 75 44
75 38 30
38 76 20
76 38 27
39 40 14
40 39 10
39 44 9
44 39 15
39 45 31
45 39 36
39 48 42
48 39 43
39 51 30
51 39 21
39 55 20
55 39 22
39 57 28
57 39 48
39 58 10
58 39 10
39 59 58
59 39 40
39 60 55
60 39 66
39 61 28
61 39 54
39 62 33
62 39 40
39 63 29
63 39 32
39 64 34
64 39 57
39 65 14
65 39 22
39 66 39
66 39 29
39 67 27
67 39 23
39 68 21
68 39 28
39 69 83
69 39 59
39 70 35
70 39 63
39 71 56
71 39 62
39 72 4
72 39 5
39 73 37
73 39 36
39 74 27
74 39 41
39 75 13
75 39 25
39 76 17
76 39 22
40 44 9
44 40 9
40 45 22
45 40 28
40 48 40
48 40 34
40 51 9
51 40 11
40 55 25
55 40 28
40 57 60
57 40 42
40 58 20
58 40 14
40 59 47
59 40 42
40 60 69
60 40 57
40 61 63
61 40 44
40 62 19
62 40 30
40 63 24
63 40 22
40 64 39
64 40 47
40 65 14
65 40 28
40 66 37
66 40 35
40 67 22
67 40 17
40 68 13
68 40 19
40 69 68
69 40 50
40 70 54
70 40 55
40 71 67
71 40 53
40 72 12
72 40 11
40 73 25
73 40 26
40 74 47
74 40 32
40 75 13
75 40 16
40 76 13
76 40 14
44 45 41
45 44 34
44 48 45
48 44 38
44 51 14
51 44 12
44 55 13
55 44 25
44 57 58
57 44 49
44 58 31
58 44 22
44 59 38
59 44 52
44 60 58
60 44 61
44 61 50
61 44 45
44 62 32
62 44 29
44 63 23
63 44 18
44 64 29
64 44 43
44 65 26
65 44 36
44 66 36
66 44 43
44 67 20
67 44 25
44 68 19
68 44 23
44 69 28
69 44 53
44 70 38
70 44 60
44 71 39
71 44 57
44 72 24
72 44 18
44 73 26
73 44 25
44 74 47
74 44 34
44 75 30
75 44 22
44 76 11
76 44 21
45 48 11
48 45 9
45 51 31
51 45 23
45 55 31
55 45 57
45 57 8
57 45 15
45 58 32
58 45 32
45 59 22
59 45 39
45 60 32
60 45 30
45 61 31
61 45 28
45 62 26
62 45 22
45 63 29
63 45 30
45 64 56
64 45 43
45 65 51
65 45 40
45 66 27
66 45 42
45 67 18
67 45 13
45 68 16
68 45 12
45 69 26
69 45 26
45 70 37
70 45 27
45 71 38
71 45 27
45 72 25
72 45 34
45 73 25
73 45 24
45 74 14
74 45 14
45 75 11
75 45 12
45 76 14
76 45 14
48 51 24
51 48 26
48 55 89
55 48 62
48 57 11
57 48 18
48 58 57
58 48 40
48 59 58
59 48 48
48 60 32
60 48 23
48 61 10
61 48 19
48 62 16
62 48 18
48 63 30
63 48 29
48 64 22
64 48 37
48 65 38
65 48 49
48 66 33
66 48 52
48 67 12
67 48 21
48 68 10
68 48 16
48 69 10
69 48 17
48 70 18
70 48 22
48 71 21
71 48 19
48 72 47
72 48 41
48 73 31
73 48 21
48 74 10
74 48 8
48 75 19
75 48 18
48 76 30
76 48 21
51 55 45
55 51 36
51 57 51
57 51 38
51 58 29
58 51 24
51 59 49
59 51 48
51 60 41
60 51 49
51 61 33
61 51 34
51 62 19
62 51 19
51 63 7
63 51 13
51 64 38
64 51 37
51 65 30
65 51 37
51 66 64
66 51 43
51 67 8
67 51 16
51 68 12
68 51 11
51 69 30
69 51 41
51 70 42
70 51 48
51 71 61
71 51 45
51 72 31
72 51 22
51 73 13
73 51 15
51 74 14
74 51 22
51 75 12
75 51 11
51 76 14
76 51 11
55 57 102
57 55 70
55 58 26
58 55 32
55 59 59
59 55 60
55 60 43
60 55 85
55 61 77
61 55 69
55 62 41
62 55 54
55 63 50
63 55 41
55 64 92
64 55 65
55 65 54
65 55 40
55 66 57
66 55 47
55 67 43
67 55 45
55 68 51
68 55 46
55 69 108
69 55 77
55 70 89
70 55 84
55 71 85
71 55 81
55 72 19
72 55 27
55 73 34
73 55 49
55 74 64
74 55 58
55 75 37
75 55 45
55 76 53
76 55 42
57 58 42
58 57 41
57 59 55
59 57 37
57 60 18
60 57 23
57 61 20
61 57 36
57 62 52
62 57 36
57 63 25
63 57 45
57 64 34
64 57 55
57 65 28
65 57 46
57 66 40
66 57 46
57 67 14
67 57 25
57 68 37
68 57 28
57 69 28
69 57 27
57 70 21
70 57 19
57 71 29
71 57 23
57 72 29
72 57 45
57 73 35
73 57 38
57 74 33
74 57 26
57 75 34
75 57 27
57 76 32
76 57 28
58 59 20
59 58 30
58 60 83
60 58 61
58 61 76
61 58 54
58 62 38
62 58 41
58 63 19
63 58 36
58 64 52
64 58 60
58 65 17
65 58 14
58 66 20
66 58 21
58 67 18
67 58 19
58 68 26
68 58 27
58 69 82
69 58 57
58 70 35
70 58 58
58 71 33
71 58 58
58 72 5
72 58 5
58 73 39
73 58 38
58 74 25
74 58 40
58 75 13
75 58 23
58 76 18
76 58 20
59 60 51
60 59 60
59 61 97
61 59 67
59 62 61
62 59 59
59 63 39
63 59 60
59 64 115
64 59 80
59 65 17
65 59 21
59 66 15
66 59 15
59 67 45
67 59 33
59 68 52
68 59 44
59 69 77
69 59 63
59 70 64
70 59 56
59 71 56
71 59 60
59 72 30
72 59 35
59 73 64
73 59 58
59 74 64
74 59 53
59 75 35
75 59 40
59 76 26
76 59 38
60 61 33
61 60 28
60 62 26
62 60 38
60 63 55
63 60 51
60 64 55
64 60 49
60 65 86
65 60 67
60 66 91
66 60 68
60 67 49
67 60 42
60 68 42
68 60 39
60 69 13
69 60 14
60 70 2
70 60 4
60 71 4
71 60 5
60 72 46
72 60 63
60 73 46
73 60 42
60 74 38
74 60 29
60 75 55
75 60 41
60 76 29
76 60 43
61 62 12
62 61 15
61 63 41
63 61 29
61 64 17
64 61 21
61 65 75
65 61 66
61 66 35
66 61 69
61 67 55
67 61 37
61 68 30
68 61 27
61 69 12
69 61 14
61 70 26
70 61 30
61 71 25
71 61 23
61 72 77
72 61 54
61 73 14
73 61 20
61 74 13
74 61 15
61 75 32
75 61 31
61 76 50
76 61 34
62 63 18
63 62 14
62 64 30
64 62 21
62 65 71
65 62 54
62 66 43
66 62 59
62 67 15
67 62 27
62 68 19
68 62 15
62 69 29
69 62 26
62 70 27
70 62 38
62 71 40
71 62 33
62 72 33
72 62 40
62 73 4
73 62 5
62 74 12
74 62 10
62 75 24
75 62 19
62 76 11
76 62 22
63 64 34
64 63 25
63 65 63
65 63 50
63 66 72
66 63 56
63 67 38
67 63 28
63 68 12
68 63 18
63 69 49
69 63 40
63 70 43
70 63 51
63 71 59
71 63 46
63 72 44
72 63 34
63 73 5
73 63 9
63 74 21
74 63 22
63 75 13
75 63 21
63 76 19
76 63 22
64 65 86
65 64 74
64 66 40
66 64 79
64 67 32
67 64 48
64 68 27
68 64 36
64 69 48
69 64 35
64 70 34
70 64 51
64 71 62
71 64 44
64 72 57
72 64 59
64 73 16
73 64 22
64 74 21
74 64 29
64 75 27
75 64 40
64 76 41
76 64 43
65 66 5
66 65 7
65 67 17
67 65 28
65 68 44
68 65 39
65 69 56
69 65 66
65 70 94
70 65 64
65 71 72
71 65 66
65 72 14
72 65 18
65 73 52
73 65 51
65 74 35
74 65 51
65 75 32
75 65 34
65 76 35
76 65 32
66 67 33
67 66 32
66 68 46
68 66 43
66 69 40
69 66 68
66 70 77
70 66 65
66 71 40
71 66 67
66 72 35
72 66 25
66 73 66
73 66 57
66 74 31
74 66 55
66 75 28
75 66 39
66 76 25
76 66 36
67 68 10
68 67 11
67 69 34
69 67 38
67 70 25
70 67 40
67 71 31
71 67 40
67 72 17
72 67 21
67 73 30
73 67 25
67 74 13
74 67 23
67 75 5
75 67 7
67 76 3
76 67 5
68 69 46
69 68 31
68 70 30
70 68 38
68 71 30
71 68 35
68 72 31
72 68 27
68 73 16
73 68 14
68 74 17
74 68 13
68 75 5
75 68 4
68 76 10
76 68 7
69 70 13
70 69 16
69 71 10
71 69 9
69 72 33
72 69 58
69 73 32
73 69 30
69 74 17
74 69 19
69 75 25
75 69 34
69 76 50
76 69 37
70 71 7
71 70 8
70 72 59
72 70 61
70 73 40
73 70 42
70 74 31
74 70 29
70 75 53
75 70 39
70 76 61
76 70 41
71 72 59
72 71 60
71 73 40
73 71 37
71 74 35
74 71 24
71 75 40
75 71 37
71 76 55
76 71 40
72 73 53
73 72 37
72 74 36
74 72 40
72 75 18
75 72 24
72 76 21
76 72 21
73 74 12
74 73 14
73 75 12
75 73 18
73 76 22
76 73 21
74 75 9
75 74 17
74 76 23
76 74 20
75 76 4
76 75 3
