1 27 10 13 2550

202 223

51 4 6 37 52

1 10 49 49
2 13 52 64
5 10 21 47
7 11 31 62
8 14 52 33
9 9 51 21
10 14 42 41
11 13 31 32
13 10 12 42
14 13 36 16
15 12 52 41
16 12 27 23
17 11 17 33
18 14 13 13
19 12 57 58
20 10 62 42
22 14 16 57
25 13 27 68
26 12 30 48
27 14 43 67
28 13 58 48
29 12 58 27
30 10 37 69
32 13 46 10
33 12 61 33
34 13 62 63
36 11 32 22
3 12 20 26
4 11 40 30
6 9 17 63
12 14 5 25
21 11 42 57
23 13 8 52
24 12 7 38
31 12 38 46
35 14 63 69
37 13 45 35

38 59 15
39 5 6
40 10 17
41 21 10
42 5 64
43 30 15
44 39 10
45 32 39
46 25 32
47 25 55
48 48 28
49 56 37
50 30 40

51 1 11
1 51 12
51 2 17
2 51 19
51 5 19
5 51 17
51 7 12
7 51 12
51 8 22
8 51 24
51 9 44
9 51 34
51 10 7
10 51 12
51 11 18
11 51 21
51 13 39
13 51 27
51 14 21
14 51 36
51 15 25
15 51 19
51 16 43
16 51 31
51 17 26
17 51 28
51 18 56
18 51 46
51 19 31
19 51 21
51 20 34
20 51 27
51 22 20
22 51 22
51 25 17
25 51 19
51 26 7
26 51 8
51 27 19
27 51 16
51 28 28
28 51 21
51 29 42
29 51 32
51 30 19
30 51 17
51 32 27
32 51 43
51 33 28
33 51 31
51 34 19
34 51 27
51 36 37
36 51 30
51 3 27
3 51 31
51 4 22
4 51 22
51 6 33
6 51 23
51 12 31
12 51 42
51 21 4
21 51 7
51 23 42
23 51 29
51 24 48
24 51 33
51 31 7
31 51 6
51 35 27
35 51 31
51 37 16
37 51 19
51 38 54
38 51 43
51 39 82
39 51 56
51 40 39
40 51 44
51 41 32
41 51 45
51 42 29
42 51 34
51 43 53
43 51 37
51 44 31
44 51 42
51 45 8
45 51 14
51 46 28
46 51 23
51 47 8
47 51 12
51 48 38
48 51 26
51 49 26
49 51 24
51 50 18
50 51 14
1 2 11
2 1 15
1 5 33
5 1 28
1 7 11
7 1 22
1 8 17
8 1 16
1 9 19
9 1 28
1 10 11
10 1 11
1 11 37
11 1 25
1 13 19
13 1 38
1 14 20
14 1 35
1 15 8
15 1 9
1 16 33
16 1 34
1 17 35
17 1 36
1 18 43
18 1 51
1 19 9
19 1 12
1 20 19
20 1 15
1 22 31
22 1 34
1 25 20
25 1 29
1 26 11
26 1 19
1 27 14
27 1 19
1 28 12
28 1 9
1 29 13
29 1 24
1 30 27
30 1 23
1 32 28
32 1 39
1 33 19
33 1 20
1 34 25
34 1 19
1 36 38
36 1 32
1 3 34
3 1 37
1 4 23
4 1 21
1 6 43
6 1 35
1 12 37
12 1 50
1 21 14
21 1 11
1 23 52
23 1 41
1 24 27
24 1 43
1 31 13
31 1 11
1 35 14
35 1 24
1 37 9
37 1 15
1 38 47
38 1 35
1 39 39
39 1 62
1 40 73
40 1 50
1 41 60
41 1 48
1 42 24
42 1 46
1 43 34
43 1 39
1 44 38
44 1 40
1 45 10
45 1 20
1 46 17
46 1 29
1 47 16
47 1 25
1 48 26
48 1 21
1 49 20
49 1 14
1 50 20
50 1 21
2 5 46
5 2 35
2 7 19
7 2 21
2 8 41
8 2 31
2 9 25
9 2 43
2 10 32
10 2 25
2 11 55
11 2 38
2 13 37
13 2 45
2 14 56
14 2 51
2 15 28
15 2 23
2 16 51
16 2 48
2 17 62
17 2 47
2 18 91
18 2 64
2 19 6
19 2 8
2 20 20
20 2 24
2 22 46
22 2 37
2 25 18
25 2 25
2 26 16
26 2 27
2 27 10
27 2 9
2 28 19
28 2 17
2 29 30
29 2 37
2 30 21
30 2 15
2 32 71
32 2 54
2 33 30
33 2 32
2 34 13
34 2 10
2 36 58
36 2 46
2 3 31
3 2 50
2 4 20
4 2 36
2 6 35
6 2 35
2 12 46
12 2 61
2 21 16
21 2 12
2 23 38
23 2 46
2 24 60
24 2 51
2 31 28
31 2 23
2 35 11
35 2 12
2 37 17
37 2 30
2 38 50
38 2 49
2 39 70
39 2 75
2 40 78
40 2 63
2 41 84
41 2 62
2 42 39
42 2 47
2 43 42
43 2 53
2 44 81
44 2 56
2 45 41
45 2 32
2 46 30
46 2 42
2 47 32
47 2 28
2 48 44
48 2 36
2 49 21
49 2 27
2 50 23
50 2 33
5 7 13
7 5 18
5 8 38
8 5 34
5 9 21
9 5 40
5 10 11
10 5 22
5 11 19
11 5 18
5 13 10
13 5 10
5 14 17
14 5 34
5 15 33
15 5 32
5 16 33
16 5 25
5 17 21
17 5 15
5 18 22
18 5 35
5 19 34
19 5 38
5 20 21
20 5 41
5 22 16
22 5 11
5 25 11
25 5 22
5 26 9
26 5 9
5 27 42
27 5 30
5 28 37
28 5 37
5 29 23
29 5 42
5 30 22
30 5 27
5 32 47
32 5 45
5 33 47
33 5 42
5 34 44
34 5 44
5 36 34
36 5 27
5 3 11
3 5 21
5 4 25
4 5 25
5 6 16
6 5 16
5 12 34
12 5 27
5 21 20
21 5 23
5 23 7
23 5 14
5 24 9
24 5 16
5 31 17
31 5 17
5 35 56
35 5 47
5 37 14
37 5 27
5 38 48
38 5 50
5 39 54
39 5 44
5 40 36
40 5 32
5 41 30
41 5 37
5 42 15
42 5 23
5 43 43
43 5 33
5 44 46
44 5 41
5 45 15
45 5 14
5 46 16
46 5 16
5 47 9
47 5 9
5 48 23
48 5 33
5 49 32
49 5 36
5 50 6
50 5 11
7 8 44
8 7 36
7 9 55
9 7 46
7 10 24
10 7 24
7 11 28
11 7 30
7 13 25
13 7 28
7 14 43
14 7 46
7 15 28
15 7 30
7 16 28
16 7 39
7 17 24
17 7 32
7 18 60
18 7 52
7 19 28
19 7 26
7 20 48
20 7 37
7 22 23
22 7 16
7 25 7
25 7 7
7 26 12
26 7 14
7 27 16
27 7 13
7 28 28
28 7 30
7 29 59
29 7 44
7 30 5
30 7 9
7 32 41
32 7 54
7 33 23
33 7 42
7 34 29
34 7 31
7 36 47
36 7 40
7 3 50
3 7 38
7 4 31
4 7 33
7 6 18
6 7 14
7 12 24
12 7 45
7 21 14
21 7 12
7 23 23
23 7 25
7 24 21
24 7 34
7 31 18
31 7 17
7 35 19
35 7 33
7 37 41
37 7 30
7 38 59
38 7 54
7 39 42
39 7 62
7 40 48
40 7 49
7 41 28
41 7 53
7 42 17
42 7 26
7 43 40
43 7 47
7 44 71
44 7 53
7 45 22
45 7 23
7 46 36
46 7 31
7 47 9
47 7 9
7 48 19
48 7 38
7 49 21
49 7 35
7 50 25
50 7 22
8 9 16
9 8 12
8 10 10
10 8 13
8 11 20
11 8 21
8 13 22
13 8 41
8 14 29
14 8 23
8 15 11
15 8 8
8 16 31
16 8 27
8 17 36
17 8 35
8 18 63
18 8 44
8 19 33
19 8 25
8 20 10
20 8 13
8 22 32
22 8 43
8 25 64
25 8 43
8 26 27
26 8 27
8 27 24
27 8 35
8 28 9
28 8 16
8 29 10
29 8 8
8 30 22
30 8 39
8 32 32
32 8 24
8 33 10
33 8 9
8 34 36
34 8 32
8 36 18
36 8 23
8 3 29
3 8 32
8 4 11
4 8 12
8 6 45
6 8 46
8 12 71
12 8 48
8 21 26
21 8 26
8 23 69
23 8 48
8 24 31
24 8 45
8 31 13
31 8 19
8 35 39
35 8 38
8 37 5
37 8 7
8 38 16
38 8 19
8 39 34
39 8 54
8 40 33
40 8 45
8 41 47
41 8 39
8 42 35
42 8 56
8 43 18
43 8 28
8 44 27
44 8 26
8 45 11
45 8 21
8 46 29
46 8 27
8 47 52
47 8 35
8 48 5
48 8 6
8 49 4
49 8 6
8 50 33
50 8 23
9 10 24
10 9 22
9 11 32
11 9 23
9 13 51
13 9 44
9 14 23
14 9 16
9 15 26
15 9 20
9 16 17
16 9 24
9 17 38
17 9 36
9 18 44
18 9 39
9 19 53
19 9 37
9 20 32
20 9 24
9 22 32
22 9 50
9 25 37
25 9 53
9 26 20
26 9 34
9 27 46
27 9 47
9 28 25
28 9 28
9 29 8
29 9 9
9 30 66
30 9 50
9 32 9
32 9 12
9 33 13
33 9 16
9 34 57
34 9 43
9 36 15
36 9 19
9 3 27
3 9 31
9 4 12
4 9 14
9 6 70
6 9 54
9 12 50
12 9 46
9 21 25
21 9 37
9 23 27
23 9 53
9 24 30
24 9 47
9 31 19
31 9 28
9 35 32
35 9 49
9 37 18
37 9 15
9 38 7
38 9 10
9 39 35
39 9 48
9 40 27
40 9 41
9 41 40
41 9 32
9 42 41
42 9 63
9 43 19
43 9 22
9 44 19
44 9 16
9 45 13
45 9 26
9 46 23
46 9 28
9 47 55
47 9 43
9 48 5
48 9 8
9 49 23
49 9 17
9 50 27
50 9 28
10 11 16
11 10 14
10 13 25
13 10 30
10 14 22
14 10 26
10 15 6
15 10 10
10 16 22
16 10 23
10 17 36
17 10 26
10 18 52
18 10 40
10 19 22
19 10 23
10 20 13
20 10 20
10 22 45
22 10 31
10 25 44
25 10 31
10 26 14
26 10 14
10 27 16
27 10 26
10 28 16
28 10 17
10 29 16
29 10 21
10 30 23
30 10 28
10 32 33
32 10 31
10 33 24
33 10 21
10 34 38
34 10 30
10 36 26
36 10 21
10 3 24
3 10 27
10 4 14
4 10 11
10 6 27
6 10 33
10 12 55
12 10 40
10 21 18
21 10 16
10 23 41
23 10 36
10 24 37
24 10 35
10 31 8
31 10 6
10 35 19
35 10 35
10 37 5
37 10 7
10 38 39
38 10 31
10 39 52
39 10 51
10 40 39
40 10 40
10 41 25
41 10 37
10 42 28
42 10 44
10 43 36
43 10 28
10 44 31
44 10 31
10 45 8
45 10 10
10 46 18
46 10 19
10 47 21
47 10 22
10 48 10
48 10 14
10 49 16
49 10 15
10 50 11
50 10 12
11 13 22
13 11 21
11 14 10
14 11 17
11 15 21
15 11 23
11 16 14
16 11 10
11 17 16
17 11 14
11 18 14
18 11 26
11 19 32
19 11 37
11 20 48
20 11 33
11 22 35
22 11 29
11 25 26
25 11 36
11 26 18
26 11 16
11 27 24
27 11 37
11 28 24
28 11 31
11 29 31
29 11 27
11 30 48
30 11 37
11 32 15
32 11 27
11 33 42
33 11 30
11 34 61
34 11 44
11 36 14
36 11 10
11 3 12
3 11 13
11 4 9
4 11 9
11 6 47
6 11 34
11 12 40
12 11 27
11 21 25
21 11 27
11 23 31
23 11 30
11 24 37
24 11 25
11 31 14
31 11 16
11 35 38
35 11 49
11 37 7
37 11 14
11 38 34
38 11 33
11 39 34
39 11 37
11 40 38
40 11 26
11 41 28
41 11 24
11 42 59
42 11 41
11 43 17
43 11 17
11 44 34
44 11 23
11 45 5
45 11 7
11 46 4
46 11 6
11 47 15
47 11 24
11 48 16
48 11 17
11 49 22
49 11 25
11 50 8
50 11 8
13 14 43
14 13 35
13 15 42
15 13 40
13 16 24
16 13 24
13 17 11
17 13 10
13 18 30
18 13 29
13 19 28
19 13 48
13 20 51
20 13 50
13 22 23
22 13 16
13 25 20
25 13 30
13 26 21
26 13 19
13 27 34
27 13 40
13 28 45
28 13 46
13 29 56
29 13 48
13 30 40
30 13 37
13 32 30
32 13 47
13 33 55
33 13 50
13 34 72
34 13 54
13 36 31
36 13 28
13 3 25
3 13 18
13 4 37
4 13 30
13 6 14
6 13 22
13 12 23
12 13 18
13 21 17
21 13 34
13 23 8
23 13 11
13 24 4
24 13 6
13 31 30
31 13 26
13 35 61
35 13 58
13 37 26
37 13 34
13 38 28
38 13 54
13 39 26
39 13 37
13 40 31
40 13 25
13 41 43
41 13 33
13 42 24
42 13 23
13 43 47
43 13 32
13 44 54
44 13 42
13 45 12
45 13 20
13 46 17
46 13 16
13 47 13
47 13 18
13 48 40
48 13 39
13 49 56
49 13 44
13 50 24
50 13 18
14 15 23
15 14 30
14 16 6
16 14 11
14 17 34
17 14 25
14 18 15
18 14 23
14 19 67
19 14 47
14 20 33
20 14 37
14 22 51
22 14 46
14 25 29
25 14 53
14 26 46
26 14 33
14 27 71
27 14 51
14 28 48
28 14 39
14 29 22
29 14 25
14 30 58
30 14 53
14 32 7
32 14 12
14 33 43
33 14 30
14 34 66
34 14 54
14 36 8
36 14 7
14 3 17
3 14 19
14 4 8
4 14 15
14 6 46
6 14 51
14 12 34
12 14 32
14 21 34
21 14 41
14 23 35
23 14 46
14 24 46
24 14 36
14 31 16
31 14 30
14 35 32
35 14 59
14 37 27
37 14 21
14 38 16
38 14 23
14 39 36
39 14 33
14 40 17
40 14 26
14 41 9
41 14 16
14 42 31
42 14 57
14 43 4
43 14 6
14 44 4
44 14 7
14 45 19
45 14 23
14 46 27
46 14 19
14 47 34
47 14 40
14 48 20
48 14 17
14 49 39
49 14 29
14 50 31
50 14 25
15 16 20
16 15 31
15 17 48
17 15 36
15 18 69
18 15 48
15 19 15
19 15 18
15 20 11
20 15 10
15 22 50
22 15 39
15 25 21
25 15 37
15 26 16
26 15 23
15 27 20
27 15 28
15 28 6
28 15 9
15 29 9
29 15 15
15 30 17
30 15 32
15 32 44
32 15 32
15 33 15
33 15 12
15 34 21
34 15 24
15 36 35
36 15 28
15 3 35
3 15 35
15 4 12
4 15 16
15 6 48
6 15 41
15 12 48
12 15 50
15 21 28
21 15 19
15 23 26
23 15 45
15 24 25
24 15 45
15 31 14
31 15 15
15 35 31
35 15 30
15 37 8
37 15 9
15 38 21
38 15 27
15 39 81
39 15 58
15 40 68
40 15 48
15 41 64
41 15 44
15 42 70
42 15 52
15 43 28
43 15 34
15 44 48
44 15 34
15 45 29
45 15 20
15 46 40
46 15 28
15 47 20
47 15 30
15 48 20
48 15 14
15 49 7
49 15 6
15 50 11
50 15 22
16 17 12
17 16 14
16 18 20
18 16 17
16 19 33
19 16 46
16 20 58
20 16 40
16 22 48
22 16 36
16 25 55
25 16 45
16 26 35
26 16 25
16 27 46
27 16 47
16 28 38
28 16 40
16 29 44
29 16 31
16 30 64
30 16 47
16 32 33
32 16 23
16 33 40
33 16 35
16 34 40
34 16 53
16 36 5
36 16 5
16 3 4
3 16 8
16 4 16
4 16 15
16 6 60
6 16 41
16 12 31
12 16 22
16 21 28
21 16 37
16 23 46
23 16 35
16 24 33
24 16 25
16 31 23
31 16 25
16 35 77
35 16 58
16 37 28
37 16 22
16 38 37
38 16 33
16 39 32
39 16 28
16 40 11
40 16 18
16 41 13
41 16 14
16 42 61
42 16 47
16 43 5
43 16 9
16 44 10
44 16 18
16 45 18
45 16 17
16 46 9
46 16 9
16 47 25
47 16 32
16 48 32
48 16 22
16 49 33
49 16 32
16 50 12
50 16 17
17 18 20
18 17 20
17 19 33
19 17 47
17 20 40
20 17 46
17 22 21
22 17 24
17 25 31
25 17 36
17 26 23
26 17 20
17 27 34
27 17 43
17 28 65
28 17 44
17 29 50
29 17 41
17 30 33
30 17 41
17 32 39
32 17 37
17 33 42
33 17 44
17 34 39
34 17 54
17 36 25
36 17 19
17 3 4
3 17 8
17 4 29
4 17 23
17 6 21
6 17 30
17 12 11
12 17 14
17 21 37
21 17 35
17 23 16
23 17 21
17 24 14
24 17 11
17 31 29
31 17 25
17 35 38
35 17 58
17 37 39
37 17 28
17 38 47
38 17 46
17 39 40
39 17 30
17 40 23
40 17 17
17 41 23
41 17 23
17 42 29
42 17 33
17 43 16
43 17 22
17 44 21
44 17 32
17 45 12
45 17 16
17 46 10
46 17 8
17 47 14
47 17 23
17 48 37
48 17 31
17 49 23
49 17 39
17 50 18
50 17 15
18 19 56
19 18 63
18 20 77
20 18 57
18 22 60
22 18 44
18 25 54
25 18 57
18 26 34
26 18 39
18 27 59
27 18 62
18 28 45
28 18 57
18 29 28
29 18 47
18 30 77
30 18 61
18 32 23
32 18 33
18 33 41
33 18 52
18 34 66
34 18 70
18 36 28
36 18 21
18 3 11
3 18 15
18 4 18
4 18 32
18 6 33
6 18 50
18 12 11
12 18 14
18 21 73
21 18 53
18 23 37
23 18 39
18 24 16
24 18 26
18 31 21
31 18 41
18 35 104
35 18 75
18 37 38
37 18 39
18 38 52
38 18 46
18 39 15
39 18 11
18 40 5
40 18 5
18 41 9
41 18 9
18 42 32
42 18 51
18 43 15
43 18 17
18 44 22
44 18 26
18 45 18
45 18 32
18 46 13
46 18 22
18 47 40
47 18 44
18 48 53
48 18 38
18 49 37
49 18 49
18 50 39
50 18 31
19 20 24
20 19 17
19 22 36
22 19 41
19 25 44
25 19 32
19 26 21
26 19 29
19 27 24
27 19 17
19 28 11
28 19 10
19 29 18
29 19 31
19 30 16
30 19 23
19 32 65
32 19 49
19 33 21
33 19 25
19 34 9
34 19 7
19 36 65
36 19 44
19 3 35
3 19 49
19 4 32
4 19 33
19 6 30
6 19 40
19 12 60
12 19 61
19 21 22
21 19 15
19 23 50
23 19 49
19 24 28
24 19 54
19 31 11
31 19 22
19 35 10
35 19 13
19 37 32
37 19 26
19 38 39
38 19 43
19 39 55
39 19 74
19 40 73
40 19 62
19 41 60
41 19 60
19 42 27
42 19 52
19 43 75
43 19 51
19 44 50
44 19 51
19 45 30
45 19 31
19 46 36
46 19 41
19 47 38
47 19 32
19 48 43
48 19 31
19 49 13
49 19 21
19 50 29
50 19 32
20 22 31
22 20 48
20 25 36
25 20 44
20 26 34
26 20 33
20 27 36
27 20 31
20 28 9
28 20 7
20 29 11
29 20 16
20 30 42
30 20 37
20 32 23
32 20 36
20 33 8
33 20 9
20 34 14
34 20 21
20 36 53
36 20 36
20 3 40
3 20 45
20 4 27
4 20 25
20 6 40
6 20 50
20 12 64
12 20 59
20 21 21
21 20 25
20 23 48
23 20 55
20 24 46
24 20 55
20 31 13
31 20 24
20 35 30
35 20 27
20 37 19
37 20 18
20 38 25
38 20 27
20 39 57
39 20 67
20 40 83
40 20 57
20 41 70
41 20 52
20 42 51
42 20 61
20 43 34
43 20 42
20 44 39
44 20 39
20 45 39
45 20 30
20 46 44
46 20 38
20 47 39
47 20 39
20 48 19
48 20 20
20 49 8
49 20 8
20 50 35
50 20 32
22 25 18
25 22 16
22 26 14
26 22 17
22 27 33
27 22 29
22 28 48
28 22 43
22 29 74
29 22 52
22 30 31
30 22 24
22 32 64
32 22 56
22 33 58
33 22 51
22 34 42
34 22 46
22 36 25
36 22 38
22 3 27
3 22 31
22 4 30
4 22 36
22 6 7
6 22 6
22 12 48
12 22 34
22 21 15
21 22 26
22 23 5
23 22 9
22 24 12
24 22 21
22 31 16
31 22 25
22 35 28
35 22 49
22 37 19
37 22 36
22 38 30
38 22 60
22 39 72
39 22 52
22 40 50
40 22 40
22 41 66
41 22 47
22 42 15
42 22 13
22 43 49
43 22 44
22 44 54
44 22 52
22 45 24
45 22 24
22 46 36
46 22 27
22 47 11
47 22 9
22 48 41
48 22 43
22 49 44
49 22 45
22 50 27
50 22 22
25 26 29
26 25 20
25 27 8
27 25 16
25 28 28
28 25 37
25 29 74
29 25 51
25 30 7
30 25 10
25 32 44
32 25 61
25 33 45
33 25 49
25 34 43
34 25 35
25 36 25
36 25 46
25 3 34
3 25 43
25 4 58
4 25 40
25 6 16
6 25 11
25 12 64
12 25 48
25 21 11
21 25 19
25 23 29
23 25 25
25 24 31
24 25 36
25 31 21
31 25 25
25 35 47
35 25 36
25 37 19
37 25 38
25 38 85
38 25 62
25 39 82
39 25 66
25 40 64
40 25 54
25 41 58
41 25 58
25 42 24
42 25 22
25 43 55
43 25 53
25 44 53
44 25 59
25 45 25
45 25 29
25 46 51
46 25 36
25 47 17
47 25 13
25 48 27
48 25 45
25 49 25
49 25 42
25 50 33
50 25 28
26 27 33
27 26 23
26 28 37
28 26 28
26 29 27
29 26 35
26 30 18
30 26 22
26 32 54
32 26 41
26 33 43
33 26 34
26 34 52
34 26 35
26 36 21
36 26 26
26 3 31
3 26 24
26 4 17
4 26 21
26 6 10
6 26 20
26 12 49
12 26 34
26 21 15
21 26 15
26 23 13
23 26 22
26 24 21
24 26 25
26 31 8
31 26 8
26 35 43
35 26 39
26 37 23
37 26 20
26 38 60
38 26 44
26 39 47
39 26 49
26 40 42
40 26 37
26 41 47
41 26 39
26 42 20
42 26 30
26 43 17
43 26 33
26 44 38
44 26 39
26 45 7
45 26 9
26 46 20
46 26 17
26 47 9
47 26 9
26 48 24
48 26 27
26 49 16
49 26 28
26 50 11
50 26 8
27 28 21
28 27 24
27 29 22
29 27 43
27 30 4
30 27 6
27 32 69
32 27 57
27 33 27
33 27 38
27 34 27
34 27 19
27 36 43
36 27 46
27 3 48
3 27 47
27 4 33
4 27 37
27 6 16
6 27 26
27 12 84
12 27 57
27 21 6
21 27 10
27 23 31
23 27 38
27 24 52
24 27 46
27 31 29
31 27 22
27 35 26
35 27 20
27 37 21
37 27 32
27 38 44
38 27 54
27 39 66
39 27 72
27 40 66
40 27 60
27 41 61
41 27 61
27 42 47
42 27 38
27 43 59
43 27 53
27 44 76
44 27 57
27 45 38
45 27 30
27 46 48
46 27 39
27 47 27
47 27 22
27 48 35
48 27 39
27 49 30
49 27 33
27 50 20
50 27 30
28 29 15
29 28 21
28 30 16
30 28 30
28 32 53
32 28 40
28 33 13
33 28 15
28 34 21
34 28 16
28 36 54
36 28 37
28 3 53
3 28 44
28 4 35
4 28 25
28 6 59
6 28 44
28 12 49
12 28 58
28 21 12
21 28 18
28 23 46
23 28 50
28 24 54
24 28 52
28 31 19
31 28 20
28 35 32
35 28 22
28 37 19
37 28 18
28 38 30
38 28 33
28 39 98
39 28 67
28 40 68
40 28 57
28 41 31
41 28 53
28 42 28
42 28 55
28 43 28
43 28 43
28 44 58
44 28 42
28 45 27
45 28 28
28 46 28
46 28 37
28 47 17
47 28 34
28 48 27
48 28 22
28 49 7
49 28 11
28 50 32
50 28 29
29 30 42
30 29 47
29 32 28
32 29 21
29 33 6
33 29 7
29 34 37
34 29 36
29 36 24
36 29 26
29 3 33
3 29 38
29 4 26
4 29 18
29 6 44
6 29 54
29 12 52
12 29 53
29 21 25
21 29 34
29 23 46
23 29 56
29 24 54
24 29 52
29 31 34
31 29 28
29 35 40
35 29 42
29 37 14
37 29 15
29 38 11
38 29 12
29 39 45
39 29 57
29 40 34
40 29 49
29 41 30
41 29 41
29 42 54
42 29 64
29 43 20
43 29 30
29 44 35
44 29 25
29 45 29
45 29 29
29 46 48
46 29 33
29 47 47
47 29 43
29 48 6
48 29 10
29 49 12
49 29 10
29 50 43
50 29 31
30 32 54
32 30 60
30 33 45
33 30 43
30 34 25
34 30 26
30 36 55
36 30 47
30 3 45
3 30 46
30 4 32
4 30 39
30 6 26
6 30 21
30 12 54
12 30 54
30 21 19
21 30 13
30 23 33
23 30 34
30 24 23
24 30 43
30 31 33
31 30 23
30 35 28
35 30 26
30 37 27
37 30 35
30 38 67
38 30 58
30 39 48
39 30 71
30 40 80
40 30 59
30 41 91
41 30 61
30 42 39
42 30 32
30 43 48
43 30 54
30 44 78
44 30 59
30 45 37
45 30 30
30 46 47
46 30 39
30 47 22
47 30 18
30 48 58
48 30 42
30 49 46
49 30 37
30 50 42
50 30 30
32 33 19
33 32 27
32 34 33
34 32 55
32 36 13
36 32 18
32 3 37
3 32 31
32 4 31
4 32 21
32 6 47
6 32 60
32 12 37
12 32 44
32 21 65
21 32 47
32 23 70
23 32 57
32 24 37
24 32 48
32 31 31
31 32 37
32 35 42
35 32 61
32 37 13
37 32 25
32 38 11
38 32 14
32 39 37
39 32 41
32 40 50
40 32 37
32 41 34
41 32 25
32 42 66
42 32 68
32 43 17
43 32 17
32 44 5
44 32 7
32 45 34
45 32 32
32 46 20
46 32 30
32 47 58
47 32 49
32 48 20
48 32 18
32 49 41
49 32 29
32 50 18
50 32 34
33 34 16
34 33 30
33 36 41
36 33 31
33 3 28
3 33 41
33 4 17
4 33 21
33 6 45
6 33 53
33 12 49
12 33 57
33 21 29
21 33 31
33 23 67
23 33 56
33 24 51
24 33 54
33 31 24
31 33 26
33 35 47
35 33 36
33 37 18
37 33 16
33 38 17
38 33 18
33 39 88
39 33 62
33 40 74
40 33 53
33 41 43
41 33 46
33 42 55
42 33 64
33 43 43
43 33 36
33 44 39
44 33 32
33 45 30
45 33 30
33 46 29
46 33 36
33 47 53
47 33 42
33 48 16
48 33 14
33 49 8
49 33 6
33 50 23
50 33 32
34 36 56
36 34 51
34 3 70
3 34 56
34 4 21
4 34 40
34 6 40
6 34 45
34 12 51
12 34 68
34 21 27
21 34 21
34 23 46
23 34 55
34 24 67
24 34 60
34 31 37
31 34 29
34 35 7
35 34 6
34 37 24
37 34 33
34 38 25
38 34 48
34 39 85
39 34 81
34 40 103
40 34 69
34 41 42
41 34 67
34 42 78
42 34 57
34 43 40
43 34 58
34 44 36
44 34 58
34 45 36
45 34 38
34 46 58
46 34 48
34 47 40
47 34 38
34 48 25
48 34 38
34 49 25
49 34 27
34 50 20
50 34 39
36 3 11
3 36 13
36 4 8
4 36 11
36 6 60
6 36 44
36 12 40
12 36 27
36 21 18
21 36 36
36 23 46
23 36 38
36 24 19
24 36 30
36 31 13
31 36 25
36 35 80
35 36 56
36 37 17
37 36 18
36 38 41
38 36 28
36 39 37
39 36 31
36 40 31
40 36 23
36 41 13
41 36 16
36 42 25
42 36 50
36 43 7
43 36 7
36 44 16
44 36 14
36 45 20
45 36 17
36 46 10
46 36 12
36 47 30
47 36 34
36 48 20
48 36 17
36 49 31
49 36 28
36 50 11
50 36 18
3 4 26
4 3 20
3 6 26
6 3 37
3 12 10
12 3 15
3 21 34
21 3 38
3 23 20
23 3 29
3 24 12
24 3 18
3 31 26
31 3 27
3 35 61
35 3 61
3 37 34
37 3 27
3 38 37
38 3 41
3 39 25
39 3 25
3 40 10
40 3 13
3 41 20
41 3 16
3 42 40
42 3 41
3 43 14
43 3 15
3 44 13
44 3 25
3 45 25
45 3 18
3 46 11
46 3 8
3 47 17
47 3 29
3 48 33
48 3 28
3 49 29
49 3 37
3 50 12
50 3 17
4 6 49
6 4 40
4 12 43
12 4 35
4 21 30
21 4 27
4 23 40
23 4 39
4 24 46
24 4 34
4 31 8
31 4 16
4 35 53
35 4 45
4 37 6
37 4 7
4 38 23
38 4 24
4 39 52
39 4 42
4 40 46
40 4 33
4 41 22
41 4 27
4 42 36
42 4 48
4 43 18
43 4 18
4 44 21
44 4 20
4 45 9
45 4 12
4 46 16
46 4 15
4 47 20
47 4 29
4 48 10
48 4 8
4 49 20
49 4 17
4 50 8
50 4 14
6 12 33
12 6 40
6 21 27
21 6 26
6 23 9
23 6 14
6 24 34
24 6 27
6 31 19
31 6 27
6 35 63
35 6 46
6 37 45
37 6 40
6 38 71
38 6 64
6 39 34
39 6 58
6 40 53
40 6 46
6 41 65
41 6 53
6 42 15
42 6 12
6 43 50
43 6 50
6 44 51
44 6 57
6 45 29
45 6 28
6 46 22
46 6 32
6 47 8
47 6 11
6 48 45
48 6 46
6 49 39
49 6 47
6 50 23
50 6 26
12 21 26
21 12 49
12 23 19
23 12 27
12 24 7
24 12 13
12 31 46
31 12 39
12 35 80
35 12 72
12 37 28
37 12 41
12 38 39
38 12 55
12 39 16
39 12 19
12 40 12
40 12 9
12 41 13
41 12 22
12 42 36
42 12 39
12 43 34
43 12 27
12 44 19
44 12 37
12 45 29
45 12 30
12 46 26
46 12 21
12 47 43
47 12 36
12 48 63
48 12 43
12 49 44
49 12 52
12 50 36
50 12 29
21 23 44
23 21 34
21 24 38
24 21 40
21 31 8
31 21 12
21 35 12
35 21 24
21 37 28
37 21 22
21 38 36
38 21 45
21 39 80
39 21 63
21 40 62
40 21 51
21 41 41
41 21 51
21 42 30
42 21 38
21 43 28
43 21 43
21 44 41
44 21 47
21 45 21
45 21 21
21 46 16
46 21 30
21 47 15
47 21 17
21 48 15
48 21 30
21 49 24
49 21 24
21 50 17
50 21 21
23 24 18
24 23 14
23 31 27
31 23 30
23 35 59
35 23 58
23 37 50
37 23 41
23 38 84
38 23 63
23 39 36
39 23 46
23 40 22
40 23 35
23 41 47
41 23 44
23 42 11
42 23 12
23 43 52
43 23 43
23 44 36
44 23 52
23 45 38
45 23 27
23 46 32
46 23 26
23 47 18
47 23 17
23 48 51
48 23 46
23 49 28
49 23 50
23 50 35
50 23 25
24 31 43
31 24 32
24 35 90
35 24 64
24 37 39
37 24 38
24 38 59
38 24 57
24 39 20
39 24 32
24 40 12
40 24 21
24 41 36
41 24 31
24 42 16
42 24 26
24 43 19
43 24 33
24 44 52
44 24 43
24 45 21
45 24 25
24 46 26
46 24 19
24 47 33
47 24 25
24 48 59
48 24 42
24 49 43
49 24 49
24 50 12
50 24 23
31 35 46
35 31 34
31 37 16
37 31 13
31 38 39
38 31 37
31 39 67
39 31 52
31 40 39
40 31 40
31 41 23
41 31 40
31 42 51
42 31 38
31 43 45
43 31 32
31 44 36
44 31 36
31 45 6
45 31 9
31 46 12
46 31 19
31 47 9
47 31 16
31 48 14
48 31 21
31 49 21
49 31 20
31 50 14
50 31 10
35 37 25
37 35 38
35 38 64
38 35 54
35 39 55
39 35 86
35 40 80
40 35 74
35 41 55
41 35 72
35 42 83
42 35 58
35 43 37
43 35 63
35 44 79
44 35 64
35 45 54
45 35 43
35 46 42
46 35 53
35 47 26
47 35 40
35 48 55
48 35 44
35 49 46
49 35 33
35 50 25
50 35 44
37 38 29
38 37 24
37 39 35
39 37 49
37 40 42
40 37 39
37 41 51
41 37 35
37 42 53
42 37 49
37 43 25
43 37 25
37 44 36
44 37 26
37 45 9
45 37 14
37 46 28
46 37 20
37 47 40
47 37 28
37 48 10
48 37 8
37 49 11
49 37 11
37 50 19
50 37 16
38 39 71
39 38 55
38 40 26
40 38 49
38 41 50
41 38 38
38 42 40
42 38 73
38 43 17
43 38 29
38 44 29
44 38 21
38 45 20
45 38 36
38 46 25
46 38 38
38 47 35
47 38 52
38 48 24
48 38 17
38 49 19
49 38 22
38 50 50
50 38 38
39 40 12
40 39 12
39 41 18
41 39 16
39 42 40
42 39 58
39 43 38
43 39 26
39 44 26
44 39 34
39 45 59
45 39 43
39 46 44
46 39 33
39 47 47
47 39 53
39 48 59
48 39 48
39 49 59
49 39 60
39 50 36
50 39 42
40 41 15
41 40 13
40 42 35
42 40 47
40 43 28
43 40 20
40 44 41
44 40 30
40 45 20
45 40 31
40 46 20
46 40 21
40 47 45
47 40 41
40 48 45
48 40 40
40 49 41
49 40 50
40 50 39
50 40 30
41 42 69
42 41 56
41 43 8
43 41 10
41 44 21
44 41 18
41 45 20
45 41 31
41 46 15
46 41 22
41 47 37
47 41 45
41 48 35
48 41 32
41 49 42
49 41 44
41 50 29
50 41 31
42 43 39
43 42 55
42 44 85
44 42 64
42 45 41
45 42 37
42 46 28
46 42 38
42 47 23
47 42 22
42 48 83
48 42 56
42 49 62
49 42 58
42 50 19
50 42 35
43 44 5
44 43 10
43 45 24
45 43 24
43 46 12
46 43 18
43 47 31
47 43 40
43 48 14
48 43 22
43 49 22
49 43 34
43 50 13
50 43 25
44 45 30
45 44 30
44 46 35
46 44 26
44 47 49
47 44 47
44 48 14
48 44 20
44 49 16
49 44 32
44 50 25
50 44 31
45 46 11
46 45 10
45 47 10
47 45 17
45 48 26
48 45 19
45 49 24
49 45 24
45 50 1
50 45 2
46 47 21
47 46 23
46 48 13
48 46 23
46 49 40
49 46 31
46 50 9
50 46 9
47 48 42
48 47 35
47 49 19
49 47 36
47 50 14
50 47 16
48 49 10
49 48 12
48 50 15
50 48 22
49 50 22
50 49 26
