1 9 9 7 650

157 162

1 4 3 37 52

3 19 52 64
5 19 40 30
6 16 21 47
8 22 31 62
9 20 52 33
10 15 51 21
14 16 12 42
15 15 36 16
19 17 13 13
2 20 49 49
4 21 20 26
7 21 17 63
11 17 42 41
12 14 31 32
13 17 5 25
16 15 52 41
17 17 27 23
18 22 17 33

20 57 58
21 62 42
22 42 57
23 16 57
24 8 52
25 7 38
26 27 68

1 3 13
3 1 19
1 5 31
5 1 22
1 6 19
6 1 17
1 8 12
8 1 12
1 9 22
9 1 24
1 10 44
10 1 34
1 14 21
14 1 27
1 15 43
15 1 36
1 19 28
19 1 46
1 2 9
2 1 12
1 4 43
4 1 31
1 7 27
7 1 23
1 11 10
11 1 12
1 12 23
12 1 21
1 13 41
13 1 42
1 16 23
16 1 19
1 17 31
17 1 31
1 18 35
18 1 28
1 20 16
20 1 21
1 21 39
21 1 27
1 22 7
22 1 7
1 23 27
23 1 22
1 24 27
24 1 29
1 25 44
25 1 33
1 26 10
26 1 19
3 5 41
5 3 36
3 6 25
6 3 35
3 8 14
8 3 21
3 9 28
9 3 31
3 10 31
10 3 43
3 14 54
14 3 45
3 15 31
15 3 51
3 19 64
19 3 64
3 2 18
2 3 15
3 4 39
4 3 50
3 7 24
7 3 35
3 11 28
11 3 25
3 12 31
12 3 38
3 13 31
13 3 61
3 16 25
16 3 23
3 17 69
17 3 48
3 18 44
18 3 47
3 20 8
20 3 8
3 21 34
21 3 24
3 22 17
22 3 12
3 23 54
23 3 37
3 24 39
24 3 46
3 25 55
25 3 51
3 26 31
26 3 25
5 6 17
6 5 25
5 8 32
8 5 33
5 9 13
9 5 12
5 10 17
10 5 14
5 14 42
14 5 30
5 15 16
15 5 15
5 19 45
19 5 32
5 2 13
2 5 21
5 4 20
4 5 20
5 7 37
7 5 40
5 11 10
11 5 11
5 12 6
12 5 9
5 13 44
13 5 35
5 16 11
16 5 16
5 17 8
17 5 15
5 18 18
18 5 23
5 20 43
20 5 33
5 21 29
21 5 25
5 22 21
22 5 27
5 23 21
23 5 36
5 24 48
24 5 39
5 25 38
25 5 34
5 26 53
26 5 40
6 8 14
8 6 18
6 9 28
9 6 34
6 10 41
10 6 40
6 14 7
14 6 10
6 15 17
15 6 34
6 19 51
19 6 35
6 2 18
2 6 28
6 4 20
4 6 21
6 7 10
7 6 16
6 11 25
11 6 22
6 12 11
12 6 18
6 13 15
13 6 27
6 16 34
16 6 32
6 17 29
17 6 25
6 18 22
18 6 15
6 20 55
20 6 38
6 21 22
21 6 41
6 22 15
22 6 23
6 23 15
23 6 11
6 24 18
24 6 14
6 25 10
25 6 16
6 26 25
26 6 22
8 9 37
9 8 36
8 10 25
10 8 46
8 14 22
14 8 28
8 15 28
15 8 46
8 19 36
19 8 52
8 2 32
2 8 22
8 4 40
4 8 38
8 7 14
7 8 14
8 11 20
11 8 24
8 12 34
12 8 30
8 13 51
13 8 45
8 16 29
16 8 30
8 17 53
17 8 39
8 18 29
18 8 32
8 20 36
20 8 26
8 21 41
21 8 37
8 22 13
22 8 12
8 23 10
23 8 16
8 24 36
24 8 25
8 25 45
25 8 34
8 26 4
26 8 7
9 10 8
10 9 12
9 14 53
14 9 41
9 15 30
15 9 23
9 19 34
19 9 44
9 2 18
2 9 16
9 4 38
4 9 32
9 7 43
7 9 46
9 11 9
11 9 13
9 12 23
12 9 21
9 13 28
13 9 48
9 16 6
16 9 8
9 17 40
17 9 27
9 18 46
18 9 35
9 20 25
20 9 25
9 21 19
21 9 13
9 22 34
22 9 26
9 23 44
23 9 43
9 24 65
24 9 48
9 25 40
25 9 45
9 26 24
26 9 43
10 14 59
14 10 44
10 15 12
15 10 16
10 19 25
19 10 39
10 2 38
2 10 28
10 4 32
4 10 31
10 7 68
7 10 54
10 11 14
11 10 22
10 12 18
12 10 23
10 13 57
13 10 46
10 16 12
16 10 20
10 17 28
17 10 24
10 18 51
18 10 36
10 20 46
20 10 37
10 21 29
21 10 24
10 22 25
22 10 37
10 23 51
23 10 50
10 24 63
24 10 53
10 25 64
25 10 47
10 26 69
26 10 53
14 15 39
15 14 35
14 19 29
19 14 29
14 2 39
2 14 38
14 4 20
4 14 18
14 7 32
7 14 22
14 11 22
11 14 30
14 12 27
12 14 21
14 13 21
13 14 18
14 16 53
16 14 40
14 17 21
17 14 24
14 18 11
18 14 10
14 20 32
20 14 48
14 21 30
21 14 50
14 22 43
22 14 34
14 23 12
23 14 16
14 24 6
24 14 11
14 25 8
25 14 6
14 26 30
26 14 30
15 19 27
19 15 23
15 2 30
2 15 35
15 4 10
4 15 19
15 7 42
7 15 51
15 11 25
11 15 26
15 12 14
12 15 17
15 13 44
13 15 32
15 16 34
16 15 30
15 17 8
17 15 11
15 18 36
18 15 25
15 20 36
20 15 47
15 21 41
21 15 37
15 22 54
22 15 41
15 23 49
23 15 46
15 24 30
24 15 46
15 25 28
25 15 36
15 26 49
26 15 53
19 2 52
2 19 51
19 4 15
4 19 15
19 7 33
7 19 50
19 11 22
11 19 40
19 12 22
12 19 26
19 13 11
13 19 14
19 16 30
16 19 48
19 17 20
17 19 17
19 18 23
18 19 20
19 20 85
20 19 63
19 21 80
21 19 57
19 22 45
22 19 53
19 23 25
23 19 44
19 24 52
24 19 39
19 25 21
25 19 26
19 26 58
26 19 57
2 4 48
4 2 37
2 7 25
7 2 35
2 11 9
11 2 11
2 12 36
12 2 25
2 13 36
13 2 50
2 16 12
16 2 9
2 17 46
17 2 34
2 18 27
18 2 36
2 20 14
20 2 12
2 21 10
21 2 15
2 22 13
22 2 11
2 23 28
23 2 34
2 24 48
24 2 41
2 25 59
25 2 43
2 26 18
26 2 29
4 7 46
7 4 37
4 11 37
11 4 27
4 12 12
12 4 13
4 13 13
13 4 15
4 16 18
16 4 35
4 17 7
17 4 8
4 18 4
18 4 8
4 20 45
20 4 49
4 21 24
21 4 45
4 22 23
22 4 38
4 23 28
23 4 31
4 24 18
24 4 29
4 25 14
25 4 18
4 26 27
26 4 43
7 11 24
11 7 33
7 12 17
12 7 34
7 13 30
13 7 40
7 16 44
16 7 41
7 17 51
17 7 41
7 18 39
18 7 30
7 20 22
20 7 40
7 21 40
21 7 50
7 22 28
22 7 26
7 23 6
23 7 6
7 24 8
24 7 14
7 25 30
25 7 27
7 26 11
26 7 11
11 12 18
12 11 14
11 13 37
13 11 40
11 16 10
16 11 10
11 17 34
17 11 23
11 18 27
18 11 26
11 20 28
20 11 23
11 21 21
21 11 20
11 22 19
22 11 16
11 23 27
23 11 31
11 24 36
24 11 36
11 25 36
25 11 35
11 26 27
26 11 31
12 13 19
13 12 27
12 16 23
16 12 23
12 17 13
17 12 10
12 18 14
18 12 14
12 20 26
20 12 37
12 21 38
21 12 33
12 22 22
22 12 27
12 23 29
23 12 29
12 24 42
24 12 30
12 25 26
25 12 25
12 26 19
26 12 36
13 16 35
16 13 50
13 17 24
17 13 22
13 18 8
18 13 14
13 20 32
20 13 61
13 21 62
21 13 59
13 22 70
22 13 49
13 23 38
23 13 34
13 24 23
24 13 27
13 25 8
25 13 13
13 26 54
26 13 48
16 17 27
17 16 31
16 18 19
18 16 36
16 20 17
20 16 18
16 21 12
21 16 10
16 22 16
22 16 19
16 23 22
23 16 39
16 24 56
24 16 45
16 25 42
25 16 45
16 26 29
26 16 37
17 18 15
18 17 14
17 20 24
20 17 46
17 21 44
21 17 40
17 22 50
22 17 37
17 23 19
23 17 36
17 24 45
24 17 35
17 25 20
25 17 25
17 26 34
26 17 45
18 20 33
20 18 47
18 21 52
21 18 46
18 22 36
22 18 35
18 23 30
23 18 24
18 24 30
24 18 21
18 25 15
25 18 11
18 26 35
26 18 36
20 21 20
21 20 17
20 22 18
22 20 15
20 23 50
23 20 41
20 24 58
24 20 49
20 25 70
25 20 54
20 26 21
26 20 32
21 22 19
22 21 25
21 23 24
23 21 48
21 24 60
24 21 55
21 25 69
25 21 55
21 26 47
26 21 44
22 23 30
23 22 26
22 24 35
24 22 34
22 25 31
25 22 40
22 26 28
26 22 19
23 24 11
24 23 9
23 25 20
25 23 21
23 26 16
26 23 16
24 25 14
25 24 14
24 26 31
26 24 25
25 26 27
26 25 36
