1 25 25 0 2550

263 298

1 5 6 37 52

2 10 49 49
5 13 40 30
8 10 31 62
12 11 31 32
15 14 36 16
16 9 52 41
17 14 27 23
18 13 17 33
19 10 13 13
20 13 57 58
25 12 7 38
26 12 27 68
27 11 30 48
28 14 43 67
30 12 58 27
34 10 61 33
36 14 63 69
37 13 32 22
38 12 45 35
39 14 59 15
40 13 5 6
41 12 10 17
45 10 39 10
46 13 32 39
48 12 25 55
3 13 52 64
4 11 20 26
6 12 21 47
7 11 17 63
9 9 52 33
10 14 51 21
11 11 42 41
13 13 5 25
14 12 12 42
21 12 62 42
22 14 42 57
23 13 16 57
24 12 8 52
29 9 58 48
31 13 37 69
32 12 38 46
33 9 46 10
35 13 62 63
42 14 21 10
43 9 5 64
44 10 30 15
47 13 25 32
49 10 48 28
50 12 56 37
51 14 30 40


1 2 11
2 1 12
1 5 31
5 1 22
1 8 11
8 1 12
1 12 23
12 1 21
1 15 52
15 1 36
1 16 15
16 1 19
1 17 16
17 1 31
1 18 35
18 1 28
1 19 28
19 1 46
1 20 29
20 1 21
1 25 35
25 1 33
1 26 17
26 1 19
1 27 8
27 1 8
1 28 21
28 1 16
1 30 22
30 1 32
1 34 38
34 1 31
1 36 31
36 1 31
1 37 24
37 1 30
1 38 27
38 1 19
1 39 29
39 1 43
1 40 59
40 1 56
1 41 60
41 1 44
1 45 54
45 1 42
1 46 14
46 1 14
1 48 11
48 1 12
1 3 21
3 1 19
1 4 35
4 1 31
1 6 20
6 1 17
1 7 18
7 1 23
1 9 13
9 1 24
1 10 25
10 1 34
1 11 8
11 1 12
1 13 57
13 1 42
1 14 36
14 1 27
1 21 27
21 1 27
1 22 10
22 1 7
1 23 17
23 1 22
1 24 25
24 1 29
1 29 23
29 1 21
1 31 24
31 1 17
1 32 6
32 1 6
1 33 26
33 1 43
1 35 32
35 1 27
1 42 39
42 1 45
1 43 42
43 1 34
1 44 54
44 1 37
1 47 28
47 1 23
1 49 38
49 1 26
1 50 26
50 1 24
1 51 18
51 1 14
2 5 14
5 2 21
2 8 30
8 2 22
2 12 17
12 2 25
2 15 30
15 2 35
2 16 7
16 2 9
2 17 40
17 2 34
2 18 50
18 2 36
2 19 74
19 2 51
2 20 11
20 2 12
2 25 45
25 2 43
2 26 18
26 2 29
2 27 13
27 2 19
2 28 21
28 2 19
2 30 27
30 2 24
2 34 21
34 2 20
2 36 26
36 2 24
2 37 29
37 2 32
2 38 9
38 2 15
2 39 45
39 2 35
2 40 58
40 2 62
2 41 32
41 2 50
2 45 53
45 2 40
2 46 15
46 2 20
2 48 22
48 2 25
2 3 19
3 2 15
2 4 40
4 2 37
2 6 24
6 2 28
2 7 51
7 2 35
2 9 12
9 2 16
2 10 16
10 2 28
2 11 14
11 2 11
2 13 49
13 2 50
2 14 21
14 2 38
2 21 18
21 2 15
2 22 11
22 2 11
2 23 40
23 2 34
2 24 47
24 2 41
2 29 11
29 2 9
2 31 13
31 2 23
2 32 6
32 2 11
2 33 33
33 2 39
2 35 25
35 2 19
2 42 42
42 2 48
2 43 23
43 2 46
2 44 51
44 2 39
2 47 31
47 2 29
2 49 26
49 2 21
2 50 20
50 2 14
2 51 20
51 2 21
5 8 27
8 5 33
5 12 13
12 5 9
5 15 13
15 5 15
5 16 16
16 5 16
5 17 12
17 5 15
5 18 17
18 5 23
5 19 32
19 5 32
5 20 20
20 5 33
5 25 46
25 5 34
5 26 55
26 5 40
5 27 17
27 5 21
5 28 54
28 5 37
5 30 19
30 5 18
5 34 25
34 5 21
5 36 26
36 5 45
5 37 16
37 5 11
5 38 4
38 5 7
5 39 17
39 5 24
5 40 58
40 5 42
5 41 29
41 5 33
5 45 28
45 5 20
5 46 8
46 5 12
5 48 22
48 5 29
5 3 20
3 5 36
5 4 25
4 5 20
5 6 19
6 5 25
5 7 22
7 5 40
5 9 14
9 5 12
5 10 7
10 5 14
5 11 12
11 5 11
5 13 28
13 5 35
5 14 34
14 5 30
5 21 32
21 5 25
5 22 25
22 5 27
5 23 44
23 5 36
5 24 57
24 5 39
5 29 20
29 5 25
5 31 27
31 5 39
5 32 11
32 5 16
5 33 28
33 5 21
5 35 23
35 5 40
5 42 28
42 5 27
5 43 33
43 5 48
5 44 18
44 5 18
5 47 15
47 5 15
5 49 10
49 5 8
5 50 16
50 5 17
5 51 8
51 5 14
8 12 37
12 8 30
8 15 52
15 8 46
8 16 26
16 8 30
8 17 28
17 8 39
8 18 16
18 8 32
8 19 27
19 8 52
8 20 15
20 8 26
8 25 46
25 8 34
8 26 7
26 8 7
8 27 11
27 8 14
8 28 13
28 8 13
8 30 65
30 8 44
8 34 34
34 8 42
8 36 27
36 8 33
8 37 46
37 8 40
8 38 28
38 8 30
8 39 30
39 8 54
8 40 45
40 8 62
8 41 62
41 8 49
8 45 27
45 8 53
8 46 25
46 8 23
8 48 10
48 8 9
8 3 22
3 8 21
8 4 38
4 8 38
8 6 18
6 8 18
8 7 9
7 8 14
8 9 50
9 8 36
8 10 58
10 8 46
8 11 13
11 8 24
8 13 44
13 8 45
8 14 19
14 8 28
8 21 53
21 8 37
8 22 7
22 8 12
8 23 23
23 8 16
8 24 36
24 8 25
8 29 29
29 8 30
8 31 8
31 8 9
8 32 24
32 8 17
8 33 45
33 8 54
8 35 18
35 8 31
8 42 69
42 8 53
8 43 15
43 8 26
8 44 30
44 8 47
8 47 17
47 8 31
8 49 41
49 8 38
8 50 35
50 8 35
8 51 22
51 8 22
12 15 24
15 12 17
12 16 21
16 12 23
12 17 7
17 12 10
12 18 10
18 12 14
12 19 38
19 12 26
12 20 26
20 12 37
12 25 36
25 12 25
12 26 53
26 12 36
12 27 16
27 12 16
12 28 50
28 12 37
12 30 40
30 12 27
12 34 17
34 12 30
12 36 25
36 12 49
12 37 8
37 12 10
12 38 12
38 12 14
12 39 43
39 12 33
12 40 53
40 12 37
12 41 20
41 12 26
12 45 13
45 12 23
12 46 5
46 12 7
12 48 26
48 12 24
12 3 49
3 12 38
12 4 19
4 12 13
12 6 12
6 12 18
12 7 41
7 12 34
12 9 15
9 12 21
12 10 12
10 12 23
12 11 17
11 12 14
12 13 36
13 12 27
12 14 25
14 12 21
12 21 39
21 12 33
12 22 34
22 12 27
12 23 27
23 12 29
12 24 23
24 12 30
12 29 27
29 12 31
12 31 35
31 12 37
12 32 19
32 12 16
12 33 33
33 12 27
12 35 65
35 12 44
12 42 28
42 12 24
12 43 44
43 12 41
12 44 9
44 12 17
12 47 7
47 12 6
12 49 14
49 12 17
12 50 31
50 12 25
12 51 8
51 12 8
15 16 37
16 15 30
15 17 14
17 15 11
15 18 15
18 15 25
15 19 15
19 15 23
15 20 60
20 15 47
15 25 25
25 15 36
15 26 39
26 15 53
15 27 41
27 15 33
15 28 40
28 15 51
15 30 33
30 15 25
15 34 19
34 15 30
15 36 37
36 15 59
15 37 8
37 15 7
15 38 21
38 15 21
15 39 29
39 15 23
15 40 17
40 15 33
15 41 33
41 15 26
15 45 8
45 15 7
15 46 30
46 15 23
15 48 42
48 15 40
15 3 71
3 15 51
15 4 25
4 15 19
15 6 18
6 15 34
15 7 28
7 15 51
15 9 34
9 15 23
15 10 23
10 15 16
15 11 26
11 15 26
15 13 29
13 15 32
15 14 26
14 15 35
15 21 25
21 15 37
15 22 49
22 15 41
15 23 44
23 15 46
15 24 62
24 15 46
15 29 48
29 15 39
15 31 36
31 15 53
15 32 27
32 15 30
15 33 13
33 15 12
15 35 63
35 15 54
15 42 18
42 15 16
15 43 62
43 15 57
15 44 6
44 15 6
15 47 15
47 15 19
15 49 19
49 15 17
15 50 23
50 15 29
15 51 30
51 15 25
16 17 38
17 16 31
16 18 33
18 16 36
16 19 61
19 16 48
16 20 16
20 16 18
16 25 44
25 16 45
16 26 47
26 16 37
16 27 31
27 16 23
16 28 32
28 16 28
16 30 15
30 16 15
16 34 14
34 16 12
16 36 42
36 16 30
16 37 29
37 16 28
16 38 10
38 16 9
16 39 18
39 16 27
16 40 48
40 16 58
16 41 66
41 16 48
16 45 46
45 16 34
16 46 29
46 16 20
16 48 26
48 16 30
16 3 28
3 16 23
16 4 33
4 16 35
16 6 26
6 16 32
16 7 37
7 16 41
16 9 5
9 16 8
16 10 27
10 16 20
16 11 11
11 16 10
16 13 51
13 16 50
16 14 22
14 16 40
16 21 6
21 16 10
16 22 21
22 16 19
16 23 24
23 16 39
16 24 25
24 16 45
16 29 13
29 16 9
16 31 24
31 16 32
16 32 20
32 16 15
16 33 24
33 16 32
16 35 20
35 16 24
16 42 61
42 16 44
16 43 52
43 16 52
16 44 48
44 16 34
16 47 14
47 16 28
16 49 16
49 16 14
16 50 3
50 16 6
16 51 30
51 16 22
17 18 16
18 17 14
17 19 23
19 17 17
17 20 56
20 17 46
17 25 14
25 17 25
17 26 62
26 17 45
17 27 23
27 17 25
17 28 30
28 17 47
17 30 46
30 17 31
17 34 31
34 17 35
17 36 82
36 17 58
17 37 5
37 17 5
17 38 26
38 17 22
17 39 36
39 17 33
17 40 41
40 17 28
17 41 20
41 17 18
17 45 12
45 17 18
17 46 23
46 17 17
17 48 39
48 17 32
17 3 29
3 17 48
17 4 4
4 17 8
17 6 30
6 17 25
17 7 26
7 17 41
17 9 15
9 17 27
17 10 31
10 17 24
17 11 31
11 17 23
17 13 28
13 17 22
17 14 24
14 17 24
17 21 41
21 17 40
17 22 27
22 17 37
17 23 28
23 17 36
17 24 32
24 17 35
17 29 24
29 17 40
17 31 29
31 17 47
17 32 29
32 17 25
17 33 21
33 17 23
17 35 35
35 17 53
17 42 12
42 17 14
17 43 45
43 17 47
17 44 7
44 17 9
17 47 8
47 17 9
17 49 12
49 17 22
17 50 17
50 17 32
17 51 15
51 17 17
18 19 16
19 18 20
18 20 54
20 18 47
18 25 11
25 18 11
18 26 47
26 18 36
18 27 15
27 18 20
18 28 47
28 18 43
18 30 49
30 18 41
18 34 31
34 18 44
18 36 49
36 18 58
18 37 11
37 18 19
18 38 24
38 18 28
18 39 24
39 18 46
18 40 38
40 18 30
18 41 15
41 18 17
18 45 47
45 18 32
18 46 20
46 18 16
18 48 13
48 18 23
18 3 53
3 18 47
18 4 5
4 18 8
18 6 17
6 18 15
18 7 43
7 18 30
18 9 31
9 18 35
18 10 35
10 18 36
18 11 15
11 18 26
18 13 13
13 18 14
18 14 14
14 18 10
18 21 63
21 18 46
18 22 31
22 18 35
18 23 12
23 18 24
18 24 28
24 18 21
18 29 27
29 18 44
18 31 34
31 18 41
18 32 37
32 18 25
18 33 36
33 18 37
18 35 46
35 18 54
18 42 34
42 18 23
18 43 37
43 18 33
18 44 12
44 18 22
18 47 7
47 18 8
18 49 28
49 18 31
18 50 40
50 18 39
18 51 17
51 18 15
19 20 43
20 19 63
19 25 35
25 19 26
19 26 32
26 19 57
19 27 49
27 19 39
19 28 40
28 19 62
19 30 45
30 19 47
19 34 60
34 19 52
19 36 63
36 19 75
19 37 28
37 19 21
19 38 53
38 19 39
19 39 63
39 19 46
19 40 12
40 19 11
19 41 4
41 19 5
19 45 33
45 19 26
19 46 39
46 19 32
19 48 36
48 19 44
19 3 65
3 19 64
19 4 20
4 19 15
19 6 38
6 19 35
19 7 37
7 19 50
19 9 47
9 19 44
19 10 25
10 19 39
19 11 28
11 19 40
19 13 8
13 19 14
19 14 20
14 19 29
19 21 55
21 19 57
19 22 69
22 19 53
19 23 63
23 19 44
19 24 24
24 19 39
19 29 45
29 19 57
19 31 60
31 19 61
19 32 45
32 19 41
19 33 28
33 19 33
19 35 38
35 19 70
19 42 11
42 19 9
19 43 36
43 19 51
19 44 23
44 19 17
19 47 17
47 19 22
19 49 27
49 19 38
19 50 37
50 19 49
19 51 34
51 19 31
20 25 71
25 20 54
20 26 16
26 20 32
20 27 32
27 20 29
20 28 24
28 20 17
20 30 46
30 20 31
20 34 23
34 20 25
20 36 10
36 20 13
20 37 28
37 20 44
20 38 18
38 20 26
20 39 50
39 20 43
20 40 39
40 20 74
20 41 84
41 20 62
20 45 62
45 20 51
20 46 29
46 20 31
20 48 42
48 20 32
20 3 7
3 20 8
20 4 50
4 20 49
20 6 26
6 20 38
20 7 30
7 20 40
20 9 25
9 20 25
20 10 55
10 20 37
20 11 20
11 20 23
20 13 54
13 20 61
20 14 52
14 20 48
20 21 18
21 20 17
20 22 18
22 20 15
20 23 34
23 20 41
20 24 68
24 20 49
20 29 12
29 20 10
20 31 22
31 20 23
20 32 32
32 20 22
20 33 30
33 20 49
20 35 5
35 20 7
20 42 58
42 20 60
20 43 52
43 20 52
20 44 48
44 20 51
20 47 60
47 20 41
20 49 34
49 20 31
20 50 19
50 20 21
20 51 24
51 20 32
25 26 46
26 25 36
25 27 13
27 25 25
25 28 66
28 25 46
25 30 32
30 25 52
25 34 45
34 25 54
25 36 75
36 25 64
25 37 24
37 25 30
25 38 28
38 25 38
25 39 77
39 25 57
25 40 44
40 25 32
25 41 12
41 25 21
25 45 54
45 25 43
25 46 28
46 25 25
25 48 34
48 25 25
25 3 59
3 25 51
25 4 14
4 25 18
25 6 22
6 25 16
25 7 20
7 25 27
25 9 53
9 25 45
25 10 59
10 25 47
25 11 29
11 25 35
25 13 17
13 25 13
25 14 8
14 25 6
25 21 79
21 25 55
25 22 36
22 25 40
25 23 17
23 25 21
25 24 17
24 25 14
25 29 44
29 25 52
25 31 47
31 25 43
25 32 46
32 25 32
25 33 44
33 25 48
25 35 81
35 25 60
25 42 32
42 25 31
25 43 20
43 25 26
25 44 22
44 25 33
25 47 13
47 25 19
25 49 48
49 25 42
25 50 35
50 25 49
25 51 31
51 25 23
26 27 29
27 26 20
26 28 14
28 26 16
26 30 42
30 26 51
26 34 31
34 26 49
26 36 48
36 26 36
26 37 42
37 26 46
26 38 26
38 26 38
26 39 61
39 26 62
26 40 39
40 26 66
26 41 51
41 26 54
26 45 51
45 26 59
26 46 39
46 26 29
26 48 18
48 26 13
26 3 28
3 26 25
26 4 55
4 26 43
26 6 17
6 26 22
26 7 8
7 26 11
26 9 50
9 26 43
26 10 78
10 26 53
26 11 32
11 26 31
26 13 58
13 26 48
26 14 25
14 26 30
26 21 58
21 26 44
26 22 16
22 26 19
26 23 11
23 26 16
26 24 24
24 26 25
26 29 26
29 26 37
26 31 9
31 26 10
26 32 26
32 26 25
26 33 68
33 26 61
26 35 43
35 26 35
26 42 66
42 26 58
26 43 28
43 26 22
26 44 64
44 26 53
26 47 23
47 26 36
26 49 50
49 26 45
26 50 28
50 26 42
26 51 19
51 26 28
27 28 20
28 27 23
27 30 18
30 27 35
27 34 26
34 27 34
27 36 23
36 27 39
27 37 20
37 27 26
27 38 23
38 27 20
27 39 24
39 27 44
27 40 60
40 27 49
27 41 25
41 27 37
27 45 58
45 27 39
27 46 7
46 27 9
27 48 13
48 27 9
27 3 26
3 27 27
27 4 21
4 27 24
27 6 13
6 27 9
27 7 22
7 27 20
27 9 35
9 27 27
27 10 23
10 27 34
27 11 12
11 27 14
27 13 19
13 27 34
27 14 22
14 27 19
27 21 44
21 27 33
27 22 12
22 27 15
27 23 23
23 27 17
27 24 13
24 27 22
27 29 33
29 27 28
27 31 31
31 27 22
27 32 9
32 27 8
27 33 41
33 27 41
27 35 43
35 27 35
27 42 48
42 27 39
27 43 17
43 27 30
27 44 18
44 27 33
27 47 12
47 27 17
27 49 39
49 27 27
27 50 16
50 27 28
27 51 10
51 27 8
28 30 33
30 28 43
28 34 48
34 28 38
28 36 24
36 28 20
28 37 67
37 28 46
28 38 28
38 28 32
28 39 33
39 28 54
28 40 94
40 28 72
28 41 67
41 28 60
28 45 41
45 28 57
28 46 39
46 28 30
28 48 30
48 28 22
28 3 11
3 28 9
28 4 40
4 28 47
28 6 33
6 28 30
28 7 25
7 28 26
28 9 31
9 28 35
28 10 52
10 28 47
28 11 20
11 28 26
28 13 46
13 28 57
28 14 59
14 28 40
28 21 40
21 28 31
28 22 11
22 28 10
28 23 43
23 28 29
28 24 32
24 28 38
28 29 16
29 28 24
28 31 6
31 28 6
28 32 12
32 28 22
28 33 62
33 28 57
28 35 17
35 28 19
28 42 66
42 28 61
28 43 35
43 28 38
28 44 78
44 28 53
28 47 27
47 28 39
28 49 49
49 28 39
28 50 18
50 28 33
28 51 42
51 28 30
30 34 6
34 30 7
30 36 32
36 30 42
30 37 37
37 30 26
30 38 14
38 30 15
30 39 10
39 30 12
30 40 43
40 30 57
30 41 40
41 30 49
30 45 16
45 30 25
30 46 26
46 30 29
30 48 27
48 30 43
30 3 28
3 30 37
30 4 52
4 30 38
30 6 52
6 30 42
30 7 45
7 30 54
30 9 6
9 30 8
30 10 10
10 30 9
30 11 25
11 30 21
30 13 38
13 30 53
30 14 25
14 30 48
30 21 18
21 30 16
30 22 45
22 30 34
30 23 71
23 30 52
30 24 53
24 30 56
30 29 14
29 30 21
30 31 53
31 30 47
30 32 28
32 30 28
30 33 22
33 30 21
30 35 49
35 30 36
30 42 59
42 30 41
30 43 42
43 30 64
30 44 27
44 30 30
30 47 23
47 30 33
30 49 5
49 30 10
30 50 6
50 30 10
30 51 37
51 30 31
34 36 25
36 34 36
34 37 30
37 34 31
34 38 16
38 34 16
34 39 11
39 34 18
34 40 41
40 34 62
34 41 54
41 34 53
34 45 42
45 34 32
34 46 32
46 34 30
34 48 33
48 34 42
34 3 26
3 34 32
34 4 49
4 34 41
34 6 38
6 34 42
34 7 65
7 34 53
34 9 7
9 34 9
34 10 10
10 34 16
34 11 11
11 34 21
34 13 78
13 34 57
34 14 53
14 34 50
34 21 9
21 34 9
34 22 24
22 34 31
34 23 48
23 34 51
34 24 49
24 34 56
34 29 10
29 34 15
34 31 48
31 34 43
34 32 31
32 34 26
34 33 34
33 34 27
34 35 22
35 34 30
34 42 36
42 34 46
34 43 32
43 34 64
34 44 41
44 34 36
34 47 37
47 34 36
34 49 14
49 34 14
34 50 3
50 34 6
34 51 35
51 34 32
36 37 30
37 36 56
36 38 42
38 36 38
36 39 63
39 36 54
36 40 112
40 36 86
36 41 57
41 36 74
36 45 35
45 36 64
36 46 51
46 36 43
36 48 39
48 36 40
36 3 17
3 36 12
36 4 81
4 36 61
36 6 29
6 36 47
36 7 65
7 36 46
36 9 35
9 36 38
36 10 66
10 36 49
36 11 23
11 36 35
36 13 99
13 36 72
36 14 73
14 36 58
36 21 19
21 36 27
36 22 23
22 36 24
36 23 49
23 36 49
36 24 83
24 36 58
36 29 21
29 36 22
36 31 17
31 36 26
36 32 29
32 36 34
36 33 75
33 36 61
36 35 6
35 36 6
36 42 72
42 36 72
36 43 85
43 36 58
36 44 90
44 36 63
36 47 38
47 36 53
36 49 36
49 36 44
36 50 23
50 36 33
36 51 60
51 36 44
37 38 20
38 37 18
37 39 38
39 37 28
37 40 24
40 37 31
37 41 20
41 37 23
37 45 7
45 37 14
37 46 16
46 37 17
37 48 23
48 37 34
37 3 27
3 37 46
37 4 17
4 37 13
37 6 35
6 37 27
37 7 24
7 37 44
37 9 24
9 37 23
37 10 11
10 37 19
37 11 28
11 37 21
37 13 39
13 37 27
37 14 35
14 37 28
37 21 24
21 37 36
37 22 47
22 37 36
37 23 19
23 37 38
37 24 41
24 37 38
37 29 19
29 37 37
37 31 59
31 37 47
37 32 20
32 37 25
37 33 24
33 37 18
37 35 52
35 37 51
37 42 17
42 37 16
37 43 59
43 37 50
37 44 10
44 37 7
37 47 10
47 37 12
37 49 18
49 37 17
37 50 18
50 37 28
37 51 22
51 37 18
38 39 30
39 38 24
38 40 41
40 38 49
38 41 58
41 38 39
38 45 26
45 38 26
38 46 20
46 38 14
38 48 36
48 38 28
38 3 34
3 38 30
38 4 33
4 38 27
38 6 33
6 38 27
38 7 49
7 38 40
38 9 8
9 38 7
38 10 19
10 38 15
38 11 6
11 38 7
38 13 57
13 38 41
38 14 46
14 38 34
38 21 21
21 38 18
38 22 18
22 38 22
38 23 47
23 38 36
38 24 53
24 38 41
38 29 21
29 38 18
38 31 44
31 38 35
38 32 8
32 38 13
38 33 13
33 38 25
38 35 17
35 38 33
38 42 26
42 38 35
38 43 42
43 38 49
38 44 20
44 38 25
38 47 26
47 38 20
38 49 6
49 38 8
38 50 15
50 38 11
38 51 23
51 38 16
39 40 78
40 39 55
39 41 25
41 39 49
39 45 30
45 39 21
39 46 34
46 39 36
39 48 46
48 39 52
39 3 30
3 39 49
39 4 53
4 39 41
39 6 30
6 39 50
39 7 78
7 39 64
39 9 22
9 39 19
39 10 13
10 39 10
39 11 27
11 39 31
39 13 70
13 39 55
39 14 76
14 39 54
39 21 18
21 39 27
39 22 39
22 39 45
39 23 71
23 39 60
39 24 40
24 39 63
39 29 20
29 39 33
39 31 37
31 39 58
39 32 19
32 39 37
39 33 13
33 39 14
39 35 34
35 39 48
39 42 28
42 39 38
39 43 87
43 39 73
39 44 35
44 39 29
39 47 33
47 39 38
39 49 16
49 39 17
39 50 24
50 39 22
39 51 50
51 39 38
40 41 10
41 40 12
40 45 26
45 40 34
40 46 45
46 40 43
40 48 40
48 40 53
40 3 94
3 40 75
40 4 37
4 40 25
40 6 53
6 40 44
40 7 67
7 40 58
40 9 72
9 40 54
40 10 60
10 40 48
40 11 62
11 40 51
40 13 18
13 40 19
40 14 53
14 40 37
40 21 70
21 40 67
40 22 76
22 40 63
40 23 64
23 40 52
40 24 25
24 40 46
40 29 98
29 40 67
40 31 85
31 40 71
40 32 42
32 40 52
40 33 45
33 40 41
40 35 99
35 40 81
40 42 21
42 40 16
40 43 50
43 40 58
40 44 24
44 40 26
40 47 44
47 40 33
40 49 24
49 40 48
40 50 38
50 40 60
40 51 41
51 40 42
41 45 34
45 41 30
41 46 25
46 41 31
41 48 59
48 41 41
41 3 33
3 41 63
41 4 18
4 41 13
41 6 46
6 41 32
41 7 66
7 41 46
41 9 40
9 41 45
41 10 42
10 41 41
41 11 20
11 41 40
41 13 8
13 41 9
41 14 15
14 41 25
41 21 37
21 41 57
41 22 72
22 41 51
41 23 51
23 41 40
41 24 25
24 41 35
41 29 45
29 41 57
41 31 32
31 41 59
41 32 42
32 41 40
41 33 50
33 41 37
41 35 76
35 41 69
41 42 12
42 41 13
41 43 51
43 41 47
41 44 17
44 41 20
41 47 29
47 41 21
41 49 41
49 41 40
41 50 72
50 41 50
41 51 28
51 41 30
45 46 39
46 45 30
45 48 60
48 45 47
45 3 72
3 45 56
45 4 35
4 45 25
45 6 28
6 45 41
45 7 50
7 45 57
45 9 25
9 45 26
45 10 11
10 45 16
45 11 28
11 45 31
45 13 40
13 45 37
45 14 61
14 45 42
45 21 39
21 45 39
45 22 68
22 45 47
45 23 65
23 45 52
45 24 38
24 45 52
45 29 26
29 45 42
45 31 80
31 45 59
45 32 30
32 45 36
45 33 7
33 45 7
45 35 40
35 45 58
45 42 14
42 45 18
45 43 66
43 45 64
45 44 10
44 45 10
45 47 30
47 45 26
45 49 15
49 45 20
45 50 40
50 45 32
45 51 25
51 45 31
46 48 11
48 46 17
46 3 44
3 46 32
46 4 13
4 46 18
46 6 19
6 46 14
46 7 20
7 46 28
46 9 19
9 46 21
46 10 26
10 46 26
46 11 5
11 46 10
46 13 20
13 46 30
46 14 11
14 46 20
46 21 16
21 46 30
46 22 18
22 46 21
46 23 13
23 46 24
46 24 21
24 46 27
46 29 17
29 46 28
46 31 38
31 46 30
46 32 8
32 46 9
46 33 16
33 46 32
46 35 45
35 46 38
46 42 18
42 46 31
46 43 20
43 46 37
46 44 35
44 46 24
46 47 14
47 46 10
46 49 12
49 46 19
46 50 31
50 46 24
46 51 2
51 46 2
48 3 27
3 48 28
48 4 42
4 48 29
48 6 8
6 48 9
48 7 10
7 48 11
48 9 21
9 48 35
48 10 47
10 48 43
48 11 15
11 48 22
48 13 49
13 48 36
48 14 15
14 48 18
48 21 31
21 48 39
48 22 20
22 48 17
48 23 6
23 48 9
48 24 25
24 48 17
48 29 22
29 48 34
48 31 20
31 48 18
48 32 20
32 48 16
48 33 43
33 48 49
48 35 56
35 48 38
48 42 46
42 48 45
48 43 30
43 48 22
48 44 39
44 48 40
48 47 26
47 48 23
48 49 20
49 48 35
48 50 35
50 48 36
48 51 15
51 48 16
3 4 68
4 3 50
3 6 25
6 3 35
3 7 29
7 3 35
3 9 43
9 3 31
3 10 25
10 3 43
3 11 34
11 3 25
3 13 36
13 3 61
3 14 30
14 3 45
3 21 18
21 3 24
3 22 10
22 3 12
3 23 31
23 3 37
3 24 28
24 3 46
3 29 18
29 3 17
3 31 19
31 3 15
3 32 31
32 3 23
3 33 34
33 3 54
3 35 6
35 3 10
3 42 64
42 3 62
3 43 55
43 3 47
3 44 34
44 3 53
3 47 46
47 3 42
3 49 42
49 3 36
3 50 25
50 3 27
3 51 44
51 3 33
4 6 23
6 4 21
4 7 36
7 4 37
4 9 30
9 4 32
4 10 19
10 4 31
4 11 23
11 4 27
4 13 12
13 4 15
4 14 25
14 4 18
4 21 63
21 4 45
4 22 45
22 4 38
4 23 21
23 4 31
4 24 21
24 4 29
4 29 24
29 4 44
4 31 42
31 4 46
4 32 27
32 4 27
4 33 31
33 4 31
4 35 38
35 4 56
4 42 15
42 4 16
4 43 45
43 4 41
4 44 12
44 4 15
4 47 5
47 4 8
4 49 14
49 4 28
4 50 26
50 4 37
4 51 11
51 4 17
6 7 8
7 6 16
6 9 41
9 6 34
6 10 42
10 6 40
6 11 20
11 6 22
6 13 20
13 6 27
6 14 14
14 6 10
6 21 24
21 6 41
6 22 33
22 6 23
6 23 16
23 6 11
6 24 10
24 6 14
6 29 26
29 6 37
6 31 23
31 6 27
6 32 21
32 6 17
6 33 41
33 6 45
6 35 46
35 6 44
6 42 20
42 6 37
6 43 13
43 6 23
6 44 24
44 6 33
6 47 20
47 6 16
6 49 35
49 6 33
6 50 36
50 6 36
6 51 11
51 6 11
7 9 68
9 7 46
7 10 35
10 7 54
7 11 27
11 7 33
7 13 43
13 7 40
7 14 20
14 7 22
7 21 51
21 7 50
7 22 18
22 7 26
7 23 5
23 7 6
7 24 20
24 7 14
7 29 57
29 7 44
7 31 16
31 7 21
7 32 22
32 7 27
7 33 78
33 7 60
7 35 32
35 7 45
7 42 46
42 7 53
7 43 9
43 7 12
7 44 68
44 7 50
7 47 30
47 7 32
7 49 55
49 7 46
7 50 42
50 7 47
7 51 18
51 7 26
9 10 11
10 9 12
9 11 8
11 9 13
9 13 34
13 9 48
9 14 37
14 9 41
9 21 7
21 9 13
9 22 13
22 9 26
9 23 24
23 9 43
9 24 47
24 9 48
9 29 11
29 9 16
9 31 39
31 9 39
9 32 16
32 9 19
9 33 33
33 9 24
9 35 25
35 9 32
9 42 27
42 9 39
9 43 43
43 9 56
9 44 24
44 9 28
9 47 14
47 9 27
9 49 3
49 9 6
9 50 3
50 9 6
9 51 18
51 9 23
10 11 31
11 10 22
10 13 61
13 10 46
10 14 25
14 10 44
10 21 23
21 10 24
10 22 30
22 10 37
10 23 70
23 10 50
10 24 37
24 10 53
10 29 14
29 10 28
10 31 25
31 10 50
10 32 14
32 10 28
10 33 13
33 10 12
10 35 34
35 10 43
10 42 33
42 10 32
10 43 94
43 10 63
10 44 32
44 10 22
10 47 35
47 10 28
10 49 6
49 10 8
10 50 16
50 10 17
10 51 40
51 10 28
11 13 31
13 11 40
11 14 23
14 11 30
11 21 28
21 11 20
11 22 8
22 11 16
11 23 30
23 11 31
11 24 49
24 11 36
11 29 15
29 11 17
11 31 40
31 11 28
11 32 6
32 11 6
11 33 39
33 11 31
11 35 39
35 11 30
11 42 45
42 11 37
11 43 60
43 11 44
11 44 15
44 11 28
11 47 12
47 11 19
11 49 19
49 11 14
11 50 17
50 11 15
11 51 15
51 11 12
13 14 12
14 13 18
13 21 52
21 13 59
13 22 50
22 13 49
13 23 37
23 13 34
13 24 30
24 13 27
13 29 38
29 13 58
13 31 57
31 13 54
13 32 43
32 13 39
13 33 63
33 13 44
13 35 70
35 13 68
13 42 23
42 13 22
13 43 20
43 13 39
13 44 24
44 13 27
13 47 30
47 13 21
13 49 26
49 13 43
13 50 51
50 13 52
13 51 37
51 13 29
14 21 38
21 14 50
14 22 41
22 14 34
14 23 16
23 14 16
14 24 16
24 14 11
14 29 37
29 14 46
14 31 33
31 14 37
14 32 29
32 14 26
14 33 69
33 14 47
14 35 41
35 14 54
14 42 38
42 14 33
14 43 20
43 14 23
14 44 38
44 14 32
14 47 20
47 14 16
14 49 49
49 14 39
14 50 35
50 14 44
14 51 25
51 14 18
21 22 30
22 21 25
21 23 42
23 21 48
21 24 62
24 21 55
21 29 5
29 21 7
21 31 34
31 21 37
21 32 23
32 21 24
21 33 50
33 21 36
21 35 26
35 21 21
21 42 40
42 21 52
21 43 70
43 21 61
21 44 52
44 21 42
21 47 22
47 21 38
21 49 20
49 21 20
21 50 11
50 21 8
21 51 43
51 21 32
22 23 31
23 22 26
22 24 24
24 22 34
22 29 13
29 22 18
22 31 13
31 22 13
22 32 13
32 22 12
22 33 42
33 22 47
22 35 16
35 22 21
22 42 67
42 22 51
22 43 55
43 22 38
22 44 40
44 22 43
22 47 31
47 22 30
22 49 36
49 22 30
22 50 17
50 22 24
22 51 28
51 22 21
23 24 13
24 23 9
23 29 31
29 23 43
23 31 31
31 23 24
23 32 21
32 23 25
23 33 35
33 23 56
23 35 38
35 23 46
23 42 34
42 23 47
23 43 18
43 23 13
23 44 48
44 23 44
23 47 31
47 23 27
23 49 57
49 23 43
23 50 48
50 23 45
23 51 28
51 23 22
24 29 73
29 24 50
24 31 17
31 24 34
24 32 26
32 24 30
24 33 45
33 24 57
24 35 79
35 24 55
24 42 24
42 24 44
24 43 8
43 24 12
24 44 41
44 24 43
24 47 22
47 24 26
24 49 39
49 24 46
24 50 33
50 24 50
24 51 18
51 24 25
29 31 21
31 29 30
29 32 24
32 29 20
29 33 53
33 29 40
29 35 17
35 29 16
29 42 55
42 29 53
29 43 80
43 29 55
29 44 57
44 29 43
29 47 23
47 29 37
29 49 12
49 29 22
29 50 16
50 29 11
29 51 37
51 29 29
31 32 29
32 31 23
31 33 39
33 31 60
31 35 27
35 31 26
31 42 91
42 31 61
31 43 43
43 31 32
31 44 30
44 31 54
31 47 27
47 31 39
31 49 40
49 31 42
31 50 31
50 31 37
31 51 39
51 31 30
32 33 40
33 32 37
32 35 21
35 32 29
32 42 52
42 32 40
32 43 35
43 32 38
32 44 26
44 32 32
32 47 26
47 32 19
32 49 20
49 32 21
32 50 14
50 32 20
32 51 9
51 32 10
33 35 39
35 33 55
33 42 27
42 33 25
33 43 99
43 33 68
33 44 15
44 33 17
33 47 23
47 33 30
33 49 20
49 33 18
33 50 19
50 33 29
33 51 27
51 33 34
35 42 40
42 35 67
35 43 56
43 35 57
35 44 76
44 35 58
35 47 59
47 35 48
35 49 36
49 35 38
35 50 39
50 35 27
35 51 31
51 35 39
42 43 79
43 42 56
42 44 13
44 42 10
42 47 22
47 42 22
42 49 40
49 42 32
42 50 22
50 42 44
42 51 25
51 42 31
43 44 74
44 43 55
43 47 37
47 43 38
43 49 33
49 43 56
43 50 85
50 43 58
43 51 41
51 43 35
44 47 22
47 44 18
44 49 24
49 44 22
44 50 25
50 44 34
44 51 13
51 44 25
47 49 16
49 47 23
47 50 25
50 47 31
47 51 12
51 47 9
49 50 10
50 49 12
49 51 15
51 49 22
50 51 22
51 50 26
