1 18 19 13 2550

216 223

1 5 5 37 52

2 10 49 49
5 13 40 30
8 10 31 62
14 11 12 42
15 14 36 16
17 9 27 23
19 14 13 13
23 13 16 57
24 10 8 52
27 13 30 48
28 12 43 67
29 12 58 48
31 11 37 69
33 14 46 10
34 12 61 33
35 10 62 63
36 14 63 69
37 13 32 22
3 12 52 64
4 14 20 26
6 13 21 47
7 12 17 63
9 10 52 33
10 13 51 21
11 12 42 41
12 13 31 32
13 11 5 25
16 12 52 41
18 11 17 33
20 9 57 58
21 14 62 42
22 11 42 57
25 13 7 38
26 12 27 68
30 12 58 27
32 14 38 46
38 13 45 35

39 59 15
40 5 6
41 10 17
42 21 10
43 5 64
44 30 15
45 39 10
46 32 39
47 25 32
48 25 55
49 48 28
50 56 37
51 30 40

1 2 11
2 1 12
1 5 31
5 1 22
1 8 11
8 1 12
1 14 17
14 1 27
1 15 52
15 1 36
1 17 17
17 1 31
1 19 28
19 1 46
1 23 28
23 1 22
1 24 23
24 1 29
1 27 7
27 1 8
1 28 15
28 1 16
1 29 28
29 1 21
1 31 12
31 1 17
1 33 28
33 1 43
1 34 18
34 1 31
1 35 34
35 1 27
1 36 31
36 1 31
1 37 24
37 1 30
1 3 27
3 1 19
1 4 32
4 1 31
1 6 16
6 1 17
1 7 31
7 1 23
1 9 21
9 1 24
1 10 28
10 1 34
1 11 11
11 1 12
1 12 22
12 1 21
1 13 49
13 1 42
1 16 21
16 1 19
1 18 29
18 1 28
1 20 30
20 1 21
1 21 18
21 1 27
1 22 4
22 1 7
1 25 41
25 1 33
1 26 25
26 1 19
1 30 16
30 1 32
1 32 5
32 1 6
1 38 16
38 1 19
1 39 54
39 1 43
1 40 82
40 1 56
1 41 39
41 1 44
1 42 32
42 1 45
1 43 29
43 1 34
1 44 53
44 1 37
1 45 31
45 1 42
1 46 8
46 1 14
1 47 28
47 1 23
1 48 8
48 1 12
1 49 38
49 1 26
1 50 26
50 1 24
1 51 18
51 1 14
2 5 14
5 2 21
2 8 30
8 2 22
2 14 37
14 2 38
2 15 30
15 2 35
2 17 36
17 2 34
2 19 49
19 2 51
2 23 47
23 2 34
2 24 59
24 2 41
2 27 16
27 2 19
2 28 15
28 2 19
2 29 6
29 2 9
2 31 19
31 2 23
2 33 28
33 2 39
2 34 25
34 2 20
2 35 13
35 2 19
2 36 26
36 2 24
2 37 29
37 2 32
2 3 9
3 2 15
2 4 46
4 2 37
2 6 17
6 2 28
2 7 40
7 2 35
2 9 17
9 2 16
2 10 35
10 2 28
2 11 7
11 2 11
2 12 34
12 2 25
2 13 47
13 2 50
2 16 7
16 2 9
2 18 51
18 2 36
2 20 6
20 2 12
2 21 20
21 2 15
2 22 14
22 2 11
2 25 40
25 2 43
2 26 16
26 2 29
2 30 31
30 2 24
2 32 11
32 2 11
2 38 9
38 2 15
2 39 47
39 2 35
2 40 39
40 2 62
2 41 73
41 2 50
2 42 60
42 2 48
2 43 24
43 2 46
2 44 34
44 2 39
2 45 38
45 2 40
2 46 10
46 2 20
2 47 17
47 2 29
2 48 16
48 2 25
2 49 26
49 2 21
2 50 20
50 2 14
2 51 20
51 2 21
5 8 27
8 5 33
5 14 44
14 5 30
5 15 13
15 5 15
5 17 13
17 5 15
5 19 23
19 5 32
5 23 28
23 5 36
5 24 43
24 5 39
5 27 17
27 5 21
5 28 23
28 5 37
5 29 33
29 5 25
5 31 32
31 5 39
5 33 21
33 5 21
5 34 30
34 5 21
5 35 28
35 5 40
5 36 26
36 5 45
5 37 16
37 5 11
5 3 20
3 5 36
5 4 19
4 5 20
5 6 22
6 5 25
5 7 52
7 5 40
5 9 16
9 5 12
5 10 11
10 5 14
5 11 13
11 5 11
5 12 7
12 5 9
5 13 23
13 5 35
5 16 12
16 5 16
5 18 22
18 5 23
5 20 34
20 5 33
5 21 16
21 5 25
5 22 24
22 5 27
5 25 22
25 5 34
5 26 49
26 5 40
5 30 21
30 5 18
5 32 17
32 5 16
5 38 8
38 5 7
5 39 25
39 5 24
5 40 50
40 5 42
5 41 24
41 5 33
5 42 40
42 5 27
5 43 32
43 5 48
5 44 24
44 5 18
5 45 11
45 5 20
5 46 15
46 5 12
5 47 8
47 5 15
5 48 29
48 5 29
5 49 10
49 5 8
5 50 16
50 5 17
5 51 8
51 5 14
8 14 18
14 8 28
8 15 52
15 8 46
8 17 40
17 8 39
8 19 34
19 8 52
8 23 8
23 8 16
8 24 13
24 8 25
8 27 11
27 8 14
8 28 12
28 8 13
8 29 40
29 8 30
8 31 6
31 8 9
8 33 74
33 8 54
8 34 46
34 8 42
8 35 25
35 8 31
8 36 27
36 8 33
8 37 46
37 8 40
8 3 15
3 8 21
8 4 48
4 8 38
8 6 17
6 8 18
8 7 9
7 8 14
8 9 53
9 8 36
8 10 59
10 8 46
8 11 32
11 8 24
8 12 41
12 8 30
8 13 61
13 8 45
8 16 30
16 8 30
8 18 32
18 8 32
8 20 25
20 8 26
8 21 40
21 8 37
8 22 7
22 8 12
8 25 33
25 8 34
8 26 9
26 8 7
8 30 30
30 8 44
8 32 15
32 8 17
8 38 30
38 8 30
8 39 76
39 8 54
8 40 47
40 8 62
8 41 53
41 8 49
8 42 55
42 8 53
8 43 37
43 8 26
8 44 69
44 8 47
8 45 69
45 8 53
8 46 24
46 8 23
8 47 45
47 8 31
8 48 9
48 8 9
8 49 41
49 8 38
8 50 35
50 8 35
8 51 22
51 8 22
14 15 22
15 14 35
14 17 18
17 14 24
14 19 27
19 14 29
14 23 17
23 14 16
14 24 13
24 14 11
14 27 23
27 14 19
14 28 33
28 14 40
14 29 38
29 14 46
14 31 43
31 14 37
14 33 24
33 14 47
14 34 38
34 14 50
14 35 77
35 14 54
14 36 48
36 14 58
14 37 17
37 14 28
14 3 66
3 14 45
14 4 20
4 14 18
14 6 8
6 14 10
14 7 26
7 14 22
14 9 32
9 14 41
14 10 22
10 14 44
14 11 17
11 14 30
14 12 13
12 14 21
14 13 26
13 14 18
14 16 33
16 14 40
14 18 5
18 14 10
14 20 67
20 14 48
14 21 36
21 14 50
14 22 43
22 14 34
14 25 4
25 14 6
14 26 35
26 14 30
14 30 31
30 14 48
14 32 30
32 14 26
14 38 39
38 14 34
14 39 59
39 14 54
14 40 37
40 14 37
14 41 16
41 14 25
14 42 42
42 14 33
14 43 18
43 14 23
14 44 47
44 14 32
14 45 49
45 14 42
14 46 10
46 14 20
14 47 10
47 14 16
14 48 13
48 14 18
14 49 41
49 14 39
14 50 53
50 14 44
14 51 9
51 14 18
15 17 12
17 15 11
15 19 22
19 15 23
15 23 68
23 15 46
15 24 26
24 15 46
15 27 36
27 15 33
15 28 51
28 15 51
15 29 58
29 15 39
15 31 44
31 15 53
15 33 11
33 15 12
15 34 40
34 15 30
15 35 49
35 15 54
15 36 37
36 15 59
15 37 8
37 15 7
15 3 69
3 15 51
15 4 18
4 15 19
15 6 22
6 15 34
15 7 32
7 15 51
15 9 24
9 15 23
15 10 20
10 15 16
15 11 33
11 15 26
15 12 20
12 15 17
15 13 30
13 15 32
15 16 40
16 15 30
15 18 15
18 15 25
15 20 44
20 15 47
15 21 28
21 15 37
15 22 26
22 15 41
15 25 51
25 15 36
15 26 46
26 15 53
15 30 14
30 15 25
15 32 15
32 15 30
15 38 26
38 15 21
15 39 28
39 15 23
15 40 42
40 15 33
15 41 30
41 15 26
15 42 16
42 15 16
15 43 42
43 15 57
15 44 3
44 15 6
15 45 6
45 15 7
15 46 28
46 15 23
15 47 11
47 15 19
15 48 49
48 15 40
15 49 19
49 15 17
15 50 23
50 15 29
15 51 30
51 15 25
17 19 17
19 17 17
17 23 33
23 17 36
17 24 27
24 17 35
17 27 22
27 17 25
17 28 42
28 17 47
17 29 33
29 17 40
17 31 36
31 17 47
17 33 19
33 17 23
17 34 20
34 17 35
17 35 34
35 17 53
17 36 84
36 17 58
17 37 4
37 17 5
17 3 59
3 17 48
17 4 7
4 17 8
17 6 36
6 17 25
17 7 36
7 17 41
17 9 21
9 17 27
17 10 15
10 17 24
17 11 13
11 17 23
17 12 11
12 17 10
17 13 14
13 17 22
17 16 27
16 17 31
17 18 12
18 17 14
17 20 26
20 17 46
17 21 57
21 17 40
17 22 25
22 17 37
17 25 14
25 17 25
17 26 55
26 17 45
17 30 25
30 17 31
17 32 26
32 17 25
17 38 22
38 17 22
17 39 25
39 17 33
17 40 17
40 17 28
17 41 21
41 17 18
17 42 9
42 17 14
17 43 26
43 17 47
17 44 10
44 17 9
17 45 20
45 17 18
17 46 9
46 17 17
17 47 5
47 17 9
17 48 32
48 17 32
17 49 24
49 17 22
17 50 24
50 17 32
17 51 15
51 17 17
19 23 27
23 19 44
19 24 36
24 19 39
19 27 29
27 19 39
19 28 82
28 19 62
19 29 71
29 19 57
19 31 61
31 19 61
19 33 22
33 19 33
19 34 70
34 19 52
19 35 48
35 19 70
19 36 38
36 19 75
19 37 29
37 19 21
19 3 45
3 19 64
19 4 9
4 19 15
19 6 45
6 19 35
19 7 54
7 19 50
19 9 27
9 19 44
19 10 29
10 19 39
19 11 35
11 19 40
19 12 36
12 19 26
19 13 15
13 19 14
19 16 40
16 19 48
19 18 20
18 19 20
19 20 87
20 19 63
19 21 72
21 19 57
19 22 49
22 19 53
19 25 34
25 19 26
19 26 29
26 19 57
19 30 48
30 19 47
19 32 28
32 19 41
19 38 21
38 19 39
19 39 50
39 19 46
19 40 15
40 19 11
19 41 7
41 19 5
19 42 9
42 19 9
19 43 71
43 19 51
19 44 11
44 19 17
19 45 22
45 19 26
19 46 31
46 19 32
19 47 11
47 19 22
19 48 54
48 19 44
19 49 26
49 19 38
19 50 55
50 19 49
19 51 16
51 19 31
23 24 10
24 23 9
23 27 10
27 23 17
23 28 37
28 23 29
23 29 60
29 23 43
23 31 21
31 23 24
23 33 33
33 23 56
23 34 39
34 23 51
23 35 56
35 23 46
23 36 38
36 23 49
23 37 39
37 23 38
23 3 25
3 23 37
23 4 33
4 23 31
23 6 8
6 23 11
23 7 5
7 23 6
23 9 62
9 23 43
23 10 53
10 23 50
23 11 36
11 23 31
23 12 29
12 23 29
23 13 20
13 23 34
23 16 38
16 23 39
23 18 16
18 23 24
23 20 55
20 23 41
23 21 29
21 23 48
23 22 15
22 23 26
23 25 24
25 23 21
23 26 21
26 23 16
23 30 32
30 23 52
23 32 36
32 23 25
23 38 18
38 23 36
23 39 65
39 23 60
23 40 27
40 23 52
23 41 33
41 23 40
23 42 62
42 23 47
23 43 14
43 23 13
23 44 27
44 23 44
23 45 30
45 23 52
23 46 26
46 23 24
23 47 18
47 23 27
23 48 11
48 23 9
23 49 39
49 23 43
23 50 67
50 23 45
23 51 23
51 23 22
24 27 12
27 24 22
24 28 49
28 24 38
24 29 73
29 24 50
24 31 43
31 24 34
24 33 39
33 24 57
24 34 64
34 24 56
24 35 29
35 24 55
24 36 32
36 24 58
24 37 54
37 24 38
24 3 39
3 24 46
24 4 31
4 24 29
24 6 17
6 24 14
24 7 17
7 24 14
24 9 58
9 24 48
24 10 54
10 24 53
24 11 32
11 24 36
24 12 30
12 24 30
24 13 35
13 24 27
24 16 48
16 24 45
24 18 24
18 24 21
24 20 40
20 24 49
24 21 49
21 24 55
24 22 17
22 24 34
24 25 8
25 24 14
24 26 16
26 24 25
24 30 67
30 24 56
24 32 43
32 24 30
24 38 38
38 24 41
24 39 51
39 24 63
24 40 59
40 24 46
24 41 21
41 24 35
24 42 48
42 24 44
24 43 11
43 24 12
24 44 57
44 24 43
24 45 29
45 24 52
24 46 39
46 24 27
24 47 32
47 24 26
24 48 16
48 24 17
24 49 61
49 24 46
24 50 27
50 24 50
24 51 19
51 24 25
27 28 26
28 27 23
27 29 38
29 27 28
27 31 24
31 27 22
27 33 31
33 27 41
27 34 35
34 27 34
27 35 48
35 27 35
27 36 49
36 27 39
27 37 21
37 27 26
27 3 16
3 27 27
27 4 33
4 27 24
27 6 12
6 27 9
27 7 29
7 27 20
27 9 17
9 27 27
27 10 32
10 27 34
27 11 9
11 27 14
27 12 11
12 27 16
27 13 38
13 27 34
27 16 26
16 27 23
27 18 20
18 27 20
27 20 38
20 27 29
27 21 49
21 27 33
27 22 13
22 27 15
27 25 22
25 27 25
27 26 10
26 27 20
27 30 34
30 27 35
27 32 7
32 27 8
27 38 20
38 27 20
27 39 39
39 27 44
27 40 41
40 27 49
27 41 42
41 27 37
27 42 42
42 27 39
27 43 26
43 27 30
27 44 24
44 27 33
27 45 48
45 27 39
27 46 6
46 27 9
27 47 14
47 27 17
27 48 10
48 27 9
27 49 34
49 27 27
27 50 15
50 27 28
27 51 4
51 27 8
28 29 16
29 28 24
28 31 3
31 28 6
28 33 32
33 28 57
28 34 31
34 28 38
28 35 18
35 28 19
28 36 17
36 28 20
28 37 68
37 28 46
28 3 5
3 28 9
28 4 61
4 28 47
28 6 31
6 28 30
28 7 27
7 28 26
28 9 49
9 28 35
28 10 48
10 28 47
28 11 28
11 28 26
28 12 51
12 28 37
28 13 40
13 28 57
28 16 24
16 28 28
28 18 32
18 28 43
28 20 12
20 28 17
28 21 43
21 28 31
28 22 11
22 28 10
28 25 49
25 28 46
28 26 11
26 28 16
28 30 25
30 28 43
28 32 27
32 28 22
28 38 34
38 28 32
28 39 61
39 28 54
28 40 86
40 28 72
28 41 86
41 28 60
28 42 48
42 28 61
28 43 21
43 28 38
28 44 45
44 28 53
28 45 30
45 28 57
28 46 44
46 28 30
28 47 55
47 28 39
28 48 32
48 28 22
28 49 56
49 28 39
28 50 39
50 28 33
28 51 33
51 28 30
29 31 34
31 29 30
29 33 26
33 29 40
29 34 15
34 29 15
29 35 22
35 29 16
29 36 13
36 29 22
29 37 32
37 29 37
29 3 14
3 29 17
29 4 24
4 29 44
29 6 47
6 29 37
29 7 54
7 29 44
29 9 22
9 29 16
29 10 26
10 29 28
29 11 19
11 29 17
29 12 28
12 29 31
29 13 33
13 29 58
29 16 12
16 29 9
29 18 24
18 29 44
29 20 13
20 29 10
29 21 10
21 29 7
29 22 12
22 29 18
29 25 60
25 29 52
29 26 45
26 29 37
29 30 24
30 29 21
29 32 12
32 29 20
29 38 20
38 29 18
29 39 37
39 29 33
29 40 84
40 29 67
29 41 79
41 29 57
29 42 68
42 29 53
29 43 31
43 29 55
29 44 47
44 29 43
29 45 34
45 29 42
29 46 33
46 29 28
29 47 44
47 29 37
29 48 38
48 29 34
29 49 32
49 29 22
29 50 10
50 29 11
29 51 36
51 29 29
31 33 60
33 31 60
31 34 35
34 31 43
31 35 32
35 31 26
31 36 16
36 31 26
31 37 31
37 31 47
31 3 11
3 31 15
31 4 55
4 31 46
31 6 15
6 31 27
31 7 15
7 31 21
31 9 58
9 31 39
31 10 62
10 31 50
31 11 34
11 31 28
31 12 23
12 31 37
31 13 30
13 31 54
31 16 16
16 31 32
31 18 55
18 31 41
31 20 21
20 31 23
31 21 36
21 31 37
31 22 16
22 31 13
31 25 42
25 31 43
31 26 8
26 31 10
31 30 38
30 31 47
31 32 13
32 31 23
31 38 43
38 31 35
31 39 63
39 31 58
31 40 89
40 31 71
31 41 61
41 31 59
31 42 88
42 31 61
31 43 21
43 31 32
31 44 66
44 31 54
31 45 43
45 31 59
31 46 17
46 31 30
31 47 39
47 31 39
31 48 15
48 31 18
31 49 55
49 31 42
31 50 46
50 31 37
31 51 25
51 31 30
33 34 38
34 33 27
33 35 68
35 33 55
33 36 51
36 33 61
33 37 25
37 33 18
33 3 59
3 33 54
33 4 44
4 33 31
33 6 45
6 33 45
33 7 67
7 33 60
33 9 33
9 33 24
33 10 12
10 33 12
33 11 22
11 33 31
33 12 38
12 33 27
33 13 34
13 33 44
33 16 36
16 33 32
33 18 50
18 33 37
33 20 31
20 33 49
33 21 18
21 33 36
33 22 33
22 33 47
33 25 44
25 33 48
33 26 80
26 33 61
33 30 13
30 33 21
33 32 45
32 33 37
33 38 30
38 33 25
33 39 10
39 33 14
33 40 32
40 33 41
33 41 25
41 33 37
33 42 21
42 33 25
33 43 57
43 33 68
33 44 15
44 33 17
33 45 8
45 33 7
33 46 18
46 33 32
33 47 25
47 33 30
33 48 63
48 33 49
33 49 23
49 33 18
33 50 18
50 33 29
33 51 42
51 33 34
34 35 18
35 34 30
34 36 35
36 34 36
34 37 22
37 34 31
34 3 20
3 34 32
34 4 39
4 34 41
34 6 47
6 34 42
34 7 71
7 34 53
34 9 6
9 34 9
34 10 8
10 34 16
34 11 27
11 34 21
34 12 43
12 34 30
34 13 81
13 34 57
34 16 7
16 34 12
34 18 26
18 34 44
34 20 13
20 34 25
34 21 10
21 34 9
34 22 44
22 34 31
34 25 60
25 34 54
34 26 49
26 34 49
34 30 4
30 34 7
34 32 29
32 34 26
34 38 13
38 34 16
34 39 20
39 34 18
34 40 71
40 34 62
34 41 28
41 34 53
34 42 53
42 34 46
34 43 93
43 34 64
34 44 49
44 34 36
34 45 25
45 34 32
34 46 27
46 34 30
34 47 48
47 34 36
34 48 51
48 34 42
34 49 11
49 34 14
34 50 8
50 34 6
34 51 29
51 34 32
35 36 4
36 35 6
35 37 65
37 35 51
35 3 7
3 35 10
35 4 38
4 35 56
35 6 60
6 35 44
35 7 40
7 35 45
35 9 42
9 35 32
35 10 34
10 35 43
35 11 39
11 35 30
35 12 56
12 35 44
35 13 53
13 35 68
35 16 35
16 35 24
35 18 76
18 35 54
35 20 6
20 35 7
35 21 16
21 35 21
35 22 11
22 35 21
35 25 40
25 35 60
35 26 21
26 35 35
35 30 31
30 35 36
35 32 24
32 35 29
35 38 27
38 35 33
35 39 53
39 35 48
35 40 109
40 35 81
35 41 62
41 35 69
35 42 56
42 35 67
35 43 82
43 35 57
35 44 76
44 35 58
35 45 52
45 35 58
35 46 53
46 35 38
35 47 35
47 35 48
35 48 32
48 35 38
35 49 56
49 35 38
35 50 35
50 35 27
35 51 27
51 35 39
36 37 30
37 36 56
36 3 17
3 36 12
36 4 60
4 36 61
36 6 59
6 36 47
36 7 47
7 36 46
36 9 30
9 36 38
36 10 33
10 36 49
36 11 42
11 36 35
36 12 31
12 36 49
36 13 40
13 36 72
36 16 37
16 36 30
36 18 81
18 36 58
36 20 14
20 36 13
36 21 18
21 36 27
36 22 16
22 36 24
36 25 87
25 36 64
36 26 52
26 36 36
36 30 53
30 36 42
36 32 48
32 36 34
36 38 54
38 36 38
36 39 27
39 36 54
36 40 109
40 36 86
36 41 69
41 36 74
36 42 78
42 36 72
36 43 31
43 36 58
36 44 65
44 36 63
36 45 92
45 36 64
36 46 39
46 36 43
36 47 63
47 36 53
36 48 57
48 36 40
36 49 36
49 36 44
36 50 23
50 36 33
36 51 60
51 36 44
37 3 44
3 37 46
37 4 13
4 37 13
37 6 19
6 37 27
37 7 54
7 37 44
37 9 26
9 37 23
37 10 24
10 37 19
37 11 17
11 37 21
37 12 5
12 37 10
37 13 37
13 37 27
37 16 18
16 37 28
37 18 12
18 37 19
37 20 65
20 37 44
37 21 22
21 37 36
37 22 32
22 37 36
37 25 16
25 37 30
37 26 64
26 37 46
37 30 25
30 37 26
37 32 34
32 37 25
37 38 15
38 37 18
37 39 40
39 37 28
37 40 17
40 37 31
37 41 12
41 37 23
37 42 15
42 37 16
37 43 56
43 37 50
37 44 8
44 37 7
37 45 12
45 37 14
37 46 12
46 37 17
37 47 15
47 37 12
37 48 35
48 37 34
37 49 18
49 37 17
37 50 18
50 37 28
37 51 22
51 37 18
3 4 47
4 3 50
3 6 34
6 3 35
3 7 27
7 3 35
3 9 35
9 3 31
3 10 31
10 3 43
3 11 37
11 3 25
3 12 22
12 3 38
3 13 64
13 3 61
3 16 18
16 3 23
3 18 42
18 3 47
3 20 4
20 3 8
3 21 32
21 3 24
3 22 13
22 3 12
3 25 36
25 3 51
3 26 21
26 3 25
3 30 44
30 3 37
3 32 18
32 3 23
3 38 38
38 3 30
3 39 59
39 3 49
3 40 41
40 3 75
3 41 44
41 3 63
3 42 58
42 3 62
3 43 60
43 3 47
3 44 79
44 3 53
3 45 57
45 3 56
3 46 22
46 3 32
3 47 22
47 3 42
3 48 34
48 3 28
3 49 28
49 3 36
3 50 18
50 3 27
3 51 21
51 3 33
4 6 17
6 4 21
4 7 50
7 4 37
4 9 39
9 4 32
4 10 44
10 4 31
4 11 15
11 4 27
4 12 10
12 4 13
4 13 14
13 4 15
4 16 43
16 4 35
4 18 10
18 4 8
4 20 25
20 4 49
4 21 51
21 4 45
4 22 50
22 4 38
4 25 21
25 4 18
4 26 29
26 4 43
4 30 31
30 4 38
4 32 30
32 4 27
4 38 34
38 4 27
4 39 60
39 4 41
4 40 31
40 4 25
4 41 8
41 4 13
4 42 11
42 4 16
4 43 41
43 4 41
4 44 15
44 4 15
4 45 31
45 4 25
4 46 26
46 4 18
4 47 7
47 4 8
4 48 18
48 4 29
4 49 24
49 4 28
4 50 42
50 4 37
4 51 22
51 4 17
6 7 12
7 6 16
6 9 26
9 6 34
6 10 53
10 6 40
6 11 21
11 6 22
6 12 20
12 6 18
6 13 40
13 6 27
6 16 35
16 6 32
6 18 10
18 6 15
6 20 44
20 6 38
6 21 49
21 6 41
6 22 25
22 6 23
6 25 23
25 6 16
6 26 21
26 6 22
6 30 62
30 6 42
6 32 20
32 6 17
6 38 33
38 6 27
6 39 31
39 6 50
6 40 30
40 6 44
6 41 19
41 6 32
6 42 48
42 6 37
6 43 28
43 6 23
6 44 36
44 6 33
6 45 36
45 6 41
6 46 20
46 6 14
6 47 9
47 6 16
6 48 8
48 6 9
6 49 44
49 6 33
6 50 26
50 6 36
6 51 8
51 6 11
7 9 42
9 7 46
7 10 41
10 7 54
7 11 29
11 7 33
7 12 30
12 7 34
7 13 35
13 7 40
7 16 52
16 7 41
7 18 26
18 7 30
7 20 47
20 7 40
7 21 61
21 7 50
7 22 31
22 7 26
7 25 35
25 7 27
7 26 8
26 7 11
7 30 35
30 7 54
7 32 27
32 7 27
7 38 51
38 7 40
7 39 37
39 7 64
7 40 83
40 7 58
7 41 24
41 7 46
7 42 39
42 7 53
7 43 8
43 7 12
7 44 30
44 7 50
7 45 41
45 7 57
7 46 31
46 7 28
7 47 27
47 7 32
7 48 6
48 7 11
7 49 48
49 7 46
7 50 49
50 7 47
7 51 28
51 7 26
9 10 6
10 9 12
9 11 12
11 9 13
9 12 27
12 9 21
9 13 48
13 9 48
9 16 4
16 9 8
9 18 36
18 9 35
9 20 18
20 9 25
9 21 7
21 9 13
9 22 25
22 9 26
9 25 59
25 9 45
9 26 23
26 9 43
9 30 7
30 9 8
9 32 20
32 9 19
9 38 6
38 9 7
9 39 16
39 9 19
9 40 38
40 9 54
9 41 48
41 9 45
9 42 38
42 9 39
9 43 59
43 9 56
9 44 25
44 9 28
9 45 26
45 9 26
9 46 27
46 9 21
9 47 35
47 9 27
9 48 43
48 9 35
9 49 4
49 9 6
9 50 5
50 9 6
9 51 22
51 9 23
10 11 25
11 10 22
10 12 16
12 10 23
10 13 65
13 10 46
10 16 10
16 10 20
10 18 44
18 10 36
10 20 24
20 10 37
10 21 19
21 10 24
10 22 35
22 10 37
10 25 43
25 10 47
10 26 34
26 10 53
10 30 12
30 10 9
10 32 21
32 10 28
10 38 18
38 10 15
10 39 7
39 10 10
10 40 55
40 10 48
10 41 54
41 10 41
10 42 37
42 10 32
10 43 37
43 10 63
10 44 25
44 10 22
10 45 13
45 10 16
10 46 35
46 10 26
10 47 17
47 10 28
10 48 52
48 10 43
10 49 11
49 10 8
10 50 24
50 10 17
10 51 27
51 10 28
11 12 20
12 11 14
11 13 32
13 11 40
11 16 8
16 11 10
11 18 36
18 11 26
11 20 22
20 11 23
11 21 10
21 11 20
11 22 22
22 11 16
11 25 36
25 11 35
11 26 22
26 11 31
11 30 13
30 11 21
11 32 8
32 11 6
11 38 9
38 11 7
11 39 38
39 11 31
11 40 31
40 11 51
11 41 59
41 11 40
11 42 47
42 11 37
11 43 33
43 11 44
11 44 31
44 11 28
11 45 18
45 11 31
11 46 10
46 11 10
11 47 13
47 11 19
11 48 29
48 11 22
11 49 16
49 11 14
11 50 16
50 11 15
11 51 17
51 11 12
12 13 23
13 12 27
12 16 19
16 12 23
12 18 18
18 12 14
12 20 23
20 12 37
12 21 46
21 12 33
12 22 15
22 12 27
12 25 36
25 12 25
12 26 43
26 12 36
12 30 23
30 12 27
12 32 20
32 12 16
12 38 7
38 12 14
12 39 42
39 12 33
12 40 41
40 12 37
12 41 24
41 12 26
12 42 25
42 12 24
12 43 30
43 12 41
12 44 19
44 12 17
12 45 28
45 12 23
12 46 9
46 12 7
12 47 7
47 12 6
12 48 25
48 12 24
12 49 14
49 12 17
12 50 28
50 12 25
12 51 5
51 12 8
13 16 54
16 13 50
13 18 19
18 13 14
13 20 71
20 13 61
13 21 85
21 13 59
13 22 71
22 13 49
13 25 16
25 13 13
13 26 52
26 13 48
13 30 45
30 13 53
13 32 21
32 13 39
13 38 55
38 13 41
13 39 36
39 13 55
13 40 13
40 13 19
13 41 6
41 13 9
13 42 28
42 13 22
13 43 37
43 13 39
13 44 28
44 13 27
13 45 34
45 13 37
13 46 34
46 13 30
13 47 30
47 13 21
13 48 43
48 13 36
13 49 36
49 13 43
13 50 75
50 13 52
13 51 21
51 13 29
16 18 42
18 16 36
16 20 21
20 16 18
16 21 7
21 16 10
16 22 25
22 16 19
16 25 47
25 16 45
16 26 51
26 16 37
16 30 20
30 16 15
16 32 13
32 16 15
16 38 7
38 16 9
16 39 30
39 16 27
16 40 36
40 16 58
16 41 36
41 16 48
16 42 22
42 16 44
16 43 31
43 16 52
16 44 45
44 16 34
16 45 34
45 16 34
16 46 14
46 16 20
16 47 25
47 16 28
16 48 31
48 16 30
16 49 12
49 16 14
16 50 3
50 16 6
16 51 27
51 16 22
18 20 40
20 18 47
18 21 49
21 18 46
18 22 36
22 18 35
18 25 8
25 18 11
18 26 37
26 18 36
18 30 48
30 18 41
18 32 33
32 18 25
18 38 30
38 18 28
18 39 38
39 18 46
18 40 40
40 18 30
18 41 14
41 18 17
18 42 25
42 18 23
18 43 29
43 18 33
18 44 12
44 18 22
18 45 35
45 18 32
18 46 23
46 18 16
18 47 7
47 18 8
18 48 23
48 18 23
18 49 27
49 18 31
18 50 21
50 18 39
18 51 14
51 18 15
20 21 11
21 20 17
20 22 9
22 20 15
20 25 67
25 20 54
20 26 22
26 20 32
20 30 22
30 20 31
20 32 25
32 20 22
20 38 16
38 20 26
20 39 62
39 20 43
20 40 42
40 20 74
20 41 85
41 20 62
20 42 78
42 20 60
20 43 35
43 20 52
20 44 66
44 20 51
20 45 57
45 20 51
20 46 28
46 20 31
20 47 60
47 20 41
20 48 27
48 20 32
20 49 37
49 20 31
20 50 29
50 20 21
20 51 18
51 20 32
21 22 21
22 21 25
21 25 69
25 21 55
21 26 25
26 21 44
21 30 11
30 21 16
21 32 32
32 21 24
21 38 22
38 21 18
21 39 14
39 21 27
21 40 72
40 21 67
21 41 69
41 21 57
21 42 58
42 21 52
21 43 73
43 21 61
21 44 32
44 21 42
21 45 33
45 21 39
21 46 29
46 21 30
21 47 32
47 21 38
21 48 42
48 21 39
21 49 20
49 21 20
21 50 10
50 21 8
21 51 18
51 21 32
22 25 31
25 22 40
22 26 24
26 22 19
22 30 19
30 22 34
22 32 6
32 22 12
22 38 28
38 22 22
22 39 36
39 22 45
22 40 80
40 22 63
22 41 62
41 22 51
22 42 41
42 22 51
22 43 30
43 22 38
22 44 28
44 22 43
22 45 41
45 22 47
22 46 21
46 22 21
22 47 16
47 22 30
22 48 15
48 22 17
22 49 15
49 22 30
22 50 24
50 22 24
22 51 17
51 22 21
25 26 39
26 25 36
25 30 76
30 25 52
25 32 22
32 25 32
25 38 43
38 25 38
25 39 60
39 25 57
25 40 29
40 25 32
25 41 29
41 25 21
25 42 45
42 25 31
25 43 28
43 25 26
25 44 33
44 25 33
25 45 45
45 25 43
25 46 35
46 25 25
25 47 27
47 25 19
25 48 36
48 25 25
25 49 31
49 25 42
25 50 50
50 25 49
25 51 21
51 25 23
26 30 59
30 26 51
26 32 13
32 26 25
26 38 39
38 26 38
26 39 37
39 26 62
26 40 35
40 26 66
26 41 49
41 26 54
26 42 67
42 26 58
26 43 18
43 26 22
26 44 60
44 26 53
26 45 41
45 26 59
26 46 27
46 26 29
26 47 20
47 26 36
26 48 18
48 26 13
26 49 55
49 26 45
26 50 32
50 26 42
26 51 34
51 26 28
30 32 35
32 30 28
30 38 11
38 30 15
30 39 7
39 30 12
30 40 44
40 30 57
30 41 66
41 30 49
30 42 56
42 30 41
30 43 68
43 30 64
30 44 24
44 30 30
30 45 18
45 30 25
30 46 43
46 30 29
30 47 36
47 30 33
30 48 33
48 30 43
30 49 5
49 30 10
30 50 6
50 30 10
30 51 27
51 30 31
32 38 12
38 32 13
32 39 46
39 32 37
32 40 36
40 32 52
32 41 53
41 32 40
32 42 23
42 32 40
32 43 25
43 32 38
32 44 19
44 32 32
32 45 29
45 32 36
32 46 12
46 32 9
32 47 19
47 32 19
32 48 22
48 32 16
32 49 26
49 32 21
32 50 15
50 32 20
32 51 6
51 32 10
38 39 29
39 38 24
38 40 35
40 38 49
38 41 42
41 38 39
38 42 51
42 38 35
38 43 53
43 38 49
38 44 25
44 38 25
38 45 36
45 38 26
38 46 9
46 38 14
38 47 28
47 38 20
38 48 40
48 38 28
38 49 10
49 38 8
38 50 11
50 38 11
38 51 19
51 38 16
39 40 71
40 39 55
39 41 26
41 39 49
39 42 50
42 39 38
39 43 40
43 39 73
39 44 17
44 39 29
39 45 29
45 39 21
39 46 20
46 39 36
39 47 25
47 39 38
39 48 35
48 39 52
39 49 24
49 39 17
39 50 19
50 39 22
39 51 50
51 39 38
40 41 12
41 40 12
40 42 18
42 40 16
40 43 40
43 40 58
40 44 38
44 40 26
40 45 26
45 40 34
40 46 59
46 40 43
40 47 44
47 40 33
40 48 47
48 40 53
40 49 59
49 40 48
40 50 59
50 40 60
40 51 36
51 40 42
41 42 15
42 41 13
41 43 35
43 41 47
41 44 28
44 41 20
41 45 41
45 41 30
41 46 20
46 41 31
41 47 20
47 41 21
41 48 45
48 41 41
41 49 45
49 41 40
41 50 41
50 41 50
41 51 39
51 41 30
42 43 69
43 42 56
42 44 8
44 42 10
42 45 21
45 42 18
42 46 20
46 42 31
42 47 15
47 42 22
42 48 37
48 42 45
42 49 35
49 42 32
42 50 42
50 42 44
42 51 29
51 42 31
43 44 39
44 43 55
43 45 85
45 43 64
43 46 41
46 43 37
43 47 28
47 43 38
43 48 23
48 43 22
43 49 83
49 43 56
43 50 62
50 43 58
43 51 19
51 43 35
44 45 5
45 44 10
44 46 24
46 44 24
44 47 12
47 44 18
44 48 31
48 44 40
44 49 14
49 44 22
44 50 22
50 44 34
44 51 13
51 44 25
45 46 30
46 45 30
45 47 35
47 45 26
45 48 49
48 45 47
45 49 14
49 45 20
45 50 16
50 45 32
45 51 25
51 45 31
46 47 11
47 46 10
46 48 10
48 46 17
46 49 26
49 46 19
46 50 24
50 46 24
46 51 1
51 46 2
47 48 21
48 47 23
47 49 13
49 47 23
47 50 40
50 47 31
47 51 9
51 47 9
48 49 42
49 48 35
48 50 19
50 48 36
48 51 14
51 48 16
49 50 10
50 49 12
49 51 15
51 49 22
50 51 22
51 50 26
