1 18 7 75 10100

182 192

101 3 5 41 49

2 13 55 45
5 14 25 30
6 12 20 50
7 13 10 43
8 15 55 60
9 16 30 60
10 17 20 65
11 14 50 35
12 15 30 25
13 14 15 10
16 13 5 30
17 17 20 40
18 18 15 60
19 16 45 65
20 16 45 20
21 13 45 10
23 13 65 35
24 14 65 20
1 19 35 17
3 19 55 20
4 16 15 30
14 19 30 5
15 14 10 20
22 16 55 5
25 18 45 30

26 35 40
27 41 37
28 64 42
29 40 60
30 31 52
31 35 69
32 53 52
33 65 55
34 63 65
35 2 60
36 20 20
37 5 5
38 60 12
39 40 25
40 42 7
41 24 12
42 23 3
43 11 14
44 6 38
45 2 48
46 8 56
47 13 52
48 6 68
49 47 47
50 49 58
51 27 43
52 37 31
53 57 29
54 63 23
55 53 12
56 32 12
57 36 26
58 21 24
59 17 34
60 12 24
61 24 58
62 27 69
63 15 77
64 62 77
65 49 73
66 67 5
67 56 39
68 37 47
69 37 56
70 57 68
71 47 16
72 44 17
73 46 13
74 49 11
75 49 42
76 53 43
77 61 52
78 57 48
79 56 37
80 55 54
81 15 47
82 14 37
83 11 31
84 16 22
85 4 18
86 28 18
87 26 52
88 26 35
89 31 67
90 15 19
91 22 22
92 18 24
93 26 27
94 25 24
95 22 27
96 25 21
97 19 21
98 20 26
99 18 18
100 35 35

101 2 19
2 101 15
101 5 22
5 101 25
101 6 28
6 101 21
101 7 38
7 101 32
101 8 25
8 101 18
101 9 17
9 101 16
101 10 24
10 101 26
101 11 25
11 101 17
101 12 18
12 101 26
101 13 57
13 101 47
101 16 22
16 101 41
101 17 27
17 101 23
101 18 26
18 101 28
101 19 21
19 101 16
101 20 42
20 101 29
101 21 46
21 101 39
101 23 29
23 101 28
101 24 26
24 101 38
101 1 43
1 101 33
101 3 27
3 101 32
101 4 47
4 101 32
101 14 25
14 101 45
101 15 54
15 101 42
101 22 30
22 101 46
101 25 10
25 101 19
101 26 11
26 101 11
101 27 16
27 101 12
101 28 33
28 101 24
101 29 6
29 101 11
101 30 14
30 101 10
101 31 21
31 101 21
101 32 8
32 101 12
101 33 12
33 101 24
101 34 36
34 101 27
101 35 44
35 101 40
101 36 32
36 101 36
101 37 73
37 101 57
101 38 37
38 101 41
101 39 18
39 101 24
101 40 54
40 101 42
101 41 49
41 101 40
101 42 50
42 101 49
101 43 57
43 101 46
101 44 27
44 101 37
101 45 28
45 101 39
101 46 32
46 101 33
101 47 28
47 101 28
101 48 37
48 101 40
101 49 5
49 101 6
101 50 15
50 101 12
101 51 11
51 101 15
101 52 22
52 101 18
101 53 19
53 101 26
101 54 20
54 101 34
101 55 25
55 101 39
101 56 24
56 101 38
101 57 26
57 101 23
101 58 46
58 101 32
101 59 23
59 101 28
101 60 24
60 101 38
101 61 18
61 101 19
101 62 29
62 101 24
101 63 30
63 101 38
101 64 48
64 101 35
101 65 19
65 101 25
101 66 40
66 101 51
101 67 12
67 101 18
101 68 4
68 101 4
101 69 7
69 101 8
101 70 20
70 101 25
101 71 30
71 101 33
101 72 25
72 101 32
101 73 23
73 101 36
101 74 42
74 101 38
101 75 16
75 101 11
101 76 7
76 101 13
101 77 16
77 101 20
101 78 21
78 101 16
101 79 17
79 101 19
101 80 20
80 101 15
101 81 29
81 101 26
101 82 31
82 101 29
101 83 41
83 101 35
101 84 49
84 101 37
101 85 26
85 101 48
101 86 45
86 101 33
101 87 22
87 101 15
101 88 26
88 101 20
101 89 17
89 101 21
101 90 32
90 101 39
101 91 48
91 101 33
101 92 36
92 101 34
101 93 26
93 101 27
101 94 15
94 101 30
101 95 17
95 101 29
101 96 32
96 101 32
101 97 42
97 101 36
101 98 29
98 101 31
101 99 56
99 101 39
101 100 21
100 101 15
2 5 46
5 2 34
2 6 18
6 2 35
2 7 58
7 2 45
2 8 12
8 2 15
2 9 19
9 2 29
2 10 44
10 2 40
2 11 9
11 2 11
2 12 29
12 2 32
2 13 42
13 2 53
2 16 51
16 2 52
2 17 21
17 2 35
2 18 53
18 2 43
2 19 23
19 2 22
2 20 26
20 2 27
2 21 42
21 2 36
2 23 7
23 2 14
2 24 28
24 2 27
2 1 44
1 2 34
2 3 35
3 2 25
2 4 27
4 2 43
2 14 46
14 2 47
2 15 60
15 2 51
2 22 58
22 2 40
2 25 24
25 2 18
2 26 15
26 2 21
2 27 18
27 2 16
2 28 13
28 2 9
2 29 11
29 2 21
2 30 25
30 2 25
2 31 43
31 2 31
2 32 4
32 2 7
2 33 9
33 2 14
2 34 24
34 2 22
2 35 65
35 2 55
2 36 24
36 2 43
2 37 69
37 2 64
2 38 24
38 2 33
2 39 13
39 2 25
2 40 20
40 2 40
2 41 56
41 2 45
2 42 27
42 2 53
2 43 36
43 2 54
2 44 41
44 2 49
2 45 47
45 2 53
2 46 62
46 2 48
2 47 61
47 2 42
2 48 78
48 2 54
2 49 4
49 2 8
2 50 18
50 2 14
2 51 31
51 2 28
2 52 24
52 2 23
2 53 8
53 2 16
2 54 24
54 2 23
2 55 19
55 2 33
2 56 21
56 2 40
2 57 27
57 2 27
2 58 58
58 2 40
2 59 39
59 2 40
2 60 31
60 2 48
2 61 39
61 2 33
2 62 35
62 2 37
2 63 53
63 2 51
2 64 45
64 2 33
2 65 35
65 2 28
2 66 58
66 2 41
2 67 5
67 2 6
2 68 26
68 2 18
2 69 23
69 2 21
2 70 25
70 2 23
2 71 41
71 2 30
2 72 38
72 2 30
2 73 17
73 2 33
2 74 20
74 2 35
2 75 9
75 2 7
2 76 4
76 2 3
2 77 12
77 2 9
2 78 4
78 2 4
2 79 5
79 2 8
2 80 8
80 2 9
2 81 29
81 2 40
2 82 54
82 2 42
2 83 64
83 2 46
2 84 52
84 2 45
2 85 44
85 2 57
2 86 20
86 2 38
2 87 39
87 2 30
2 88 18
88 2 31
2 89 18
89 2 32
2 90 34
90 2 48
2 91 28
91 2 40
2 92 34
92 2 42
2 93 23
93 2 34
2 94 46
94 2 37
2 95 41
95 2 37
2 96 23
96 2 38
2 97 30
97 2 43
2 98 56
98 2 39
2 99 34
99 2 46
2 100 18
100 2 22
5 6 11
6 5 21
5 7 23
7 5 20
5 8 62
8 5 42
5 9 17
9 5 30
5 10 40
10 5 35
5 11 26
11 5 25
5 12 4
12 5 7
5 13 24
13 5 22
5 16 13
16 5 20
5 17 7
17 5 11
5 18 21
18 5 32
5 19 23
19 5 40
5 20 26
20 5 22
5 21 31
21 5 28
5 23 32
23 5 40
5 24 23
24 5 41
5 1 16
1 5 16
5 3 35
3 5 32
5 4 8
4 5 10
5 14 33
14 5 25
5 15 10
15 5 18
5 22 36
22 5 39
5 25 26
25 5 20
5 26 12
26 5 14
5 27 13
27 5 17
5 28 51
28 5 41
5 29 20
29 5 34
5 30 23
30 5 23
5 31 38
31 5 40
5 32 37
32 5 36
5 33 49
33 5 47
5 34 60
34 5 51
5 35 49
35 5 38
5 36 16
36 5 11
5 37 32
37 5 32
5 38 36
38 5 39
5 39 10
39 5 16
5 40 24
40 5 29
5 41 9
41 5 18
5 42 15
42 5 27
5 43 14
43 5 21
5 44 18
44 5 21
5 45 29
45 5 29
5 46 19
46 5 31
5 47 13
47 5 25
5 48 22
48 5 42
5 49 41
49 5 28
5 50 39
50 5 37
5 51 13
51 5 13
5 52 11
52 5 12
5 53 35
53 5 32
5 54 36
54 5 39
5 55 48
55 5 33
5 56 24
56 5 19
5 57 13
57 5 12
5 58 10
58 5 7
5 59 8
59 5 9
5 60 19
60 5 14
5 61 18
61 5 28
5 62 46
62 5 39
5 63 62
63 5 48
5 64 30
64 5 60
5 65 69
65 5 49
5 66 60
66 5 49
5 67 37
67 5 32
5 68 29
68 5 21
5 69 27
69 5 29
5 70 32
70 5 50
5 71 16
71 5 26
5 72 34
72 5 23
5 73 24
73 5 27
5 74 30
74 5 31
5 75 32
75 5 26
5 76 40
76 5 30
5 77 52
77 5 42
5 78 37
78 5 36
5 79 43
79 5 31
5 80 32
80 5 38
5 81 26
81 5 20
5 82 8
82 5 13
5 83 7
83 5 14
5 84 15
84 5 12
5 85 25
85 5 24
5 86 14
86 5 12
5 87 16
87 5 22
5 88 5
88 5 5
5 89 23
89 5 37
5 90 11
90 5 15
5 91 6
91 5 9
5 92 12
92 5 9
5 93 2
93 5 3
5 94 8
94 5 6
5 95 2
95 5 4
5 96 8
96 5 9
5 97 13
97 5 11
5 98 5
98 5 6
5 99 10
99 5 14
5 100 15
100 5 11
6 7 17
7 6 12
6 8 49
8 6 36
6 9 18
9 6 14
6 10 17
10 6 15
6 11 46
11 6 34
6 12 35
12 6 27
6 13 41
13 6 40
6 16 14
16 6 25
6 17 10
17 6 10
6 18 8
18 6 11
6 19 22
19 6 29
6 20 45
20 6 39
6 21 63
21 6 47
6 23 34
23 6 47
6 24 51
24 6 54
6 1 32
1 6 36
6 3 34
3 6 46
6 4 18
4 6 21
6 14 52
14 6 46
6 15 38
15 6 32
6 22 52
22 6 57
6 25 24
25 6 32
6 26 15
26 6 18
6 27 34
27 6 25
6 28 28
28 6 45
6 29 28
29 6 22
6 30 9
30 6 11
6 31 21
31 6 24
6 32 46
32 6 33
6 33 52
33 6 45
6 34 38
34 6 45
6 35 31
35 6 21
6 36 42
36 6 30
6 37 70
37 6 47
6 38 76
38 6 55
6 39 43
39 6 32
6 40 36
40 6 48
6 41 50
41 6 38
6 42 30
42 6 47
6 43 49
43 6 37
6 44 18
44 6 18
6 45 24
45 6 18
6 46 10
46 6 13
6 47 4
47 6 7
6 48 20
48 6 23
6 49 28
49 6 27
6 50 44
50 6 30
6 51 8
51 6 10
6 52 14
52 6 25
6 53 27
53 6 43
6 54 28
54 6 51
6 55 49
55 6 50
6 56 52
56 6 40
6 57 17
57 6 29
6 58 38
58 6 26
6 59 19
59 6 16
6 60 14
60 6 27
6 61 10
61 6 9
6 62 14
62 6 20
6 63 40
63 6 27
6 64 31
64 6 50
6 65 38
65 6 37
6 66 92
66 6 65
6 67 23
67 6 38
6 68 12
68 6 17
6 69 22
69 6 18
6 70 23
70 6 41
6 71 41
71 6 43
6 72 35
72 6 41
6 73 56
73 6 45
6 74 50
74 6 48
6 75 39
75 6 30
6 76 18
76 6 33
6 77 56
77 6 41
6 78 30
78 6 37
6 79 47
79 6 38
6 80 37
80 6 35
6 81 8
81 6 6
6 82 16
82 6 14
6 83 20
83 6 21
6 84 19
84 6 28
6 85 21
85 6 35
6 86 48
86 6 33
6 87 3
87 6 6
6 88 8
88 6 16
6 89 20
89 6 20
6 90 33
90 6 31
6 91 17
91 6 28
6 92 17
92 6 26
6 93 35
93 6 24
6 94 15
94 6 26
6 95 13
95 6 23
6 96 29
96 6 29
6 97 36
97 6 29
6 98 21
98 6 24
6 99 36
99 6 32
6 100 31
100 6 21
7 8 29
8 7 48
7 9 15
9 7 26
7 10 22
10 7 24
7 11 57
11 7 41
7 12 33
12 7 27
7 13 39
13 7 33
7 16 7
16 7 14
7 17 10
17 7 10
7 18 20
18 7 18
7 19 34
19 7 41
7 20 31
20 7 42
7 21 27
21 7 48
7 23 55
23 7 55
7 24 77
24 7 59
7 1 44
1 7 36
7 3 39
3 7 51
7 4 20
4 7 14
7 14 39
14 7 43
7 15 12
15 7 23
7 22 58
22 7 59
7 25 28
25 7 37
7 26 30
26 7 25
7 27 16
27 7 31
7 28 41
28 7 54
7 29 44
29 7 34
7 30 32
30 7 23
7 31 52
31 7 36
7 32 37
32 7 44
7 33 73
33 7 56
7 34 59
34 7 57
7 35 25
35 7 19
7 36 19
36 7 25
7 37 53
37 7 38
7 38 39
38 7 59
7 39 33
39 7 35
7 40 62
40 7 48
7 41 22
41 7 34
7 42 24
42 7 42
7 43 43
43 7 29
7 44 7
44 7 6
7 45 8
45 7 9
7 46 12
46 7 13
7 47 9
47 7 9
7 48 21
48 7 25
7 49 42
49 7 37
7 50 32
50 7 42
7 51 21
51 7 17
7 52 36
52 7 29
7 53 37
53 7 49
7 54 52
54 7 56
7 55 39
55 7 53
7 56 53
56 7 38
7 57 36
57 7 31
7 58 12
58 7 22
7 59 15
59 7 11
7 60 16
60 7 19
7 61 24
61 7 21
7 62 27
62 7 31
7 63 23
63 7 34
7 64 39
64 7 62
7 65 34
65 7 49
7 66 36
66 7 68
7 67 33
67 7 46
7 68 36
68 7 27
7 69 30
69 7 30
7 70 31
70 7 53
7 71 48
71 7 46
7 72 55
72 7 43
7 73 56
73 7 47
7 74 62
74 7 50
7 75 47
75 7 39
7 76 60
76 7 43
7 77 33
77 7 52
7 78 35
78 7 47
7 79 28
79 7 46
7 80 35
80 7 46
7 81 6
81 7 6
7 82 8
82 7 7
7 83 9
83 7 12
7 84 15
84 7 22
7 85 13
85 7 26
7 86 17
86 7 30
7 87 20
87 7 18
7 88 13
88 7 18
7 89 44
89 7 32
7 90 14
90 7 25
7 91 31
91 7 24
7 92 27
92 7 21
7 93 28
93 7 22
7 94 13
94 7 24
7 95 26
95 7 20
7 96 22
96 7 26
7 97 17
97 7 24
7 98 13
98 7 20
7 99 15
99 7 26
7 100 13
100 7 26
8 9 34
9 8 25
8 10 47
10 8 35
8 11 21
11 8 25
8 12 31
12 8 43
8 13 72
13 8 64
8 16 77
16 8 58
8 17 30
17 8 40
8 18 49
18 8 40
8 19 6
19 8 11
8 20 51
20 8 41
8 21 42
21 8 50
8 23 17
23 8 27
8 24 45
24 8 41
8 1 61
1 8 47
8 3 56
3 8 40
8 4 41
4 8 50
8 14 51
14 8 60
8 15 50
15 8 60
8 22 54
22 8 55
8 25 17
25 8 32
8 26 35
26 8 28
8 27 15
27 8 27
8 28 14
28 8 20
8 29 8
29 8 15
8 30 36
30 8 25
8 31 21
31 8 22
8 32 10
32 8 8
8 33 13
33 8 11
8 34 5
34 8 9
8 35 69
35 8 53
8 36 79
36 8 53
8 37 51
37 8 74
8 38 26
38 8 48
8 39 33
39 8 38
8 40 55
40 8 54
8 41 31
41 8 57
8 42 49
42 8 65
8 43 60
43 8 63
8 44 50
44 8 54
8 45 71
45 8 54
8 46 63
46 8 47
8 47 50
47 8 43
8 48 35
48 8 49
8 49 11
49 8 15
8 50 4
50 8 6
8 51 24
51 8 33
8 52 33
52 8 34
8 53 22
53 8 31
8 54 25
54 8 38
8 55 53
55 8 48
8 56 74
56 8 53
8 57 31
57 8 39
8 58 56
58 8 49
8 59 59
59 8 46
8 60 82
60 8 56
8 61 16
61 8 31
8 62 35
62 8 29
8 63 43
63 8 43
8 64 23
64 8 18
8 65 13
65 8 14
8 66 30
66 8 56
8 67 30
67 8 21
8 68 31
68 8 22
8 69 12
69 8 18
8 70 6
70 8 8
8 71 34
71 8 44
8 72 58
72 8 44
8 73 41
73 8 47
8 74 71
74 8 49
8 75 27
75 8 19
8 76 19
76 8 17
8 77 9
77 8 10
8 78 14
78 8 12
8 79 25
79 8 23
8 80 6
80 8 6
8 81 34
81 8 42
8 82 35
82 8 47
8 83 64
83 8 53
8 84 68
84 8 54
8 85 54
85 8 66
8 86 36
86 8 50
8 87 24
87 8 30
8 88 45
88 8 38
8 89 13
89 8 25
8 90 40
90 8 57
8 91 62
91 8 50
8 92 54
92 8 51
8 93 51
93 8 44
8 94 47
94 8 47
8 95 58
95 8 46
8 96 50
96 8 49
8 97 61
97 8 53
8 98 41
98 8 48
8 99 76
99 8 56
8 100 24
100 8 32
9 10 15
10 9 11
9 11 16
11 9 32
9 12 40
12 9 35
9 13 74
13 9 52
9 16 24
16 9 39
9 17 12
17 9 22
9 18 22
18 9 15
9 19 23
19 9 16
9 20 28
20 9 43
9 21 73
21 9 52
9 23 43
23 9 43
9 24 78
24 9 53
9 1 46
1 9 43
9 3 43
3 9 47
9 4 46
4 9 34
9 14 62
14 9 55
9 15 53
15 9 45
9 22 79
22 9 60
9 25 45
25 9 34
9 26 27
26 9 21
9 27 31
27 9 25
9 28 29
28 9 38
9 29 9
29 9 10
9 30 10
30 9 8
9 31 7
31 9 10
9 32 27
32 9 24
9 33 52
33 9 35
9 34 36
34 9 33
9 35 22
35 9 28
9 36 23
36 9 41
9 37 52
37 9 60
9 38 45
38 9 56
9 39 27
39 9 36
9 40 27
40 9 54
9 41 47
41 9 48
9 42 59
42 9 57
9 43 47
43 9 50
9 44 47
44 9 33
9 45 27
45 9 30
9 46 21
46 9 22
9 47 18
47 9 19
9 48 22
48 9 25
9 49 28
49 9 21
9 50 16
50 9 19
9 51 21
51 9 17
9 52 21
52 9 30
9 53 31
53 9 41
9 54 56
54 9 49
9 55 55
55 9 53
9 56 63
56 9 48
9 57 42
57 9 34
9 58 46
58 9 37
9 59 33
59 9 29
9 60 23
60 9 40
9 61 7
61 9 6
9 62 9
62 9 9
9 63 17
63 9 23
9 64 32
64 9 36
9 65 12
65 9 23
9 66 42
66 9 66
9 67 44
67 9 33
9 68 10
68 9 15
9 69 8
69 9 8
9 70 38
70 9 28
9 71 26
71 9 47
9 72 64
72 9 45
9 73 40
73 9 49
9 74 61
74 9 52
9 75 33
75 9 26
9 76 30
76 9 28
9 77 46
77 9 32
9 78 28
78 9 30
9 79 44
79 9 34
9 80 25
80 9 26
9 81 20
81 9 20
9 82 34
82 9 28
9 83 32
83 9 35
9 84 45
84 9 40
9 85 49
85 9 49
9 86 49
86 9 42
9 87 7
87 9 9
9 88 14
88 9 25
9 89 8
89 9 7
9 90 35
90 9 43
9 91 32
91 9 39
9 92 41
92 9 38
9 93 43
93 9 33
9 94 49
94 9 36
9 95 24
95 9 34
9 96 50
96 9 39
9 97 42
97 9 40
9 98 34
98 9 35
9 99 58
99 9 43
9 100 14
100 9 25
10 11 52
11 10 42
10 12 56
12 10 41
10 13 75
13 10 55
10 16 45
16 10 38
10 17 22
17 10 25
10 18 9
18 10 7
10 19 30
19 10 25
10 20 50
20 10 51
10 21 47
21 10 60
10 23 75
23 10 54
10 24 77
24 10 63
10 1 38
1 10 50
10 3 31
3 10 57
10 4 47
4 10 35
10 14 52
14 10 61
10 15 65
15 10 46
10 22 71
22 10 69
10 25 22
25 10 43
10 26 40
26 10 29
10 27 26
27 10 35
10 28 41
28 10 50
10 29 18
29 10 21
10 30 14
30 10 17
10 31 22
31 10 16
10 32 40
32 10 35
10 33 33
33 10 46
10 34 51
34 10 43
10 35 10
35 10 19
10 36 63
36 10 45
10 37 71
37 10 62
10 38 44
38 10 66
10 39 33
39 10 45
10 40 34
40 10 62
10 41 70
41 10 53
10 42 68
42 10 62
10 43 60
43 10 52
10 44 26
44 10 30
10 45 17
45 10 25
10 46 10
46 10 15
10 47 13
47 10 15
10 48 16
48 10 14
10 49 28
49 10 32
10 50 44
50 10 30
10 51 31
51 10 23
10 52 25
52 10 38
10 53 75
53 10 51
10 54 56
54 10 59
10 55 73
55 10 62
10 56 58
56 10 54
10 57 61
57 10 42
10 58 30
58 10 41
10 59 20
59 10 31
10 60 53
60 10 42
10 61 7
61 10 8
10 62 5
62 10 8
10 63 15
63 10 13
10 64 32
64 10 44
10 65 35
65 10 30
10 66 88
66 10 76
10 67 24
67 10 44
10 68 22
68 10 25
10 69 14
69 10 19
10 70 39
70 10 37
10 71 55
71 10 55
10 72 78
72 10 54
10 73 29
73 10 58
10 74 66
74 10 60
10 75 51
75 10 37
10 76 46
76 10 39
10 77 27
77 10 43
10 78 24
78 10 41
10 79 59
79 10 45
10 80 52
80 10 37
10 81 24
81 10 19
10 82 35
82 10 29
10 83 43
83 10 35
10 84 47
84 10 43
10 85 61
85 10 50
10 86 54
86 10 48
10 87 16
87 10 14
10 88 33
88 10 31
10 89 6
89 10 11
10 90 34
90 10 46
10 91 30
91 10 43
10 92 45
92 10 41
10 93 38
93 10 38
10 94 60
94 10 41
10 95 41
95 10 38
10 96 49
96 10 44
10 97 55
97 10 44
10 98 26
98 10 39
10 99 41
99 10 47
10 100 22
100 10 33
11 12 22
12 11 22
11 13 24
13 11 43
11 16 56
16 11 45
11 17 37
17 11 30
11 18 23
18 11 43
11 19 43
19 11 30
11 20 15
20 11 16
11 21 35
21 11 25
11 23 19
23 11 15
11 24 13
24 11 21
11 1 33
1 11 23
11 3 13
3 11 16
11 4 47
4 11 35
11 14 43
14 11 36
11 15 41
15 11 43
11 22 16
22 11 30
11 25 10
25 11 7
11 26 8
26 11 16
11 27 7
27 11 9
11 28 23
28 11 16
11 29 15
29 11 27
11 30 21
30 11 25
11 31 44
31 11 37
11 32 14
32 11 17
11 33 26
33 11 25
11 34 22
34 11 33
11 35 57
35 11 54
11 36 41
36 11 33
11 37 42
37 11 54
11 38 13
38 11 25
11 39 19
39 11 14
11 40 42
40 11 29
11 41 42
41 11 35
11 42 22
42 11 42
11 43 30
43 11 44
11 44 32
44 11 44
11 45 35
45 11 50
11 46 64
46 11 47
11 47 43
47 11 41
11 48 79
48 11 55
11 49 13
49 11 12
11 50 24
50 11 23
11 51 16
51 11 24
11 52 12
52 11 14
11 53 5
53 11 9
11 54 13
54 11 17
11 55 25
55 11 23
11 56 36
56 11 29
11 57 9
57 11 17
11 58 27
58 11 31
11 59 26
59 11 33
11 60 57
60 11 40
11 61 31
61 11 34
11 62 56
62 11 41
11 63 34
63 11 55
11 64 41
64 11 44
11 65 21
65 11 38
11 66 37
66 11 34
11 67 8
67 11 7
11 68 23
68 11 18
11 69 35
69 11 25
11 70 43
70 11 33
11 71 12
71 11 19
11 72 26
72 11 19
11 73 27
73 11 22
11 74 30
74 11 24
11 75 10
75 11 7
11 76 7
76 11 9
11 77 26
77 11 20
11 78 9
78 11 15
11 79 8
79 11 6
11 80 20
80 11 20
11 81 53
81 11 37
11 82 53
82 11 36
11 83 21
83 11 39
11 84 26
84 11 36
11 85 59
85 11 49
11 86 22
86 11 28
11 87 26
87 11 29
11 88 27
88 11 24
11 89 53
89 11 37
11 90 56
90 11 38
11 91 24
91 11 31
11 92 19
92 11 34
11 93 19
93 11 25
11 94 33
94 11 27
11 95 42
95 11 29
11 96 22
96 11 28
11 97 29
97 11 34
11 98 45
98 11 31
11 99 31
99 11 36
11 100 22
100 11 15
12 13 19
13 12 21
12 16 14
16 12 25
12 17 15
17 12 18
12 18 31
18 12 38
12 19 61
19 12 43
12 20 23
20 12 16
12 21 28
21 12 21
12 23 18
23 12 36
12 24 19
24 12 35
12 1 6
1 12 9
12 3 31
3 12 25
12 4 11
4 12 16
12 14 17
14 12 20
12 15 13
15 12 21
12 22 24
22 12 32
12 25 18
25 12 16
12 26 8
26 12 16
12 27 20
27 12 16
12 28 30
28 12 38
12 29 45
29 12 36
12 30 28
30 12 27
12 31 46
31 12 44
12 32 41
32 12 35
12 33 59
33 12 46
12 34 76
34 12 51
12 35 43
35 12 45
12 36 6
36 12 11
12 37 21
37 12 32
12 38 48
38 12 33
12 39 8
39 12 10
12 40 30
40 12 22
12 41 12
41 12 14
12 42 24
42 12 23
12 43 25
43 12 22
12 44 39
44 12 27
12 45 22
45 12 36
12 46 27
46 12 38
12 47 24
47 12 32
12 48 29
48 12 49
12 49 22
49 12 28
12 50 36
50 12 38
12 51 25
51 12 18
12 52 5
52 12 9
12 53 27
53 12 27
12 54 33
54 12 33
12 55 28
55 12 26
12 56 7
56 12 13
12 57 3
57 12 6
12 58 7
58 12 9
12 59 16
59 12 16
12 60 21
60 12 18
12 61 25
61 12 33
12 62 45
62 12 44
12 63 32
63 12 54
12 64 82
64 12 61
12 65 27
65 12 52
12 66 46
66 12 42
12 67 40
67 12 30
12 68 24
68 12 23
12 69 29
69 12 32
12 70 28
70 12 51
12 71 11
71 12 19
12 72 10
72 12 16
12 73 10
73 12 20
12 74 14
74 12 24
12 75 35
75 12 25
12 76 34
76 12 29
12 77 51
77 12 41
12 78 48
78 12 35
12 79 38
79 12 29
12 80 36
80 12 38
12 81 33
81 12 27
12 82 15
82 12 20
12 83 22
83 12 20
12 84 10
84 12 14
12 85 28
85 12 27
12 86 4
86 12 7
12 87 37
87 12 27
12 88 9
88 12 11
12 89 50
89 12 42
12 90 10
90 12 16
12 91 10
91 12 9
12 92 7
92 12 12
12 93 5
93 12 4
12 94 7
94 12 5
12 95 5
95 12 8
12 96 4
96 12 6
12 97 10
97 12 12
12 98 8
98 12 10
12 99 20
99 12 14
12 100 13
100 12 11
13 16 13
16 13 22
13 17 33
17 13 30
13 18 38
18 13 50
13 19 83
19 13 63
13 20 17
20 13 32
13 21 20
21 13 30
13 23 54
23 13 56
13 24 76
24 13 51
13 1 19
1 13 21
13 3 33
3 13 41
13 4 18
4 13 20
13 14 15
14 13 16
13 15 11
15 13 11
13 22 43
22 13 40
13 25 33
25 13 36
13 26 29
26 13 36
13 27 35
27 13 37
13 28 84
28 13 58
13 29 53
29 13 56
13 30 43
30 13 45
13 31 90
31 13 62
13 32 70
32 13 56
13 33 47
33 13 67
13 34 107
34 13 72
13 35 43
35 13 52
13 36 7
36 13 11
13 37 13
37 13 11
13 38 30
38 13 45
13 39 37
39 13 29
13 40 15
40 13 27
13 41 9
41 13 9
13 42 9
42 13 11
13 43 5
43 13 6
13 44 35
44 13 29
13 45 57
45 13 40
13 46 55
46 13 47
13 47 48
47 13 42
13 48 81
48 13 59
13 49 51
49 13 49
13 50 55
50 13 59
13 51 29
51 13 35
13 52 27
52 13 30
13 53 38
53 13 46
13 54 68
54 13 50
13 55 22
55 13 38
13 56 19
56 13 17
13 57 13
57 13 26
13 58 13
58 13 15
13 59 12
59 13 24
13 60 14
60 13 14
13 61 52
61 13 48
13 62 71
62 13 59
13 63 50
63 13 67
13 64 75
64 13 82
13 65 72
65 13 71
13 66 36
66 13 52
13 67 62
67 13 50
13 68 36
68 13 43
13 69 64
69 13 51
13 70 86
70 13 72
13 71 23
71 13 32
13 72 34
72 13 30
13 73 21
73 13 31
13 74 30
74 13 34
13 75 65
75 13 46
13 76 68
76 13 50
13 77 69
77 13 62
13 78 60
78 13 56
13 79 26
79 13 49
13 80 33
80 13 59
13 81 26
81 13 37
13 82 20
82 13 27
13 83 26
83 13 21
13 84 9
84 13 12
13 85 10
85 13 14
13 86 10
86 13 15
13 87 63
87 13 43
13 88 32
88 13 27
13 89 54
89 13 59
13 90 9
90 13 9
13 91 8
91 13 14
13 92 15
92 13 14
13 93 25
93 13 20
13 94 11
94 13 17
13 95 16
95 13 18
13 96 9
96 13 15
13 97 9
97 13 12
13 98 13
98 13 17
13 99 10
99 13 9
13 100 45
100 13 32
16 17 17
17 16 18
16 18 29
18 16 32
16 19 77
19 16 53
16 20 53
20 16 41
16 21 34
21 16 45
16 23 45
23 16 60
16 24 47
24 16 61
16 1 46
1 16 33
16 3 40
3 16 50
16 4 8
4 16 10
16 14 25
14 16 35
16 15 7
15 16 11
16 22 67
22 16 56
16 25 31
25 16 40
16 26 47
26 16 32
16 27 54
27 16 37
16 28 32
28 16 60
16 29 55
29 16 46
16 30 28
30 16 34
16 31 40
31 16 49
16 32 49
32 16 53
16 33 34
33 16 65
16 34 72
34 16 68
16 35 41
35 16 30
16 36 14
36 16 18
16 37 23
37 16 25
16 38 54
38 16 58
16 39 21
39 16 35
16 40 53
40 16 44
16 41 19
41 16 26
16 42 44
42 16 32
16 43 17
43 16 17
16 44 5
44 16 8
16 45 22
45 16 18
16 46 24
46 16 26
16 47 16
47 16 23
16 48 36
48 16 38
16 49 59
49 16 45
16 50 70
50 16 52
16 51 23
51 16 26
16 52 34
52 16 32
16 53 58
53 16 52
16 54 76
54 16 58
16 55 70
55 16 51
16 56 44
56 16 32
16 57 46
57 16 31
16 58 17
58 16 17
16 59 15
59 16 13
16 60 12
60 16 9
16 61 33
61 16 34
16 62 66
62 16 45
16 63 71
63 16 48
16 64 74
64 16 74
16 65 67
65 16 62
16 66 68
66 16 67
16 67 35
67 16 52
16 68 32
68 16 36
16 69 56
69 16 41
16 70 66
70 16 64
16 71 53
71 16 44
16 72 60
72 16 41
16 73 48
73 16 44
16 74 24
74 16 48
16 75 42
75 16 46
16 76 58
76 16 50
16 77 72
77 16 60
16 78 50
78 16 55
16 79 41
79 16 51
16 80 69
80 16 55
16 81 24
81 16 20
16 82 6
82 16 11
16 83 7
83 16 6
16 84 15
84 16 13
16 85 11
85 16 12
16 86 25
86 16 26
16 87 39
87 16 30
16 88 30
88 16 22
16 89 26
89 16 45
16 90 20
90 16 15
16 91 11
91 16 19
16 92 9
92 16 14
16 93 21
93 16 21
16 94 29
94 16 21
16 95 9
95 16 17
16 96 14
96 16 22
16 97 9
97 16 16
16 98 8
98 16 16
16 99 17
99 16 17
16 100 42
100 16 30
17 18 21
18 17 21
17 19 51
19 17 35
17 20 40
20 17 32
17 21 32
21 17 39
17 23 55
23 17 45
17 24 69
24 17 49
17 1 36
1 17 27
17 3 20
3 17 40
17 4 16
4 17 11
17 14 50
14 17 36
17 15 17
15 17 22
17 22 44
22 17 49
17 25 22
25 17 27
17 26 16
26 17 15
17 27 20
27 17 21
17 28 45
28 17 44
17 29 16
29 17 28
17 30 20
30 17 16
17 31 31
31 17 33
17 32 29
32 17 35
17 33 54
33 17 47
17 34 42
34 17 50
17 35 23
35 17 27
17 36 19
36 17 20
17 37 34
37 17 38
17 38 66
38 17 49
17 39 16
39 17 25
17 40 48
40 17 40
17 41 15
41 17 28
17 42 38
42 17 37
17 43 26
43 17 28
17 44 10
44 17 14
17 45 11
45 17 20
17 46 20
46 17 20
17 47 12
47 17 14
17 48 27
48 17 31
17 49 26
49 17 28
17 50 24
50 17 34
17 51 10
51 17 8
17 52 26
52 17 19
17 53 48
53 17 39
17 54 33
54 17 46
17 55 55
55 17 43
17 56 26
56 17 30
17 57 18
57 17 21
17 58 8
58 17 16
17 59 5
59 17 7
17 60 18
60 17 18
17 61 20
61 17 18
17 62 41
62 17 29
17 63 47
63 17 37
17 64 45
64 17 56
17 65 25
65 17 44
17 66 49
66 17 58
17 67 49
67 17 36
17 68 12
68 17 18
17 69 21
69 17 23
17 70 61
70 17 46
17 71 32
71 17 36
17 72 19
72 17 33
17 73 38
73 17 37
17 74 58
74 17 41
17 75 27
75 17 29
17 76 27
76 17 33
17 77 30
77 17 43
17 78 50
78 17 38
17 79 37
79 17 36
17 80 51
80 17 37
17 81 11
81 17 9
17 82 9
82 17 7
17 83 7
83 17 13
17 84 14
84 17 18
17 85 34
85 17 27
17 86 16
86 17 23
17 87 9
87 17 13
17 88 10
88 17 8
17 89 33
89 17 29
17 90 30
90 17 21
17 91 12
91 17 18
17 92 9
92 17 16
17 93 16
93 17 14
17 94 10
94 17 17
17 95 12
95 17 13
17 96 17
96 17 20
17 97 11
97 17 19
17 98 8
98 17 14
17 99 28
99 17 22
17 100 21
100 17 16
18 19 23
19 18 30
18 20 61
20 18 50
18 21 84
21 18 58
18 23 79
23 18 56
18 24 45
24 18 64
18 1 56
1 18 47
18 3 72
3 18 57
18 4 39
4 18 30
18 14 31
14 18 57
18 15 43
15 18 40
18 22 90
22 18 68
18 25 31
25 18 42
18 26 28
26 18 28
18 27 22
27 18 35
18 28 45
28 18 52
18 29 17
29 18 25
18 30 13
30 18 18
18 31 11
31 18 22
18 32 20
32 18 39
18 33 34
33 18 50
18 34 47
34 18 48
18 35 16
35 18 13
18 36 35
36 18 40
18 37 29
37 18 56
18 38 69
38 18 65
18 39 25
39 18 43
18 40 74
40 18 59
18 41 50
41 18 49
18 42 67
42 18 57
18 43 68
43 18 46
18 44 25
44 18 24
18 45 11
45 18 18
18 46 7
46 18 8
18 47 4
47 18 8
18 48 7
48 18 12
18 49 52
49 18 35
18 50 47
50 18 34
18 51 26
51 18 21
18 52 40
52 18 36
18 53 56
53 18 52
18 54 55
54 18 60
18 55 59
55 18 61
18 56 47
56 18 51
18 57 35
57 18 40
18 58 21
58 18 36
18 59 31
59 18 26
18 60 49
60 18 36
18 61 13
61 18 9
18 62 15
62 18 15
18 63 16
63 18 17
18 64 31
64 18 50
18 65 22
65 18 36
18 66 83
66 18 75
18 67 54
67 18 46
18 68 14
68 18 26
18 69 24
69 18 22
18 70 56
70 18 42
18 71 70
71 18 54
18 72 65
72 18 52
18 73 54
73 18 56
18 74 53
74 18 59
18 75 22
75 18 38
18 76 60
76 18 42
18 77 59
77 18 46
18 78 59
78 18 43
18 79 41
79 18 47
18 80 52
80 18 40
18 81 17
81 18 13
18 82 22
82 18 23
18 83 43
83 18 29
18 84 40
84 18 38
18 85 32
85 18 43
18 86 36
86 18 44
18 87 16
87 18 14
18 88 33
88 18 27
18 89 16
89 18 17
18 90 41
90 18 41
18 91 24
91 18 38
18 92 46
92 18 36
18 93 33
93 18 35
18 94 21
94 18 37
18 95 37
95 18 34
18 96 24
96 18 40
18 97 25
97 18 39
18 98 36
98 18 34
18 99 25
99 18 42
18 100 37
100 18 32
19 20 51
20 19 45
19 21 35
21 19 55
19 23 31
23 19 36
19 24 47
24 19 49
19 1 31
1 19 49
19 3 45
3 19 46
19 4 36
4 19 46
19 14 38
14 19 62
19 15 52
15 19 57
19 22 60
22 19 61
19 25 36
25 19 35
19 26 17
26 19 27
19 27 33
27 19 28
19 28 39
28 19 30
19 29 7
29 19 7
19 30 19
30 19 19
19 31 10
31 19 11
19 32 12
32 19 15
19 33 18
33 19 22
19 34 20
34 19 18
19 35 53
35 19 43
19 36 41
36 19 51
19 37 88
37 19 72
19 38 75
38 19 55
19 39 57
39 19 40
19 40 37
40 19 58
19 41 59
41 19 57
19 42 60
42 19 66
19 43 71
43 19 61
19 44 27
44 19 47
19 45 29
45 19 46
19 46 22
46 19 38
19 47 40
47 19 35
19 48 55
48 19 39
19 49 9
49 19 18
19 50 9
50 19 8
19 51 24
51 19 28
19 52 41
52 19 35
19 53 46
53 19 38
19 54 59
54 19 46
19 55 58
55 19 54
19 56 41
56 19 55
19 57 58
57 19 40
19 58 35
58 19 48
19 59 51
59 19 41
19 60 37
60 19 52
19 61 19
61 19 22
19 62 13
62 19 18
19 63 42
63 19 32
19 64 22
64 19 21
19 65 5
65 19 9
19 66 41
66 19 64
19 67 35
67 19 28
19 68 16
68 19 20
19 69 15
69 19 12
19 70 8
70 19 12
19 71 38
71 19 49
19 72 47
72 19 48
19 73 69
73 19 52
19 74 76
74 19 54
19 75 12
75 19 23
19 76 24
76 19 23
19 77 12
77 19 21
19 78 21
78 19 21
19 79 33
79 19 30
19 80 17
80 19 15
19 81 45
81 19 35
19 82 52
82 19 42
19 83 65
83 19 48
19 84 75
84 19 52
19 85 56
85 19 62
19 86 30
86 19 50
19 87 21
87 19 23
19 88 40
88 19 36
19 89 12
89 19 14
19 90 79
90 19 55
19 91 61
91 19 49
19 92 67
92 19 49
19 93 30
93 19 42
19 94 37
94 19 45
19 95 62
95 19 44
19 96 25
96 19 48
19 97 54
97 19 51
19 98 37
98 19 46
19 99 57
99 19 54
19 100 40
100 19 32
20 21 7
21 20 10
20 23 20
23 20 25
20 24 10
24 20 20
20 1 6
1 20 10
20 3 12
3 20 10
20 4 43
4 20 32
20 14 17
14 20 21
20 15 20
15 20 35
20 22 19
22 20 18
20 25 14
25 20 10
20 26 19
26 20 22
20 27 9
27 20 17
20 28 41
28 20 29
20 29 39
29 20 40
20 30 30
30 20 35
20 31 67
31 20 50
20 32 18
32 20 33
20 33 48
33 20 40
20 34 58
34 20 48
20 35 63
35 20 59
20 36 32
36 20 25
20 37 52
37 20 43
20 38 13
38 20 17
20 39 7
39 20 7
20 40 8
40 20 13
20 41 24
41 20 22
20 42 20
42 20 28
20 43 45
43 20 35
20 44 52
44 20 43
20 45 49
45 20 51
20 46 75
46 20 52
20 47 34
47 20 45
20 48 41
48 20 62
20 49 25
49 20 27
20 50 54
50 20 38
20 51 18
51 20 29
20 52 15
52 20 14
20 53 12
53 20 15
20 54 13
54 20 18
20 55 8
55 20 11
20 56 14
56 20 15
20 57 15
57 20 11
20 58 33
58 20 24
20 59 24
59 20 31
20 60 33
60 20 33
20 61 42
61 20 43
20 62 74
62 20 52
20 63 48
63 20 64
20 64 33
64 20 59
20 65 62
65 20 53
20 66 38
66 20 27
20 67 32
67 20 22
20 68 20
68 20 28
20 69 38
69 20 36
20 70 35
70 20 49
20 71 3
71 20 4
20 72 2
72 20 3
20 73 5
73 20 7
20 74 7
74 20 9
20 75 22
75 20 22
20 76 25
76 20 24
20 77 29
77 20 36
20 78 41
78 20 30
20 79 18
79 20 20
20 80 32
80 20 35
20 81 41
81 20 40
20 82 22
82 20 35
20 83 29
83 20 36
20 84 35
84 20 29
20 85 44
85 20 41
20 86 11
86 20 17
20 87 41
87 20 37
20 88 27
88 20 24
20 89 72
89 20 49
20 90 19
90 20 30
20 91 14
91 20 23
20 92 20
92 20 27
20 93 21
93 20 20
20 94 15
94 20 20
20 95 31
95 20 24
20 96 10
96 20 20
20 97 38
97 20 26
20 98 28
98 20 25
20 99 23
99 20 27
20 100 13
100 20 18
21 23 31
23 21 32
21 24 17
24 21 22
21 1 16
1 21 12
21 3 10
3 21 14
21 4 47
4 21 36
21 14 15
14 21 16
21 15 18
15 21 36
21 22 7
22 21 11
21 25 20
25 21 20
21 26 38
26 21 32
21 27 18
27 21 27
21 28 20
28 21 37
21 29 29
29 21 50
21 30 36
30 21 44
21 31 61
31 21 60
21 32 46
32 21 43
21 33 46
33 21 49
21 34 39
34 21 58
21 35 54
35 21 66
21 36 17
36 21 27
21 37 40
37 21 40
21 38 20
38 21 15
21 39 18
39 21 16
21 40 5
40 21 4
21 41 23
41 21 21
21 42 14
42 21 23
21 43 47
43 21 34
21 44 42
44 21 48
21 45 29
45 21 57
21 46 46
46 21 59
21 47 68
47 21 53
21 48 43
48 21 70
21 49 28
49 21 37
21 50 26
50 21 48
21 51 33
51 21 38
21 52 12
52 21 22
21 53 15
53 21 22
21 54 14
54 21 22
21 55 5
55 21 8
21 56 18
56 21 13
21 57 17
57 21 18
21 58 26
58 21 28
21 59 33
59 21 37
21 60 31
60 21 36
21 61 50
61 21 52
21 62 39
62 21 61
21 63 98
63 21 73
21 64 48
64 21 69
21 65 71
65 21 63
21 66 24
66 21 23
21 67 41
67 21 31
21 68 38
68 21 38
21 69 46
69 21 46
21 70 37
70 21 59
21 71 5
71 21 6
21 72 7
72 21 7
21 73 3
73 21 3
21 74 2
74 21 4
21 75 34
75 21 32
21 76 22
76 21 34
21 77 48
77 21 45
21 78 27
78 21 40
21 79 23
79 21 29
21 80 40
80 21 45
21 81 56
81 21 48
21 82 54
82 21 41
21 83 35
83 21 40
21 84 19
84 21 31
21 85 30
85 21 42
21 86 15
86 21 19
21 87 38
87 21 46
21 88 45
88 21 31
21 89 55
89 21 58
21 90 23
90 21 31
21 91 24
91 21 26
21 92 18
92 21 30
21 93 18
93 21 25
21 94 18
94 21 24
21 95 37
95 21 28
21 96 13
96 21 23
21 97 22
97 21 28
21 98 23
98 21 29
21 99 41
99 21 28
21 100 17
100 21 26
23 24 10
24 23 15
23 1 19
1 23 35
23 3 11
3 23 18
23 4 73
4 23 50
23 14 45
14 23 46
23 15 79
15 23 57
23 22 29
22 23 32
23 25 12
25 23 21
23 26 36
26 23 30
23 27 32
27 23 24
23 28 8
28 23 7
23 29 31
29 23 35
23 30 34
30 23 38
23 31 59
31 23 45
23 32 29
32 23 21
23 33 29
33 23 20
23 34 43
34 23 30
23 35 34
35 23 68
23 36 36
36 23 47
23 37 44
37 23 67
23 38 35
38 23 24
23 39 14
39 23 27
23 40 21
40 23 36
23 41 55
41 23 47
23 42 60
42 23 53
23 43 46
43 23 58
23 44 58
44 23 59
23 45 60
45 23 64
23 46 57
46 23 61
23 47 48
47 23 55
23 48 40
48 23 68
23 49 23
49 23 22
23 50 27
50 23 28
23 51 25
51 23 39
23 52 25
52 23 28
23 53 10
53 23 10
23 54 12
54 23 12
23 55 13
55 23 26
23 56 25
56 23 40
23 57 33
57 23 30
23 58 51
58 23 45
23 59 36
59 23 48
23 60 77
60 23 54
23 61 42
61 23 47
23 62 32
62 23 51
23 63 54
63 23 65
23 64 31
64 23 42
23 65 28
65 23 41
23 66 18
66 23 30
23 67 8
67 23 10
23 68 26
68 23 30
23 69 50
69 23 35
23 70 42
70 23 34
23 71 17
71 23 26
23 72 40
72 23 28
23 73 20
73 23 29
23 74 17
74 23 29
23 75 15
75 23 17
23 76 7
76 23 14
23 77 20
77 23 17
23 78 12
78 23 15
23 79 11
79 23 9
23 80 28
80 23 21
23 81 70
81 23 51
23 82 50
82 23 51
23 83 43
83 23 54
23 84 65
84 23 50
23 85 76
85 23 63
23 86 46
86 23 41
23 87 22
87 23 42
23 88 21
88 23 39
23 89 56
89 23 46
23 90 57
90 23 52
23 91 24
91 23 45
23 92 28
92 23 48
23 93 28
93 23 40
23 94 57
94 23 41
23 95 27
95 23 44
23 96 30
96 23 42
23 97 66
97 23 48
23 98 65
98 23 46
23 99 61
99 23 50
23 100 31
100 23 30
24 1 37
1 24 30
24 3 5
3 24 10
24 4 68
4 24 51
24 14 47
14 24 38
24 15 51
15 24 55
24 22 20
22 24 18
24 25 29
25 24 22
24 26 24
26 24 36
24 27 16
27 24 29
24 28 18
28 24 22
24 29 69
29 24 47
24 30 24
30 24 47
24 31 83
31 24 57
24 32 40
32 24 34
24 33 38
33 24 35
24 34 29
34 24 45
24 35 65
35 24 74
24 36 28
36 24 45
24 37 40
37 24 62
24 38 8
38 24 9
24 39 30
39 24 25
24 40 30
40 24 26
24 41 34
41 24 42
24 42 38
42 24 45
24 43 79
43 24 54
24 44 75
44 24 61
24 45 52
45 24 69
24 46 73
46 24 67
24 47 50
47 24 61
24 48 104
48 24 76
24 49 45
49 24 32
24 50 50
50 24 41
24 51 24
51 24 44
24 52 34
52 24 30
24 53 10
53 24 12
24 54 5
54 24 4
24 55 20
55 24 14
24 56 22
56 24 34
24 57 27
57 24 29
24 58 35
58 24 44
24 59 42
59 24 50
24 60 35
60 24 53
24 61 53
61 24 56
24 62 49
62 24 62
24 63 58
63 24 76
24 64 51
64 24 57
24 65 70
65 24 55
24 66 12
66 24 15
24 67 18
67 24 21
24 68 54
68 24 39
24 69 27
69 24 45
24 70 42
70 24 49
24 71 16
71 24 18
24 72 24
72 24 21
24 73 27
73 24 20
24 74 20
74 24 18
24 75 18
75 24 27
24 76 34
76 24 26
24 77 30
77 24 32
24 78 36
78 24 29
24 79 24
79 24 19
24 80 45
80 24 35
24 81 60
81 24 56
24 82 74
82 24 54
24 83 52
83 24 54
24 84 43
84 24 49
24 85 70
85 24 61
24 86 34
86 24 37
24 87 59
87 24 50
24 88 50
88 24 42
24 89 46
89 24 58
24 90 73
90 24 50
24 91 55
91 24 43
24 92 57
92 24 47
24 93 48
93 24 39
24 94 54
94 24 40
24 95 54
95 24 43
24 96 45
96 24 40
24 97 35
97 24 46
24 98 45
98 24 45
24 99 46
99 24 47
24 100 38
100 24 33
1 3 21
3 1 20
1 4 14
4 1 24
1 14 12
14 1 13
1 15 21
15 1 25
1 22 22
22 1 23
1 25 22
25 1 16
1 26 25
26 1 23
1 27 27
27 1 21
1 28 41
28 1 38
1 29 32
29 1 43
1 30 31
30 1 35
1 31 43
31 1 52
1 32 42
32 1 39
1 33 70
33 1 48
1 34 49
34 1 55
1 35 61
35 1 54
1 36 9
36 1 15
1 37 34
37 1 32
1 38 18
38 1 25
1 39 8
39 1 9
1 40 14
40 1 12
1 41 6
41 1 12
1 42 26
42 1 18
1 43 34
43 1 24
1 44 46
44 1 36
1 45 47
45 1 45
1 46 58
46 1 47
1 47 22
47 1 41
1 48 77
48 1 58
1 49 33
49 1 32
1 50 61
50 1 43
1 51 21
51 1 27
1 52 7
52 1 14
1 53 15
53 1 25
1 54 18
54 1 28
1 55 13
55 1 19
1 56 8
56 1 6
1 57 10
57 1 9
1 58 11
58 1 16
1 59 35
59 1 25
1 60 32
60 1 24
1 61 62
61 1 42
1 62 60
62 1 52
1 63 71
63 1 63
1 64 49
64 1 65
1 65 55
65 1 58
1 66 23
66 1 34
1 67 41
67 1 30
1 68 32
68 1 30
1 69 42
69 1 39
1 70 37
70 1 55
1 71 15
71 1 12
1 72 9
72 1 9
1 73 9
73 1 12
1 74 14
74 1 15
1 75 23
75 1 28
1 76 44
76 1 31
1 77 46
77 1 43
1 78 39
78 1 37
1 79 19
79 1 29
1 80 38
80 1 41
1 81 26
81 1 36
1 82 22
82 1 29
1 83 35
83 1 28
1 84 20
84 1 19
1 85 30
85 1 31
1 86 8
86 1 7
1 87 32
87 1 36
1 88 25
88 1 20
1 89 28
89 1 50
1 90 24
90 1 20
1 91 15
91 1 14
1 92 11
92 1 18
1 93 11
93 1 13
1 94 15
94 1 12
1 95 14
95 1 16
1 96 15
96 1 11
1 97 11
97 1 16
1 98 25
98 1 17
1 99 25
99 1 17
1 100 24
100 1 18
3 4 61
4 3 41
3 14 27
14 3 29
3 15 36
15 3 45
3 22 21
22 3 15
3 25 9
25 3 14
3 26 23
26 3 28
3 27 18
27 3 22
3 28 15
28 3 24
3 29 49
29 3 43
3 30 36
30 3 40
3 31 35
31 3 53
3 32 20
32 3 32
3 33 42
33 3 36
3 34 30
34 3 46
3 35 58
35 3 66
3 36 27
36 3 35
3 37 71
37 3 52
3 38 11
38 3 9
3 39 16
39 3 16
3 40 12
40 3 18
3 41 40
41 3 32
3 42 42
42 3 36
3 43 58
43 3 44
3 44 77
44 3 52
3 45 72
45 3 60
3 46 54
46 3 59
3 47 38
47 3 53
3 48 51
48 3 68
3 49 24
49 3 28
3 50 28
50 3 38
3 51 53
51 3 36
3 52 27
52 3 21
3 53 12
53 3 9
3 54 8
54 3 9
3 55 5
55 3 8
3 56 16
56 3 24
3 57 15
57 3 20
3 58 20
58 3 34
3 59 38
59 3 40
3 60 45
60 3 43
3 61 44
61 3 49
3 62 46
62 3 56
3 63 48
63 3 70
3 64 34
64 3 57
3 65 32
65 3 53
3 66 28
66 3 19
3 67 13
67 3 19
3 68 33
68 3 32
3 69 39
69 3 40
3 70 52
70 3 48
3 71 8
71 3 9
3 72 16
72 3 11
3 73 10
73 3 11
3 74 14
74 3 11
3 75 17
75 3 23
3 76 30
76 3 23
3 77 30
77 3 32
3 78 16
78 3 28
3 79 20
79 3 17
3 80 27
80 3 34
3 81 53
81 3 48
3 82 42
82 3 44
3 83 48
83 3 45
3 84 24
84 3 39
3 85 46
85 3 51
3 86 32
86 3 27
3 87 33
87 3 43
3 88 38
88 3 33
3 89 34
89 3 53
3 90 56
90 3 40
3 91 23
91 3 33
3 92 34
92 3 37
3 93 42
93 3 29
3 94 38
94 3 30
3 95 42
95 3 33
3 96 25
96 3 30
3 97 29
97 3 36
3 98 24
98 3 35
3 99 23
99 3 37
3 100 26
100 3 25
4 14 37
14 4 29
4 15 11
15 4 11
4 22 29
22 4 47
4 25 40
25 4 30
4 26 25
26 4 22
4 27 38
27 4 27
4 28 42
28 4 50
4 29 48
29 4 39
4 30 40
30 4 27
4 31 44
31 4 44
4 32 33
32 4 44
4 33 83
33 4 56
4 34 84
34 4 59
4 35 49
35 4 33
4 36 6
36 4 11
4 37 35
37 4 27
4 38 44
38 4 48
4 39 27
39 4 25
4 40 38
40 4 35
4 41 22
41 4 20
4 42 27
42 4 28
4 43 16
43 4 16
4 44 10
44 4 12
4 45 18
45 4 22
4 46 31
46 4 27
4 47 17
47 4 22
4 48 34
48 4 39
4 49 49
49 4 36
4 50 61
50 4 44
4 51 24
51 4 18
4 52 20
52 4 22
4 53 61
53 4 42
4 54 24
54 4 48
4 55 60
55 4 42
4 56 17
56 4 25
4 57 19
57 4 21
4 58 5
58 4 8
4 59 4
59 4 4
4 60 9
60 4 7
4 61 25
61 4 29
4 62 56
62 4 40
4 63 46
63 4 47
4 64 44
64 4 66
4 65 74
65 4 54
4 66 79
66 4 58
4 67 33
67 4 42
4 68 31
68 4 28
4 69 18
69 4 34
4 70 43
70 4 56
4 71 42
71 4 35
4 72 20
72 4 32
4 73 42
73 4 35
4 74 39
74 4 39
4 75 37
75 4 36
4 76 29
76 4 40
4 77 39
77 4 51
4 78 54
78 4 45
4 79 48
79 4 41
4 80 42
80 4 46
4 81 25
81 4 17
4 82 9
82 4 7
4 83 2
83 4 4
4 84 11
84 4 8
4 85 16
85 4 16
4 86 14
86 4 17
4 87 13
87 4 24
4 88 10
88 4 12
4 89 36
89 4 40
4 90 14
90 4 11
4 91 10
91 4 10
4 92 9
92 4 7
4 93 8
93 4 11
4 94 10
94 4 12
4 95 10
95 4 8
4 96 13
96 4 13
4 97 9
97 4 10
4 98 5
98 4 6
4 99 11
99 4 12
4 100 18
100 4 21
14 15 28
15 14 25
14 22 34
22 14 25
14 25 22
25 14 29
14 26 39
26 14 35
14 27 21
27 14 34
14 28 30
28 14 50
14 29 58
29 14 56
14 30 40
30 14 47
14 31 64
31 14 64
14 32 40
32 14 52
14 33 56
33 14 61
14 34 43
34 14 68
14 35 44
35 14 62
14 36 20
36 14 18
14 37 18
37 14 25
14 38 18
38 14 31
14 39 25
39 14 22
14 40 7
40 14 12
14 41 11
41 14 9
14 42 10
42 14 7
14 43 21
43 14 21
14 44 57
44 14 41
14 45 51
45 14 51
14 46 74
46 14 56
14 47 61
47 14 50
14 48 42
48 14 67
14 49 67
49 14 45
14 50 30
50 14 56
14 51 29
51 14 38
14 52 29
52 14 27
14 53 35
53 14 36
14 54 47
54 14 38
14 55 16
55 14 24
14 56 8
56 14 7
14 57 15
57 14 22
14 58 30
58 14 21
14 59 46
59 14 32
14 60 30
60 14 26
14 61 61
61 14 53
14 62 47
62 14 64
14 63 75
63 14 73
14 64 114
64 14 78
14 65 68
65 14 70
14 66 44
66 14 37
14 67 59
67 14 43
14 68 62
68 14 42
14 69 47
69 14 51
14 70 83
70 14 68
14 71 22
71 14 20
14 72 16
72 14 18
14 73 13
73 14 18
14 74 23
74 14 20
14 75 55
75 14 41
14 76 23
76 14 44
14 77 33
77 14 56
14 78 41
78 14 50
14 79 33
79 14 41
14 80 55
80 14 54
14 81 25
81 14 45
14 82 28
82 14 36
14 83 18
83 14 32
14 84 25
84 14 22
14 85 43
85 14 29
14 86 12
86 14 13
14 87 61
87 14 47
14 88 19
88 14 30
14 89 91
89 14 62
14 90 25
90 14 20
14 91 19
91 14 19
14 92 29
92 14 22
14 93 22
93 14 22
14 94 17
94 14 20
14 95 33
95 14 23
14 96 22
96 14 17
14 97 20
97 14 19
14 98 32
98 14 23
14 99 19
99 14 17
14 100 42
100 14 30
15 22 28
22 15 47
15 25 28
25 15 36
15 26 27
26 15 32
15 27 27
27 15 35
15 28 31
28 15 58
15 29 61
29 15 50
15 30 29
30 15 38
15 31 56
31 15 55
15 32 32
32 15 54
15 33 95
33 15 65
15 34 89
34 15 70
15 35 59
35 15 41
15 36 13
36 15 10
15 37 19
37 15 16
15 38 58
38 15 51
15 39 21
39 15 30
15 40 45
40 15 35
15 41 12
41 15 16
15 42 29
42 15 21
15 43 6
43 15 6
15 44 16
44 15 18
15 45 42
45 15 29
15 46 27
46 15 36
15 47 33
47 15 32
15 48 49
48 15 48
15 49 58
49 15 46
15 50 78
50 15 54
15 51 27
51 15 29
15 52 24
52 15 29
15 53 51
53 15 47
15 54 50
54 15 53
15 55 61
55 15 44
15 56 19
56 15 23
15 57 31
57 15 27
15 58 7
58 15 12
15 59 14
59 15 16
15 60 2
60 15 4
15 61 40
61 15 40
15 62 39
62 15 51
15 63 85
63 15 57
15 64 68
64 15 77
15 65 75
65 15 65
15 66 52
66 15 59
15 67 36
67 15 50
15 68 34
68 15 38
15 69 31
69 15 45
15 70 56
70 15 67
15 71 40
71 15 37
15 72 36
72 15 34
15 73 53
73 15 37
15 74 26
74 15 40
15 75 40
75 15 44
15 76 33
76 15 48
15 77 53
77 15 60
15 78 37
78 15 54
15 79 25
79 15 49
15 80 37
80 15 56
15 81 20
81 15 27
15 82 15
82 15 17
15 83 13
83 15 11
15 84 7
84 15 6
15 85 4
85 15 6
15 86 9
86 15 18
15 87 30
87 15 35
15 88 30
88 15 22
15 89 73
89 15 51
15 90 3
90 15 5
15 91 12
91 15 12
15 92 12
92 15 9
15 93 15
93 15 17
15 94 11
94 15 15
15 95 11
95 15 14
15 96 13
96 15 15
15 97 13
97 15 9
15 98 12
98 15 12
15 99 11
99 15 8
15 100 38
100 15 29
22 25 20
25 22 27
22 26 28
26 22 40
22 27 29
27 22 35
22 28 39
28 22 38
22 29 76
29 22 57
22 30 43
30 22 53
22 31 41
31 22 67
22 32 48
32 22 47
22 33 52
33 22 51
22 34 88
34 22 61
22 35 51
35 22 76
22 36 41
36 22 38
22 37 52
37 22 50
22 38 7
38 22 9
22 39 35
39 22 25
22 40 17
40 22 13
22 41 17
41 22 32
22 42 39
42 22 32
22 43 49
43 22 45
22 44 87
44 22 59
22 45 98
45 22 68
22 46 49
46 22 69
22 47 53
47 22 63
22 48 119
48 22 80
22 49 25
49 22 43
22 50 66
50 22 53
22 51 30
51 22 47
22 52 35
52 22 32
22 53 23
53 22 24
22 54 12
54 22 20
22 55 7
55 22 7
22 56 15
56 22 24
22 57 31
57 22 28
22 58 22
58 22 39
22 59 39
59 22 48
22 60 37
60 22 47
22 61 79
61 22 61
22 62 86
62 22 70
22 63 98
63 22 82
22 64 76
64 22 72
22 65 61
65 22 68
22 66 6
66 22 12
22 67 25
67 22 34
22 68 24
68 22 45
22 69 38
69 22 54
22 70 91
70 22 63
22 71 11
71 22 14
22 72 13
72 22 16
22 73 8
73 22 12
22 74 9
74 22 8
22 75 20
75 22 37
22 76 49
76 22 38
22 77 28
77 22 47
22 78 37
78 22 43
22 79 18
79 22 32
22 80 30
80 22 49
22 81 66
81 22 58
22 82 71
82 22 52
22 83 56
83 22 51
22 84 54
84 22 42
22 85 35
85 22 53
22 86 23
86 22 30
22 87 30
87 22 55
22 88 45
88 22 41
22 89 80
89 22 66
22 90 49
90 22 42
22 91 47
91 22 37
22 92 50
92 22 41
22 93 29
93 22 36
22 94 29
94 22 35
22 95 48
95 22 39
22 96 49
96 22 34
22 97 34
97 22 39
22 98 28
98 22 40
22 99 51
99 22 39
22 100 34
100 22 36
25 26 17
26 25 14
25 27 7
27 25 8
25 28 32
28 25 22
25 29 32
29 25 30
25 30 22
30 25 26
25 31 34
31 25 40
25 32 23
32 25 23
25 33 23
33 25 32
25 34 55
34 25 39
25 35 65
35 25 52
25 36 17
36 25 27
25 37 54
37 25 47
25 38 14
38 25 23
25 39 7
39 25 7
25 40 20
40 25 23
25 41 36
41 25 28
25 42 33
42 25 35
25 43 40
43 25 38
25 44 47
44 25 40
25 45 47
45 25 47
25 46 27
46 25 45
25 47 41
47 25 39
25 48 55
48 25 54
25 49 21
49 25 17
25 50 25
50 25 28
25 51 29
51 25 22
25 52 5
52 25 8
25 53 9
53 25 12
25 54 17
54 25 19
25 55 18
55 25 20
25 56 29
56 25 22
25 57 11
57 25 10
25 58 16
58 25 25
25 59 41
59 25 28
25 60 45
60 25 34
25 61 27
61 25 35
25 62 31
62 25 43
25 63 39
63 25 56
25 64 70
64 25 50
25 65 29
65 25 43
25 66 44
66 25 33
25 67 11
67 25 14
25 68 28
68 25 19
25 69 32
69 25 27
25 70 49
70 25 39
25 71 13
71 25 14
25 72 14
72 25 13
25 73 18
73 25 17
25 74 10
74 25 19
25 75 17
75 25 13
25 76 11
76 25 15
25 77 21
77 25 27
25 78 18
78 25 21
25 79 7
79 25 13
25 80 22
80 25 26
25 81 36
81 25 34
25 82 16
82 25 32
25 83 39
83 25 34
25 84 30
84 25 30
25 85 27
85 25 43
25 86 28
86 25 21
25 87 43
87 25 29
25 88 28
88 25 20
25 89 48
89 25 40
25 90 39
90 25 32
25 91 34
91 25 24
25 92 26
92 25 28
25 93 15
93 25 19
25 94 15
94 25 21
25 95 19
95 25 23
25 96 13
96 25 22
25 97 37
97 25 27
25 98 23
98 25 25
25 99 23
99 25 30
25 100 14
100 25 11
26 27 7
27 26 7
26 28 23
28 26 29
26 29 19
29 26 21
26 30 16
30 26 13
26 31 25
31 26 29
26 32 30
32 26 22
26 33 22
33 26 34
26 34 44
34 26 38
26 35 58
35 26 39
26 36 32
36 26 25
26 37 64
37 26 46
26 38 22
38 26 38
26 39 20
39 26 16
26 40 25
40 26 34
26 41 23
41 26 30
26 42 38
42 26 39
26 43 18
43 26 35
26 44 39
44 26 29
26 45 19
45 26 34
26 46 44
46 26 31
26 47 19
47 26 25
26 48 42
48 26 40
26 49 17
49 26 14
26 50 15
50 26 23
26 51 8
51 26 9
26 52 10
52 26 9
26 53 20
53 26 25
26 54 48
54 26 33
26 55 25
55 26 33
26 56 41
56 26 28
26 57 14
57 26 14
26 58 16
58 26 21
26 59 13
59 26 19
26 60 16
60 26 28
26 61 15
61 26 21
26 62 42
62 26 30
26 63 54
63 26 42
26 64 56
64 26 46
26 65 27
65 26 36
26 66 62
66 26 47
26 67 22
67 26 21
26 68 5
68 26 7
26 69 12
69 26 16
26 70 18
70 26 36
26 71 28
71 26 27
26 72 17
72 26 25
26 73 35
73 26 29
26 74 16
74 26 32
26 75 13
75 26 14
26 76 22
76 26 18
26 77 37
77 26 29
26 78 29
78 26 23
26 79 19
79 26 21
26 80 18
80 26 24
26 81 22
81 26 21
26 82 21
82 26 21
26 83 18
83 26 26
26 84 27
84 26 26
26 85 56
85 26 38
26 86 19
86 26 23
26 87 11
87 26 15
26 88 10
88 26 10
26 89 27
89 26 27
26 90 42
90 26 29
26 91 28
91 26 22
26 92 29
92 26 23
26 93 16
93 26 16
26 94 11
94 26 19
26 95 16
95 26 18
26 96 12
96 26 21
26 97 29
97 26 25
26 98 26
98 26 20
26 99 27
99 26 28
26 100 4
100 26 5
27 28 28
28 27 24
27 29 19
29 27 23
27 30 16
30 27 18
27 31 27
31 27 33
27 32 15
32 27 19
27 33 29
33 27 30
27 34 36
34 27 35
27 35 62
35 27 45
27 36 16
36 27 27
27 37 67
37 27 48
27 38 29
38 27 31
27 39 17
39 27 12
27 40 21
40 27 30
27 41 20
41 27 30
27 42 30
42 27 38
27 43 20
43 27 38
27 44 35
44 27 35
27 45 57
45 27 41
27 46 41
46 27 38
27 47 33
47 27 32
27 48 57
48 27 47
27 49 7
49 27 12
27 50 13
50 27 22
27 51 11
51 27 15
27 52 9
52 27 7
27 53 17
53 27 18
27 54 35
54 27 26
27 55 35
55 27 28
27 56 15
56 27 27
27 57 14
57 27 12
27 58 35
58 27 24
27 59 14
59 27 24
27 60 39
60 27 32
27 61 15
61 27 27
27 62 39
62 27 35
27 63 41
63 27 48
27 64 65
64 27 45
27 65 30
65 27 37
27 66 25
66 27 41
27 67 15
67 27 15
27 68 9
68 27 11
27 69 10
69 27 19
27 70 38
70 27 35
27 71 24
71 27 22
27 72 12
72 27 20
27 73 21
73 27 24
27 74 38
74 27 27
27 75 9
75 27 9
27 76 13
76 27 13
27 77 24
77 27 25
27 78 22
78 27 19
27 79 8
79 27 15
27 80 16
80 27 22
27 81 34
81 27 28
27 82 26
82 27 27
27 83 35
83 27 31
27 84 36
84 27 29
27 85 21
85 27 42
27 86 30
86 27 23
27 87 27
87 27 21
27 88 18
88 27 15
27 89 17
89 27 32
27 90 32
90 27 32
27 91 32
91 27 24
27 92 13
92 27 26
27 93 12
93 27 18
27 94 13
94 27 21
27 95 17
95 27 21
27 96 15
96 27 23
27 97 39
97 27 27
27 98 25
98 27 23
27 99 40
99 27 30
27 100 3
100 27 6
28 29 40
29 28 30
28 30 50
30 28 34
28 31 49
31 28 40
28 32 8
32 28 15
28 33 19
33 28 13
28 34 23
34 28 23
28 35 42
35 28 64
28 36 64
36 28 49
28 37 98
37 28 70
28 38 32
38 28 30
28 39 17
39 28 29
28 40 26
40 28 41
28 41 30
41 28 50
28 42 83
42 28 57
28 43 44
43 28 60
28 44 37
44 28 58
28 45 46
45 28 62
28 46 63
46 28 57
28 47 63
47 28 52
28 48 33
48 28 64
28 49 12
49 28 18
28 50 23
50 28 22
28 51 37
51 28 37
28 52 34
52 28 29
28 53 21
53 28 15
28 54 19
54 28 19
28 55 25
55 28 32
28 56 30
56 28 44
28 57 30
57 28 32
28 58 64
58 28 46
28 59 59
59 28 48
28 60 62
60 28 55
28 61 58
61 28 43
28 62 27
62 28 46
28 63 48
63 28 60
28 64 49
64 28 35
28 65 40
65 28 34
28 66 44
66 28 37
28 67 7
67 28 9
28 68 15
68 28 27
28 69 15
69 28 30
28 70 27
70 28 27
28 71 36
71 28 31
28 72 23
72 28 32
28 73 40
73 28 34
28 74 27
74 28 34
28 75 18
75 28 15
28 76 8
76 28 11
28 77 6
77 28 10
28 78 11
78 28 9
28 79 10
79 28 9
28 80 15
80 28 15
28 81 49
81 28 49
28 82 71
82 28 50
28 83 38
83 28 54
28 84 53
84 28 51
28 85 69
85 28 64
28 86 64
86 28 43
28 87 58
87 28 39
28 88 47
88 28 39
28 89 24
89 28 41
28 90 35
90 28 54
28 91 65
91 28 46
28 92 46
92 28 49
28 93 60
93 28 41
28 94 63
94 28 43
28 95 34
95 28 44
28 96 52
96 28 44
28 97 35
97 28 49
28 98 35
98 28 46
28 99 76
99 28 51
28 100 24
100 28 30
29 30 10
30 29 12
29 31 10
31 29 10
29 32 11
32 29 15
29 33 32
33 29 25
29 34 18
34 29 24
29 35 56
35 29 38
29 36 54
36 29 45
29 37 63
37 29 65
29 38 60
38 29 52
29 39 37
39 29 35
29 40 65
40 29 53
29 41 60
41 29 51
29 42 79
42 29 59
29 43 77
43 29 54
29 44 40
44 29 40
29 45 33
45 29 40
29 46 21
46 29 32
29 47 31
47 29 28
29 48 18
48 29 35
29 49 19
49 29 15
29 50 11
50 29 9
29 51 16
51 29 21
29 52 30
52 29 29
29 53 50
53 29 35
29 54 29
54 29 43
29 55 58
55 29 50
29 56 59
56 29 49
29 57 34
57 29 34
29 58 27
58 29 41
29 59 29
59 29 34
29 60 24
60 29 45
29 61 15
61 29 16
29 62 16
62 29 16
29 63 18
63 29 30
29 64 33
64 29 28
29 65 11
65 29 16
29 66 47
66 29 61
29 67 24
67 29 26
29 68 17
68 29 13
29 69 7
69 29 5
29 70 27
70 29 19
29 71 42
71 29 45
29 72 43
72 29 43
29 73 39
73 29 47
29 74 67
74 29 50
29 75 14
75 29 20
29 76 31
76 29 21
29 77 13
77 29 22
29 78 12
78 29 21
29 79 34
79 29 28
29 80 18
80 29 16
29 81 16
81 29 28
29 82 22
82 29 35
29 83 35
83 29 41
29 84 50
84 29 45
29 85 73
85 29 55
29 86 44
86 29 43
29 87 22
87 29 16
29 88 37
88 29 29
29 89 11
89 29 11
29 90 26
90 29 48
29 91 51
91 29 42
29 92 55
92 29 42
29 93 38
93 29 36
29 94 29
94 29 39
29 95 47
95 29 38
29 96 59
96 29 42
29 97 32
97 29 44
29 98 58
98 29 39
29 99 36
99 29 47
29 100 20
100 29 25
30 31 11
31 30 17
30 32 22
32 30 22
30 33 21
33 30 34
30 34 32
34 30 35
30 35 24
35 30 30
30 36 48
36 30 34
30 37 69
37 30 54
30 38 25
38 30 49
30 39 21
39 30 28
30 40 37
40 30 46
30 41 33
41 30 41
30 42 49
42 30 50
30 43 49
43 30 43
30 44 21
44 30 29
30 45 38
45 30 29
30 46 33
46 30 23
30 47 12
47 30 18
30 48 36
48 30 30
30 49 16
49 30 17
30 50 18
50 30 19
30 51 6
51 30 10
30 52 17
52 30 22
30 53 47
53 30 35
30 54 63
54 30 43
30 55 40
55 30 46
30 56 58
56 30 40
30 57 13
57 30 26
30 58 31
58 30 30
30 59 15
59 30 23
30 60 40
60 30 34
30 61 7
61 30 9
30 62 14
62 30 17
30 63 44
63 30 30
30 64 54
64 30 40
30 65 38
65 30 28
30 66 60
66 30 59
30 67 36
67 30 28
30 68 8
68 30 8
30 69 6
69 30 7
30 70 28
70 30 30
30 71 27
71 30 39
30 72 22
72 30 37
30 73 33
73 30 41
30 74 49
74 30 44
30 75 12
75 30 21
30 76 22
76 30 24
30 77 31
77 30 30
30 78 26
78 30 26
30 79 19
79 30 29
30 80 26
80 30 24
30 81 13
81 30 17
30 82 16
82 30 23
30 83 43
83 30 29
30 84 44
84 30 34
30 85 46
85 30 43
30 86 47
86 30 34
30 87 5
87 30 5
30 88 22
88 30 18
30 89 14
89 30 15
30 90 25
90 30 37
30 91 18
91 30 31
30 92 19
92 30 31
30 93 16
93 30 25
30 94 28
94 30 28
30 95 23
95 30 27
30 96 25
96 30 31
30 97 45
97 30 33
30 98 27
98 30 28
30 99 36
99 30 36
30 100 13
100 30 17
31 32 21
32 31 25
31 33 22
33 31 33
31 34 33
34 31 28
31 35 34
35 31 34
31 36 58
36 31 51
31 37 41
37 31 71
31 38 45
38 31 62
31 39 27
39 31 44
31 40 36
40 31 62
31 41 32
41 31 58
31 42 50
42 31 67
31 43 61
43 31 60
31 44 36
44 31 42
31 45 38
45 31 39
31 46 21
46 31 30
31 47 17
47 31 28
31 48 31
48 31 29
31 49 21
49 31 25
31 50 26
50 31 18
31 51 31
51 31 27
31 52 47
52 31 38
31 53 58
53 31 46
31 54 38
54 31 54
31 55 59
55 31 60
31 56 43
56 31 57
31 57 47
57 31 43
31 58 66
58 31 47
31 59 55
59 31 39
31 60 71
60 31 50
31 61 14
61 31 16
31 62 10
62 31 8
31 63 17
63 31 22
31 64 31
64 31 28
31 65 11
65 31 15
31 66 71
66 31 72
31 67 36
67 31 37
31 68 29
68 31 22
31 69 16
69 31 13
31 70 24
70 31 22
31 71 78
71 31 54
31 72 36
72 31 53
31 73 78
73 31 57
31 74 68
74 31 59
31 75 41
75 31 30
31 76 43
76 31 32
31 77 16
77 31 31
31 78 16
78 31 30
31 79 51
79 31 38
31 80 17
80 31 25
31 81 37
81 31 30
31 82 39
82 31 38
31 83 23
83 31 45
31 84 26
84 31 51
31 85 63
85 31 59
31 86 37
86 31 51
31 87 12
87 31 19
31 88 33
88 31 35
31 89 2
89 31 4
31 90 45
90 31 54
31 91 44
91 31 49
31 92 32
92 31 48
31 93 29
93 31 43
31 94 66
94 31 46
31 95 22
95 31 44
31 96 48
96 31 49
31 97 44
97 31 50
31 98 38
98 31 45
31 99 47
99 31 53
31 100 41
100 31 34
32 33 13
33 32 12
32 34 18
34 32 16
32 35 32
35 32 52
32 36 35
36 32 46
32 37 51
37 32 67
32 38 25
38 32 41
32 39 40
39 32 30
32 40 30
40 32 46
32 41 34
41 32 49
32 42 55
42 32 57
32 43 80
43 32 57
32 44 26
44 32 49
32 45 55
45 32 51
32 46 37
46 32 45
32 47 54
47 32 40
32 48 54
48 32 50
32 49 8
49 32 8
32 50 4
50 32 7
32 51 34
51 32 28
32 52 35
52 32 26
32 53 33
53 32 23
32 54 30
54 32 31
32 55 47
55 32 40
32 56 23
56 32 45
32 57 29
57 32 31
32 58 29
58 32 43
32 59 29
59 32 40
32 60 35
60 32 50
32 61 21
61 32 30
32 62 30
62 32 31
32 63 38
63 32 45
32 64 17
64 32 27
32 65 27
65 32 21
32 66 58
66 32 49
32 67 13
67 32 13
32 68 17
68 32 17
32 69 20
69 32 16
32 70 20
70 32 16
32 71 32
71 32 36
32 72 47
72 32 36
32 73 47
73 32 39
32 74 28
74 32 41
32 75 8
75 32 11
32 76 13
76 32 9
32 77 4
77 32 8
32 78 7
78 32 6
32 79 19
79 32 15
32 80 4
80 32 3
32 81 27
81 32 38
32 82 50
82 32 42
32 83 67
83 32 47
32 84 25
84 32 48
32 85 57
85 32 60
32 86 35
86 32 42
32 87 39
87 32 27
32 88 41
88 32 32
32 89 37
89 32 27
32 90 41
90 32 50
32 91 59
91 32 43
32 92 35
92 32 45
32 93 19
93 32 37
32 94 24
94 32 40
32 95 44
95 32 40
32 96 46
96 32 42
32 97 49
97 32 46
32 98 37
98 32 42
32 99 27
99 32 49
32 100 21
100 32 25
33 34 8
34 33 10
33 35 82
35 33 63
33 36 67
36 33 57
33 37 48
37 33 78
33 38 51
38 33 43
33 39 37
39 33 39
33 40 51
40 33 53
33 41 57
41 33 59
33 42 75
42 33 67
33 43 46
43 33 68
33 44 66
44 33 61
33 45 81
45 33 63
33 46 30
46 33 57
33 47 29
47 33 52
33 48 33
48 33 60
33 49 23
49 33 20
33 50 22
50 33 16
33 51 47
51 33 40
33 52 28
52 33 37
33 53 28
53 33 27
33 54 39
54 33 32
33 55 35
55 33 44
33 56 54
56 33 54
33 57 48
57 33 41
33 58 50
58 33 54
33 59 28
59 33 52
33 60 49
60 33 61
33 61 33
61 33 41
33 62 22
62 33 40
33 63 40
63 33 54
33 64 25
64 33 22
33 65 14
65 33 24
33 66 44
66 33 50
33 67 13
67 33 18
33 68 35
68 33 29
33 69 31
69 33 28
33 70 14
70 33 15
33 71 32
71 33 43
33 72 40
72 33 43
33 73 47
73 33 46
33 74 27
74 33 47
33 75 23
75 33 21
33 76 13
76 33 17
33 77 7
77 33 5
33 78 8
78 33 11
33 79 18
79 33 20
33 80 10
80 33 10
33 81 37
81 33 51
33 82 46
82 33 54
33 83 67
83 33 59
33 84 68
84 33 59
33 85 74
85 33 71
33 86 28
86 33 52
33 87 37
87 33 39
33 88 27
88 33 44
33 89 50
89 33 36
33 90 44
90 33 62
33 91 66
91 33 54
33 92 65
92 33 56
33 93 61
93 33 48
33 94 60
94 33 51
33 95 62
95 33 51
33 96 38
96 33 52
33 97 73
97 33 57
33 98 39
98 33 53
33 99 89
99 33 60
33 100 22
100 33 36
34 35 71
35 34 61
34 36 92
36 34 62
34 37 51
37 34 83
34 38 57
38 34 53
34 39 42
39 34 46
34 40 66
40 34 62
34 41 90
41 34 66
34 42 100
42 34 74
34 43 60
43 34 73
34 44 66
44 34 63
34 45 49
45 34 63
34 46 40
46 34 56
34 47 33
47 34 52
34 48 50
48 34 57
34 49 18
49 34 24
34 50 8
50 34 16
34 51 59
51 34 42
34 52 24
52 34 43
34 53 50
53 34 36
34 54 42
54 34 42
34 55 50
55 34 53
34 56 58
56 34 61
34 57 46
57 34 47
34 58 32
58 34 59
34 59 34
59 34 55
34 60 93
60 34 65
34 61 32
61 34 40
34 62 41
62 34 36
34 63 66
63 34 49
34 64 12
64 34 12
34 65 20
65 34 16
34 66 39
66 34 60
34 67 30
67 34 27
34 68 20
68 34 32
34 69 35
69 34 28
34 70 10
70 34 7
34 71 71
71 34 52
34 72 70
72 34 52
34 73 50
73 34 55
34 74 75
74 34 56
34 75 20
75 34 27
34 76 15
76 34 24
34 77 10
77 34 13
34 78 21
78 34 18
34 79 39
79 34 29
34 80 7
80 34 14
34 81 55
81 34 51
34 82 28
82 34 56
34 83 92
83 34 62
34 84 80
84 34 64
34 85 65
85 34 75
34 86 63
86 34 58
34 87 27
87 34 39
34 88 59
88 34 48
34 89 22
89 34 32
34 90 68
90 34 66
34 91 72
91 34 59
34 92 78
92 34 61
34 93 79
93 34 53
34 94 56
94 34 56
34 95 29
95 34 56
34 96 81
96 34 58
34 97 47
97 34 62
34 98 59
98 34 58
34 99 82
99 34 65
34 100 30
100 34 41
35 36 43
36 35 44
35 37 37
37 35 55
35 38 62
38 35 75
35 39 52
39 35 52
35 40 55
40 35 66
35 41 53
41 35 53
35 42 81
42 35 61
35 43 29
43 35 47
35 44 22
44 35 22
35 45 12
45 35 12
35 46 8
46 35 7
35 47 12
47 35 13
35 48 7
48 35 9
35 49 39
49 35 47
35 50 39
50 35 47
35 51 24
51 35 30
35 52 34
52 35 45
35 53 74
53 35 63
35 54 86
54 35 71
35 55 95
55 35 70
35 56 49
56 35 57
35 57 52
57 35 48
35 58 24
58 35 41
35 59 20
59 35 30
35 60 21
60 35 37
35 61 17
61 35 22
35 62 17
62 35 27
35 63 24
63 35 21
35 64 92
64 35 62
35 65 30
65 35 49
35 66 70
66 35 85
35 67 63
67 35 58
35 68 29
68 35 37
35 69 25
69 35 35
35 70 31
70 35 56
35 71 51
71 35 63
35 72 62
72 35 60
35 73 72
73 35 64
35 74 77
74 35 68
35 75 45
75 35 50
35 76 75
76 35 53
35 77 59
77 35 59
35 78 35
78 35 56
35 79 71
79 35 58
35 80 63
80 35 53
35 81 16
81 35 18
35 82 23
82 35 26
35 83 23
83 35 30
35 84 45
84 35 40
35 85 28
85 35 42
35 86 39
86 35 49
35 87 33
87 35 25
35 88 37
88 35 34
35 89 43
89 35 30
35 90 42
90 35 43
35 91 50
91 35 43
35 92 44
92 35 39
35 93 44
93 35 41
35 94 42
94 35 43
35 95 21
95 35 39
35 96 52
96 35 45
35 97 39
97 35 42
35 98 20
98 35 38
35 99 37
99 35 44
35 100 24
100 35 41
36 37 22
37 36 21
36 38 32
38 36 41
36 39 31
39 36 21
36 40 18
40 36 26
36 41 10
41 36 9
36 42 19
42 36 17
36 43 13
43 36 11
36 44 30
44 36 23
36 45 48
45 36 33
36 46 27
46 36 38
36 47 36
47 36 33
36 48 73
48 36 50
36 49 50
49 36 38
36 50 31
50 36 48
36 51 17
51 36 24
36 52 11
52 36 20
36 53 49
53 36 38
36 54 35
54 36 43
36 55 20
55 36 34
36 56 20
56 36 14
36 57 25
57 36 17
36 58 3
58 36 4
36 59 18
59 36 14
36 60 6
60 36 9
36 61 21
61 36 38
36 62 51
62 36 49
36 63 81
63 36 57
36 64 39
64 36 71
36 65 63
65 36 60
36 66 67
66 36 49
36 67 58
67 36 41
36 68 28
68 36 32
36 69 51
69 36 40
36 70 50
70 36 61
36 71 32
71 36 27
36 72 30
72 36 24
36 73 34
73 36 27
36 74 22
74 36 30
36 75 35
75 36 36
36 76 43
76 36 40
36 77 66
77 36 52
36 78 48
78 36 46
36 79 29
79 36 40
36 80 71
80 36 49
36 81 31
81 36 27
36 82 12
82 36 18
36 83 9
83 36 14
36 84 2
84 36 4
36 85 13
85 36 16
36 86 8
86 36 8
36 87 22
87 36 32
36 88 12
88 36 16
36 89 66
89 36 48
36 90 7
90 36 5
36 91 3
91 36 3
36 92 4
92 36 4
36 93 6
93 36 9
36 94 8
94 36 6
36 95 6
95 36 7
36 96 3
96 36 5
36 97 1
97 36 1
36 98 3
98 36 6
36 99 4
99 36 3
36 100 17
100 36 21
37 38 82
38 37 55
37 39 52
39 37 40
37 40 51
40 37 37
37 41 22
41 37 20
37 42 18
42 37 18
37 43 13
43 37 11
37 44 22
44 37 33
37 45 26
45 37 43
37 46 51
46 37 51
37 47 47
47 37 48
37 48 62
48 37 63
37 49 49
49 37 59
37 50 40
50 37 69
37 51 41
51 37 44
37 52 22
52 37 41
37 53 33
53 37 57
37 54 58
54 37 61
37 55 66
55 37 49
37 56 31
56 37 28
37 57 28
57 37 37
37 58 14
58 37 25
37 59 35
59 37 31
37 60 25
60 37 20
37 61 72
61 37 56
37 62 68
62 37 67
37 63 89
63 37 73
37 64 102
64 37 92
37 65 63
65 37 81
37 66 47
66 37 62
37 67 90
67 37 61
37 68 62
68 37 53
37 69 32
69 37 60
37 70 56
70 37 82
37 71 37
71 37 43
37 72 31
72 37 41
37 73 40
73 37 42
37 74 37
74 37 44
37 75 84
75 37 57
37 76 77
76 37 61
37 77 96
77 37 73
37 78 62
78 37 67
37 79 59
79 37 60
37 80 56
80 37 70
37 81 38
81 37 43
37 82 22
82 37 33
37 83 23
83 37 27
37 84 15
84 37 20
37 85 12
85 37 13
37 86 35
86 37 26
37 87 47
87 37 51
37 88 32
88 37 36
37 89 84
89 37 67
37 90 21
90 37 17
37 91 27
91 37 24
37 92 13
92 37 23
37 93 29
93 37 30
37 94 26
94 37 28
37 95 20
95 37 28
37 96 28
96 37 26
37 97 24
97 37 21
37 98 15
98 37 26
37 99 19
99 37 18
37 100 27
100 37 42
38 39 13
39 38 24
38 40 24
40 38 19
38 41 44
41 38 36
38 42 20
42 38 38
38 43 36
43 38 49
38 44 71
44 38 60
38 45 36
45 38 68
38 46 42
46 38 68
38 47 45
47 38 62
38 48 50
48 38 78
38 49 24
49 38 37
38 50 36
50 38 47
38 51 27
51 38 45
38 52 23
52 38 30
38 53 12
53 38 17
38 54 16
54 38 11
38 55 6
55 38 7
38 56 20
56 38 28
38 57 30
57 38 28
38 58 24
58 38 41
38 59 56
59 38 48
38 60 26
60 38 49
38 61 40
61 38 58
38 62 42
62 38 66
38 63 66
63 38 79
38 64 54
64 38 65
38 65 45
65 38 62
38 66 9
66 38 10
38 67 23
67 38 27
38 68 59
68 38 42
38 69 68
69 38 50
38 70 39
70 38 56
38 71 9
71 38 14
38 72 12
72 38 17
38 73 20
73 38 14
38 74 15
74 38 11
38 75 21
75 38 32
38 76 36
76 38 32
38 77 24
77 38 40
38 78 42
78 38 36
38 79 26
79 38 25
38 80 44
80 38 42
38 81 61
81 38 57
38 82 33
82 38 52
38 83 36
83 38 53
38 84 54
84 38 45
38 85 71
85 38 56
38 86 24
86 38 33
38 87 76
87 38 52
38 88 36
88 38 41
38 89 64
89 38 62
38 90 57
90 38 46
38 91 28
91 38 39
38 92 47
92 38 43
38 93 46
93 38 37
38 94 31
94 38 37
38 95 33
95 38 41
38 96 30
96 38 36
38 97 43
97 38 42
38 98 31
98 38 42
38 99 55
99 38 42
38 100 36
100 38 34
39 40 15
40 39 18
39 41 13
41 39 21
39 42 16
42 39 28
39 43 46
43 39 31
39 44 40
44 39 36
39 45 42
45 39 44
39 46 26
46 39 45
39 47 19
47 39 38
39 48 47
48 39 55
39 49 13
49 39 23
39 50 31
50 39 34
39 51 23
51 39 22
39 52 7
52 39 7
39 53 16
53 39 17
39 54 29
54 39 23
39 55 11
55 39 18
39 56 18
56 39 15
39 57 3
57 39 4
39 58 10
58 39 19
39 59 28
59 39 25
39 60 24
60 39 28
39 61 21
61 39 37
39 62 45
62 39 46
39 63 33
63 39 58
39 64 30
64 39 56
39 65 29
65 39 49
39 66 37
66 39 34
39 67 23
67 39 21
39 68 32
68 39 22
39 69 42
69 39 31
39 70 64
70 39 46
39 71 7
71 39 11
39 72 7
72 39 9
39 73 12
73 39 13
39 74 11
74 39 16
39 75 16
75 39 19
39 76 29
76 39 22
39 77 41
77 39 34
39 78 40
78 39 28
39 79 20
79 39 20
39 80 20
80 39 32
39 81 40
81 39 33
39 82 41
82 39 29
39 83 20
83 39 29
39 84 27
84 39 24
39 85 38
85 39 37
39 86 19
86 39 14
39 87 24
87 39 30
39 88 25
88 39 17
39 89 35
89 39 43
39 90 26
90 39 26
39 91 13
91 39 18
39 92 11
92 39 22
39 93 12
93 39 14
39 94 17
94 39 15
39 95 26
95 39 18
39 96 10
96 39 16
39 97 31
97 39 21
39 98 26
98 39 20
39 99 14
99 39 23
39 100 12
100 39 11
40 41 20
41 40 19
40 42 22
42 40 19
40 43 35
43 40 32
40 44 46
44 40 48
40 45 59
45 40 57
40 46 42
46 40 60
40 47 72
47 40 54
40 48 80
48 40 71
40 49 48
49 40 40
40 50 53
50 40 51
40 51 58
51 40 39
40 52 37
52 40 25
40 53 26
53 40 27
40 54 21
54 40 26
40 55 15
55 40 12
40 56 15
56 40 11
40 57 24
57 40 20
40 58 14
58 40 27
40 59 21
59 40 37
40 60 43
60 40 34
40 61 48
61 40 54
40 62 35
62 40 64
40 63 43
63 40 75
40 64 70
64 40 73
40 65 57
65 40 66
40 66 16
66 40 25
40 67 40
67 40 35
40 68 29
68 40 40
40 69 73
69 40 49
40 70 69
70 40 63
40 71 7
71 40 10
40 72 5
72 40 10
40 73 7
73 40 7
40 74 8
74 40 8
40 75 19
75 40 35
40 76 21
76 40 38
40 77 59
77 40 49
40 78 25
78 40 44
40 79 23
79 40 33
40 80 31
80 40 48
40 81 64
81 40 48
40 82 47
82 40 41
40 83 56
83 40 39
40 84 27
84 40 30
40 85 27
85 40 40
40 86 9
86 40 18
40 87 58
87 40 48
40 88 25
88 40 32
40 89 79
89 40 61
40 90 38
90 40 29
40 91 36
91 40 25
40 92 29
92 40 29
40 93 19
93 40 26
40 94 24
94 40 24
40 95 32
95 40 28
40 96 26
96 40 22
40 97 33
97 40 27
40 98 34
98 40 29
40 99 20
99 40 26
40 100 40
100 40 29
41 42 13
42 41 9
41 43 15
43 41 13
41 44 24
44 41 32
41 45 59
45 41 42
41 46 63
46 41 47
41 47 38
47 41 41
41 48 77
48 41 58
41 49 37
49 41 42
41 50 35
50 41 52
41 51 24
51 41 31
41 52 25
52 41 23
41 53 26
53 41 37
41 54 35
54 41 41
41 55 19
55 41 29
41 56 10
56 41 8
41 57 13
57 41 18
41 58 10
58 41 12
41 59 15
59 41 23
41 60 11
60 41 17
41 61 30
61 41 46
41 62 36
62 41 57
41 63 73
63 41 65
41 64 81
64 41 75
41 65 87
65 41 66
41 66 24
66 41 44
41 67 40
67 41 42
41 68 19
68 41 37
41 69 68
69 41 46
41 70 45
70 41 65
41 71 15
71 41 23
41 72 11
72 41 21
41 73 23
73 41 22
41 74 14
74 41 25
41 75 49
75 41 39
41 76 26
76 41 42
41 77 55
77 41 54
41 78 53
78 41 48
41 79 36
79 41 41
41 80 63
80 41 52
41 81 52
81 41 36
41 82 21
82 41 27
41 83 23
83 41 23
41 84 14
84 41 13
41 85 24
85 41 21
41 86 6
86 41 7
41 87 28
87 41 40
41 88 12
88 41 23
41 89 41
89 41 55
41 90 12
90 41 11
41 91 14
91 41 10
41 92 14
92 41 13
41 93 17
93 41 15
41 94 14
94 41 12
41 95 12
95 41 15
41 96 5
96 41 9
41 97 10
97 41 10
41 98 20
98 41 14
41 99 5
99 41 8
41 100 26
100 41 25
42 43 22
43 42 16
42 44 29
44 42 39
42 45 68
45 42 50
42 46 60
46 42 55
42 47 58
47 42 50
42 48 37
48 42 67
42 49 34
49 42 50
42 50 58
50 42 61
42 51 43
51 42 40
42 52 39
52 42 31
42 53 26
53 42 43
42 54 59
54 42 45
42 55 43
55 42 31
42 56 8
56 42 13
42 57 27
57 42 26
42 58 21
58 42 21
42 59 46
59 42 32
42 60 15
60 42 24
42 61 65
61 42 55
42 62 37
62 42 66
42 63 40
63 42 74
42 64 116
64 42 83
42 65 100
65 42 75
42 66 59
66 42 44
42 67 44
67 42 49
42 68 61
68 42 46
42 69 30
69 42 55
42 70 88
70 42 73
42 71 26
71 42 27
42 72 18
72 42 25
42 73 20
73 42 25
42 74 26
74 42 27
42 75 49
75 42 47
42 76 62
76 42 50
42 77 76
77 42 62
42 78 44
78 42 56
42 79 46
79 42 47
42 80 53
80 42 60
42 81 59
81 42 45
42 82 33
82 42 35
42 83 29
83 42 30
42 84 27
84 42 20
42 85 16
85 42 24
42 86 15
86 42 16
42 87 60
87 42 49
42 88 17
88 42 32
42 89 79
89 42 64
42 90 24
90 42 18
42 91 26
91 42 19
42 92 11
92 42 22
42 93 20
93 42 24
42 94 17
94 42 21
42 95 33
95 42 24
42 96 22
96 42 18
42 97 16
97 42 18
42 98 34
98 42 23
42 99 13
99 42 16
42 100 20
100 42 34
43 44 33
44 43 25
43 45 22
45 43 35
43 46 21
46 43 42
43 47 44
47 43 38
43 48 60
48 43 54
43 49 44
49 43 49
43 50 55
50 43 58
43 51 21
51 43 33
43 52 31
52 43 31
43 53 52
53 43 48
43 54 65
54 43 53
43 55 22
55 43 42
43 56 13
56 43 21
43 57 30
57 43 28
43 58 20
58 43 14
43 59 13
59 43 21
43 60 13
60 43 10
43 61 61
61 43 46
43 62 29
62 43 57
43 63 46
63 43 63
43 64 114
64 43 81
43 65 40
65 43 70
43 66 42
66 43 57
43 67 56
67 43 51
43 68 28
68 43 42
43 69 31
69 43 49
43 70 83
70 43 71
43 71 18
71 43 36
43 72 48
72 43 33
43 73 47
73 43 35
43 74 34
74 43 38
43 75 44
75 43 47
43 76 71
76 43 51
43 77 57
77 43 63
43 78 70
78 43 57
43 79 51
79 43 51
43 80 46
80 43 59
43 81 25
81 43 33
43 82 26
82 43 23
43 83 23
83 43 17
43 84 7
84 43 9
43 85 9
85 43 8
43 86 18
86 43 17
43 87 22
87 43 41
43 88 34
88 43 25
43 89 74
89 43 56
43 90 7
90 43 6
43 91 7
91 43 14
43 92 17
92 43 12
43 93 28
93 43 20
43 94 11
94 43 17
43 95 10
95 43 17
43 96 10
96 43 16
43 97 10
97 43 10
43 98 8
98 43 15
43 99 5
99 43 8
43 100 40
100 43 31
44 45 16
45 44 11
44 46 16
46 44 18
44 47 12
47 44 16
44 48 37
48 44 30
44 49 53
49 44 42
44 50 63
50 44 47
44 51 26
51 44 22
44 52 41
52 44 32
44 53 26
53 44 52
44 54 76
54 44 59
44 55 46
55 44 54
44 56 45
56 44 37
44 57 20
57 44 32
44 58 22
58 44 21
44 59 14
59 44 12
44 60 9
60 44 15
44 61 24
61 44 27
44 62 21
62 44 37
44 63 53
63 44 40
44 64 48
64 44 68
44 65 80
65 44 55
44 66 84
66 44 69
44 67 51
67 44 50
44 68 26
68 44 32
44 69 30
69 44 36
44 70 45
70 44 59
44 71 63
71 44 47
44 72 34
72 44 43
44 73 65
73 44 47
44 74 52
74 44 51
44 75 42
75 44 43
44 76 60
76 44 47
44 77 82
77 44 57
44 78 57
78 44 52
44 79 40
79 44 50
44 80 36
80 44 51
44 81 13
81 44 13
44 82 11
82 44 8
44 83 7
83 44 9
44 84 12
84 44 19
44 85 15
85 44 20
44 86 25
86 44 30
44 87 20
87 44 24
44 88 19
88 44 20
44 89 42
89 44 38
44 90 23
90 44 21
44 91 13
91 44 23
44 92 25
92 44 18
44 93 32
93 44 23
44 94 17
94 44 24
44 95 16
95 44 19
44 96 23
96 44 25
44 97 21
97 44 21
44 98 20
98 44 18
44 99 33
99 44 23
44 100 15
100 44 29
45 46 10
46 45 10
45 47 15
47 45 12
45 48 17
48 45 20
45 49 32
49 45 45
45 50 31
50 45 48
45 51 14
51 45 25
45 52 56
52 45 39
45 53 46
53 45 58
45 54 53
54 45 66
45 55 76
55 45 62
45 56 37
56 45 47
45 57 38
57 45 40
45 58 18
58 45 31
45 59 11
59 45 21
45 60 27
60 45 26
45 61 17
61 45 24
45 62 48
62 45 33
45 63 16
63 45 32
45 64 40
64 45 66
45 65 72
65 45 53
45 66 81
66 45 77
45 67 38
67 45 54
45 68 31
68 45 35
45 69 32
69 45 36
45 70 42
70 45 58
45 71 28
71 45 55
45 72 32
72 45 52
45 73 39
73 45 56
45 74 82
74 45 60
45 75 34
75 45 47
45 76 62
76 45 51
45 77 60
77 45 59
45 78 53
78 45 55
45 79 35
79 45 55
45 80 54
80 45 53
45 81 19
81 45 13
45 82 23
82 45 16
45 83 28
83 45 19
45 84 16
84 45 29
45 85 42
85 45 30
45 86 49
86 45 40
45 87 31
87 45 24
45 88 39
88 45 27
45 89 39
89 45 35
45 90 25
90 45 32
45 91 43
91 45 33
45 92 42
92 45 29
45 93 20
93 45 32
45 94 47
94 45 33
45 95 36
95 45 29
45 96 28
96 45 35
45 97 19
97 45 32
45 98 23
98 45 28
45 99 25
99 45 33
45 100 42
100 45 35
46 47 7
47 46 6
46 48 7
48 46 12
46 49 56
49 46 40
46 50 50
50 46 41
46 51 29
51 46 23
46 52 42
52 46 38
46 53 32
53 46 56
46 54 75
54 46 64
46 55 52
55 46 63
46 56 25
56 46 50
46 57 57
57 46 41
46 58 33
58 46 35
46 59 28
59 46 24
46 60 19
60 46 32
46 61 9
61 46 16
46 62 19
62 46 23
46 63 29
63 46 22
46 64 39
64 46 58
46 65 56
65 46 44
46 66 89
66 46 78
46 67 51
67 46 51
46 68 24
68 46 30
46 69 18
69 46 29
46 70 45
70 46 50
46 71 58
71 46 56
46 72 38
72 46 53
46 73 65
73 46 57
46 74 42
74 46 61
46 75 43
75 46 43
46 76 45
76 46 46
46 77 60
77 46 53
46 78 69
78 46 50
46 79 55
79 46 51
46 80 27
80 46 47
46 81 10
81 46 11
46 82 10
82 46 20
46 83 33
83 46 25
46 84 33
84 46 35
46 85 46
85 46 38
46 86 42
86 46 43
46 87 12
87 46 18
46 88 33
88 46 27
46 89 26
89 46 25
46 90 50
90 46 38
46 91 31
91 46 37
46 92 40
92 46 34
46 93 33
93 46 34
46 94 31
94 46 36
46 95 30
95 46 32
46 96 52
96 46 39
46 97 21
97 46 37
46 98 19
98 46 32
46 99 40
99 46 39
46 100 41
100 46 34
47 48 19
48 47 17
47 49 47
49 47 34
47 50 25
50 47 36
47 51 24
51 47 17
47 52 22
52 47 32
47 53 42
53 47 50
47 54 61
54 47 58
47 55 51
55 47 57
47 56 59
56 47 44
47 57 23
57 47 35
47 58 40
58 47 29
47 59 14
59 47 18
47 60 19
60 47 28
47 61 7
61 47 13
47 62 19
62 47 22
47 63 25
63 47 25
47 64 67
64 47 55
47 65 51
65 47 42
47 66 44
66 47 72
47 67 43
67 47 45
47 68 33
68 47 25
47 69 12
69 47 24
47 70 56
70 47 47
47 71 28
71 47 50
47 72 36
72 47 47
47 73 29
73 47 51
47 74 58
74 47 55
47 75 40
75 47 37
47 76 38
76 47 41
47 77 70
77 47 48
47 78 47
78 47 44
47 79 61
79 47 46
47 80 41
80 47 42
47 81 4
81 47 5
47 82 18
82 47 15
47 83 11
83 47 21
47 84 23
84 47 30
47 85 39
85 47 35
47 86 33
86 47 37
47 87 18
87 47 13
47 88 23
88 47 21
47 89 22
89 47 23
47 90 17
90 47 33
47 91 16
91 47 31
47 92 32
92 47 28
47 93 25
93 47 28
47 94 20
94 47 30
47 95 14
95 47 26
47 96 19
96 47 33
47 97 46
97 47 31
47 98 22
98 47 27
47 99 30
99 47 34
47 100 25
100 47 28
48 49 63
49 48 46
48 50 26
50 48 44
48 51 25
51 48 33
48 52 25
52 48 48
48 53 68
53 48 64
48 54 37
54 48 72
48 55 105
55 48 73
48 56 33
56 48 62
48 57 45
57 48 52
48 58 43
58 48 46
48 59 26
59 48 36
48 60 39
60 48 44
48 61 30
61 48 21
48 62 16
62 48 21
48 63 14
63 48 13
48 64 33
64 48 57
48 65 48
65 48 43
48 66 82
66 48 88
48 67 46
67 48 58
48 68 55
68 48 37
48 69 30
69 48 33
48 70 38
70 48 51
48 71 38
71 48 66
48 72 66
72 48 64
48 73 51
73 48 68
48 74 93
74 48 71
48 75 66
75 48 50
48 76 77
76 48 53
48 77 78
77 48 57
48 78 69
78 48 55
48 79 68
79 48 58
48 80 55
80 48 51
48 81 22
81 48 23
48 82 33
82 48 32
48 83 34
83 48 37
48 84 59
84 48 47
48 85 52
85 48 50
48 86 76
86 48 55
48 87 18
87 48 26
48 88 22
88 48 39
48 89 29
89 48 25
48 90 73
90 48 50
48 91 42
91 48 48
48 92 36
92 48 46
48 93 50
93 48 46
48 94 46
94 48 48
48 95 50
95 48 44
48 96 34
96 48 51
48 97 44
97 48 49
48 98 35
98 48 44
48 99 76
99 48 51
48 100 60
100 48 44
49 50 8
50 49 11
49 51 11
51 49 20
49 52 19
52 49 19
49 53 14
53 49 21
49 54 24
54 49 29
49 55 43
55 49 36
49 56 48
56 49 38
49 57 21
57 49 24
49 58 30
58 49 35
49 59 48
59 49 33
49 60 60
60 49 42
49 61 27
61 49 25
49 62 36
62 49 30
49 63 32
63 49 44
49 64 35
64 49 34
49 65 23
65 49 26
49 66 53
66 49 47
49 67 15
67 49 12
49 68 7
68 49 10
49 69 14
69 49 13
49 70 30
70 49 23
49 71 25
71 49 31
49 72 33
72 49 30
49 73 32
73 49 34
49 74 44
74 49 36
49 75 6
75 49 5
49 76 4
76 49 7
49 77 8
77 49 15
49 78 5
78 49 10
49 79 8
79 49 13
49 80 12
80 49 11
49 81 27
81 49 32
49 82 49
82 49 34
49 83 36
83 49 39
49 84 27
84 49 40
49 85 35
85 49 52
49 86 34
86 49 35
49 87 25
87 49 22
49 88 15
88 49 24
49 89 23
89 49 26
49 90 56
90 49 43
49 91 32
91 49 35
49 92 27
92 49 37
49 93 21
93 49 29
49 94 17
94 49 32
49 95 22
95 49 32
49 96 43
96 49 34
49 97 40
97 49 38
49 98 29
98 49 34
49 99 33
99 49 41
49 100 13
100 49 17
50 51 14
51 50 27
50 52 40
52 50 30
50 53 29
53 50 30
50 54 45
54 50 38
50 55 25
55 50 46
50 56 69
56 50 49
50 57 18
57 50 35
50 58 24
58 50 44
50 59 20
59 50 40
50 60 52
60 50 50
50 61 18
61 50 25
50 62 13
62 50 25
50 63 57
63 50 39
50 64 30
64 50 23
50 65 21
65 50 15
50 66 70
66 50 56
50 67 21
67 50 20
50 68 12
68 50 16
50 69 8
69 50 12
50 70 18
70 50 13
50 71 46
71 50 42
50 72 55
72 50 41
50 73 37
73 50 45
50 74 63
74 50 47
50 75 15
75 50 16
50 76 19
76 50 16
50 77 9
77 50 13
50 78 14
78 50 13
50 79 28
79 50 22
50 80 7
80 50 7
50 81 47
81 50 36
50 82 24
82 50 41
50 83 24
83 50 47
50 84 44
84 50 49
50 85 59
85 50 60
50 86 38
86 50 45
50 87 30
87 50 24
50 88 16
88 50 32
50 89 20
89 50 20
50 90 29
90 50 51
50 91 28
91 50 45
50 92 36
92 50 46
50 93 45
93 50 39
50 94 43
94 50 42
50 95 48
95 50 41
50 96 36
96 50 44
50 97 35
97 50 48
50 98 32
98 50 43
50 99 67
99 50 51
50 100 36
100 50 27
51 52 14
52 51 16
51 53 37
53 51 33
51 54 59
54 51 41
51 55 28
55 51 40
51 56 37
56 51 31
51 57 26
57 51 19
51 58 21
58 51 20
51 59 10
59 51 13
51 60 27
60 51 24
51 61 8
61 51 15
51 62 36
62 51 26
51 63 33
63 51 36
51 64 34
64 51 49
51 65 27
65 51 37
51 66 57
66 51 55
51 67 21
67 51 29
51 68 9
68 51 11
51 69 10
69 51 16
51 70 37
70 51 39
51 71 47
71 51 34
51 72 43
72 51 31
51 73 18
73 51 35
51 74 56
74 51 39
51 75 27
75 51 22
51 76 24
76 51 26
51 77 50
77 51 35
51 78 24
78 51 30
51 79 36
79 51 30
51 80 31
80 51 30
51 81 15
81 51 13
51 82 12
82 51 14
51 83 28
83 51 20
51 84 16
84 51 24
51 85 36
85 51 34
51 86 26
86 51 25
51 87 11
87 51 9
51 88 11
88 51 8
51 89 19
89 51 24
51 90 14
90 51 27
51 91 12
91 51 22
51 92 30
92 51 21
51 93 23
93 51 16
51 94 11
94 51 19
51 95 18
95 51 17
51 96 12
96 51 22
51 97 20
97 51 23
51 98 10
98 51 18
51 99 15
99 51 26
51 100 11
100 51 11
52 53 17
53 52 20
52 54 30
54 52 27
52 55 36
55 52 25
52 56 16
56 52 20
52 57 5
57 52 5
52 58 12
58 52 17
52 59 23
59 52 20
52 60 31
60 52 26
52 61 41
61 52 30
52 62 37
62 52 39
52 63 29
63 52 51
52 64 50
64 52 52
52 65 47
65 52 44
52 66 41
66 52 40
52 67 11
67 52 21
52 68 14
68 52 16
52 69 34
69 52 25
52 70 59
70 52 42
52 71 19
71 52 18
52 72 20
72 52 16
52 73 15
73 52 20
52 74 29
74 52 23
52 75 22
75 52 16
52 76 27
76 52 20
52 77 40
77 52 32
52 78 19
78 52 26
52 79 22
79 52 20
52 80 19
80 52 29
52 81 18
81 52 27
52 82 35
82 52 24
52 83 20
83 52 26
52 84 23
84 52 22
52 85 49
85 52 35
52 86 22
86 52 16
52 87 13
87 52 24
52 88 14
88 52 12
52 89 46
89 52 36
52 90 26
90 52 25
52 91 12
91 52 17
52 92 21
92 52 20
52 93 9
93 52 12
52 94 15
94 52 14
52 95 14
95 52 16
52 96 12
96 52 16
52 97 27
97 52 20
52 98 21
98 52 18
52 99 26
99 52 23
52 100 5
100 52 4
53 54 7
54 53 8
53 55 12
55 53 17
53 56 21
56 53 30
53 57 21
57 53 21
53 58 42
58 53 36
53 59 36
59 53 40
53 60 36
60 53 45
53 61 59
61 53 44
53 62 33
62 53 50
53 63 65
63 53 64
53 64 26
64 53 48
53 65 46
65 53 45
53 66 34
66 53 26
53 67 12
67 53 10
53 68 20
68 53 27
53 69 32
69 53 34
53 70 36
70 53 39
53 71 11
71 53 16
53 72 25
72 53 18
53 73 23
73 53 19
53 74 19
74 53 20
53 75 15
75 53 15
53 76 15
76 53 15
53 77 13
77 53 23
53 78 12
78 53 19
53 79 9
79 53 8
53 80 19
80 53 25
53 81 33
81 53 46
53 82 32
82 53 44
53 83 65
83 53 46
53 84 40
84 53 41
53 85 35
85 53 54
53 86 24
86 53 31
53 87 23
87 53 39
53 88 21
88 53 32
53 89 34
89 53 46
53 90 44
90 53 43
53 91 30
91 53 36
53 92 34
92 53 39
53 93 40
93 53 31
53 94 17
94 53 32
53 95 47
95 53 35
53 96 45
96 53 33
53 97 39
97 53 39
53 98 32
98 53 37
53 99 59
99 53 41
53 100 14
100 53 23
54 55 9
55 54 15
54 56 41
56 54 33
54 57 37
57 54 27
54 58 33
58 54 42
54 59 61
59 54 47
54 60 69
60 54 51
54 61 36
61 54 52
54 62 45
62 54 58
54 63 77
63 54 72
54 64 67
64 54 54
54 65 59
65 54 52
54 66 18
66 54 18
54 67 11
67 54 17
54 68 40
68 54 35
54 69 47
69 54 42
54 70 39
70 54 45
54 71 24
71 54 17
54 72 10
72 54 20
54 73 28
73 54 20
54 74 14
74 54 18
54 75 34
75 54 24
54 76 25
76 54 22
54 77 34
77 54 29
54 78 17
78 54 26
54 79 11
79 54 16
54 80 34
80 54 32
54 81 27
81 54 54
54 82 66
82 54 51
54 83 75
83 54 52
54 84 48
84 54 47
54 85 76
85 54 59
54 86 43
86 54 35
54 87 57
87 54 47
54 88 46
88 54 39
54 89 42
89 54 54
54 90 38
90 54 48
54 91 22
91 54 41
54 92 65
92 54 45
54 93 28
93 54 37
54 94 42
94 54 38
54 95 41
95 54 41
54 96 24
96 54 38
54 97 46
97 54 44
54 98 44
98 54 43
54 99 59
99 54 45
54 100 42
100 54 30
55 56 16
56 55 21
55 57 14
57 55 22
55 58 42
58 55 34
55 59 54
59 55 42
55 60 51
60 55 43
55 61 43
61 55 54
55 62 91
62 55 63
55 63 57
63 55 75
55 64 57
64 55 66
55 65 69
65 55 61
55 66 17
66 55 16
55 67 27
67 55 27
55 68 56
68 55 38
55 69 47
69 55 47
55 70 48
70 55 56
55 71 8
71 55 7
55 72 14
72 55 10
55 73 9
73 55 7
55 74 3
74 55 4
55 75 25
75 55 30
55 76 36
76 55 31
55 77 46
77 55 41
55 78 45
78 55 36
55 79 35
79 55 25
55 80 30
80 55 42
55 81 28
81 55 52
55 82 40
82 55 46
55 83 65
83 55 46
55 84 28
84 55 38
55 85 68
85 55 49
55 86 16
86 55 26
55 87 60
87 55 48
55 88 20
88 55 35
55 89 61
89 55 59
55 90 32
90 55 39
55 91 49
91 55 33
55 92 50
92 55 37
55 93 24
93 55 31
55 94 32
94 55 30
55 95 39
95 55 34
55 96 16
96 55 29
55 97 24
97 55 35
55 98 28
98 55 35
55 99 35
99 55 35
55 100 27
100 55 29
56 57 8
57 56 15
56 58 10
58 56 16
56 59 14
59 56 27
56 60 30
60 56 23
56 61 59
61 56 47
56 62 65
62 56 57
56 63 49
63 56 67
56 64 76
64 56 72
56 65 51
65 56 63
56 66 51
66 56 36
56 67 18
67 56 36
56 68 35
68 56 35
56 69 32
69 56 44
56 70 67
70 56 61
56 71 19
71 56 16
56 72 13
72 56 13
56 73 18
73 56 14
56 74 24
74 56 17
56 75 45
75 56 34
56 76 32
76 56 37
56 77 32
77 56 49
56 78 62
78 56 43
56 79 26
79 56 35
56 80 29
80 56 47
56 81 31
81 56 39
56 82 17
82 56 31
56 83 32
83 56 28
56 84 19
84 56 19
56 85 17
85 56 29
56 86 9
86 56 7
56 87 55
87 56 40
56 88 25
88 56 24
56 89 61
89 56 55
56 90 20
90 56 18
56 91 8
91 56 14
56 92 25
92 56 18
56 93 19
93 56 16
56 94 19
94 56 14
56 95 23
95 56 18
56 96 9
96 56 11
56 97 15
97 56 16
56 98 16
98 56 18
56 99 18
99 56 15
56 100 33
100 56 23
57 58 8
58 57 15
57 59 29
59 57 21
57 60 22
60 57 24
57 61 43
61 57 34
57 62 56
62 57 44
57 63 68
63 57 55
57 64 75
64 57 57
57 65 36
65 57 49
57 66 43
66 57 37
57 67 35
67 57 24
57 68 30
68 57 21
57 69 16
69 57 30
57 70 62
70 57 47
57 71 12
71 57 15
57 72 10
72 57 12
57 73 22
73 57 16
57 74 20
74 57 20
57 75 28
75 57 21
57 76 13
76 57 24
57 77 35
77 57 36
57 78 20
78 57 30
57 79 20
79 57 23
57 80 30
80 57 34
57 81 43
81 57 30
57 82 22
82 57 25
57 83 19
83 57 25
57 84 13
84 57 20
57 85 37
85 57 33
57 86 16
86 57 11
57 87 27
87 57 28
57 88 11
88 57 13
57 89 55
89 57 41
57 90 21
90 57 22
57 91 15
91 57 15
57 92 22
92 57 18
57 93 10
93 57 10
57 94 10
94 57 11
57 95 13
95 57 14
57 96 8
96 57 12
57 97 22
97 57 18
57 98 15
98 57 16
57 99 17
99 57 20
57 100 12
100 57 9
58 59 15
59 58 11
58 60 13
60 58 9
58 61 26
61 58 34
58 62 58
62 58 45
58 63 66
63 58 53
58 64 72
64 58 67
58 65 52
65 58 56
58 66 69
66 58 50
58 67 39
67 58 38
58 68 17
68 58 28
58 69 21
69 58 36
58 70 66
70 58 57
58 71 40
71 58 27
58 72 28
72 58 24
58 73 20
73 58 27
58 74 30
74 58 31
58 75 26
75 58 33
58 76 39
76 58 37
58 77 55
77 58 49
58 78 33
78 58 43
58 79 47
79 58 37
58 80 41
80 58 45
58 81 15
81 58 24
58 82 17
82 58 15
58 83 16
83 58 12
58 84 3
84 58 5
58 85 14
85 58 18
58 86 6
86 58 9
58 87 20
87 58 28
58 88 6
88 58 12
58 89 52
89 58 44
58 90 11
90 58 8
58 91 2
91 58 2
58 92 4
92 58 3
58 93 5
93 58 6
58 94 3
94 58 4
58 95 4
95 58 3
58 96 6
96 58 5
58 97 4
97 58 4
58 98 1
98 58 2
58 99 7
99 58 7
58 100 20
100 58 18
59 60 8
60 59 11
59 61 13
61 59 25
59 62 18
62 59 36
59 63 23
63 59 43
59 64 44
64 59 62
59 65 40
65 59 50
59 66 62
66 59 58
59 67 24
67 59 39
59 68 33
68 59 24
59 69 32
69 59 30
59 70 45
70 59 52
59 71 31
71 59 35
59 72 35
72 59 32
59 73 29
73 59 36
59 74 23
74 59 39
59 75 22
75 59 33
59 76 35
76 59 37
59 77 58
77 59 48
59 78 47
78 59 42
59 79 53
79 59 39
59 80 61
80 59 43
59 81 10
81 59 13
59 82 4
82 59 4
59 83 9
83 59 7
59 84 9
84 59 12
59 85 19
85 59 21
59 86 22
86 59 19
59 87 21
87 59 20
59 88 7
88 59 9
59 89 31
89 59 36
59 90 19
90 59 15
59 91 18
91 59 13
59 92 13
92 59 10
59 93 9
93 59 11
59 94 18
94 59 13
59 95 12
95 59 9
59 96 11
96 59 15
59 97 7
97 59 13
59 98 6
98 59 9
59 99 22
99 59 16
59 100 23
100 59 18
60 61 18
61 60 36
60 62 65
62 60 47
60 63 74
63 60 53
60 64 105
64 60 73
60 65 68
65 60 61
60 66 59
66 60 58
60 67 27
67 60 46
60 68 30
68 60 34
60 69 43
69 60 41
60 70 91
70 60 63
60 71 22
71 60 36
60 72 28
72 60 33
60 73 34
73 60 36
60 74 30
74 60 39
60 75 48
75 60 41
60 76 67
76 60 45
60 77 67
77 60 56
60 78 54
78 60 51
60 79 35
79 60 46
60 80 50
80 60 52
60 81 25
81 60 23
60 82 15
82 60 13
60 83 10
83 60 7
60 84 3
84 60 4
60 85 5
85 60 10
60 86 22
86 60 17
60 87 24
87 60 31
60 88 17
88 60 18
60 89 63
89 60 47
60 90 4
90 60 6
60 91 12
91 60 10
60 92 5
92 60 6
60 93 19
93 60 14
60 94 12
94 60 13
60 95 10
95 60 10
60 96 7
96 60 13
60 97 6
97 60 7
60 98 9
98 60 8
60 99 9
99 60 8
60 100 23
100 60 25
61 62 11
62 61 11
61 63 29
63 61 21
61 64 38
64 61 42
61 65 23
65 61 29
61 66 77
66 61 68
61 67 35
67 61 37
61 68 12
68 61 17
61 69 16
69 61 13
61 70 50
70 61 34
61 71 68
71 61 48
61 72 55
72 61 46
61 73 73
73 61 50
61 74 72
74 61 53
61 75 35
75 61 30
61 76 48
76 61 33
61 77 23
77 61 37
61 78 17
78 61 34
61 79 21
79 61 38
61 80 45
80 61 31
61 81 16
81 61 14
61 82 32
82 61 23
61 83 41
83 61 30
61 84 34
84 61 37
61 85 29
85 61 44
61 86 26
86 61 40
61 87 8
87 61 6
61 88 13
88 61 23
61 89 7
89 61 11
61 90 31
90 61 40
61 91 24
91 61 36
61 92 20
92 61 35
61 93 22
93 61 31
61 94 47
94 61 34
61 95 35
95 61 31
61 96 40
96 61 37
61 97 52
97 61 37
61 98 39
98 61 32
61 99 50
99 61 40
61 100 35
100 61 25
62 63 7
63 62 14
62 64 19
64 62 36
62 65 11
65 62 22
62 66 80
66 62 75
62 67 56
67 62 42
62 68 21
68 62 24
62 69 15
69 62 16
62 70 29
70 62 30
62 71 37
71 62 57
62 72 52
72 62 55
62 73 60
73 62 59
62 74 62
74 62 62
62 75 46
75 62 34
62 76 32
76 62 37
62 77 28
77 62 38
62 78 51
78 62 37
62 79 55
79 62 43
62 80 26
80 62 32
62 81 34
81 62 25
62 82 41
82 62 35
62 83 41
83 62 41
62 84 47
84 62 48
62 85 42
85 62 56
62 86 49
86 62 51
62 87 10
87 62 17
62 88 47
88 62 34
62 89 2
89 62 4
62 90 69
90 62 51
62 91 29
91 62 47
62 92 51
92 62 46
62 93 22
93 62 42
62 94 48
94 62 45
62 95 32
95 62 42
62 96 61
96 62 48
62 97 27
97 62 49
62 98 28
98 62 44
62 99 27
99 62 52
62 100 51
100 62 35
63 64 24
64 63 47
63 65 22
65 63 34
63 66 86
66 63 89
63 67 78
67 63 56
63 68 27
68 63 37
63 69 23
69 63 30
63 70 46
70 63 43
63 71 39
71 63 69
63 72 60
72 63 67
63 73 74
73 63 71
63 74 105
74 63 74
63 75 68
75 63 48
63 76 51
76 63 51
63 77 37
77 63 52
63 78 54
78 63 51
63 79 49
79 63 57
63 80 30
80 63 46
63 81 43
81 63 30
63 82 59
82 63 40
63 83 49
83 63 46
63 84 59
84 63 55
63 85 53
85 63 60
63 86 56
86 63 60
63 87 28
87 63 27
63 88 32
88 63 43
63 89 18
89 63 19
63 90 81
90 63 58
63 91 66
91 63 55
63 92 53
92 63 53
63 93 64
93 63 51
63 94 28
94 63 54
63 95 62
95 63 50
63 96 38
96 63 57
63 97 62
97 63 56
63 98 54
98 63 51
63 99 72
99 63 59
63 100 50
100 63 46
64 65 9
65 64 14
64 66 86
66 64 72
64 67 49
67 64 38
64 68 41
68 64 39
64 69 18
69 64 33
64 70 12
70 64 10
64 71 70
71 64 63
64 72 37
72 64 63
64 73 43
73 64 66
64 74 58
74 64 67
64 75 41
75 64 37
64 76 33
76 64 35
64 77 22
77 64 25
64 78 35
78 64 29
64 79 30
79 64 40
64 80 33
80 64 24
64 81 79
81 64 56
64 82 34
82 64 62
64 83 94
83 64 69
64 84 55
84 64 72
64 85 84
85 64 83
64 86 77
86 64 68
64 87 33
87 64 44
64 88 48
88 64 55
64 89 34
89 64 33
64 90 74
90 64 74
64 91 34
91 64 68
64 92 94
92 64 69
64 93 87
93 64 61
64 94 33
94 64 64
64 95 63
95 64 64
64 96 87
96 64 67
64 97 38
97 64 70
64 98 35
98 64 66
64 99 40
99 64 73
64 100 73
100 64 50
65 66 35
66 65 70
65 67 32
67 65 35
65 68 42
68 65 29
65 69 27
69 65 21
65 70 11
70 65 9
65 71 56
71 65 57
65 72 61
72 65 56
65 73 55
73 65 60
65 74 41
74 65 62
65 75 20
75 65 31
65 76 33
76 65 30
65 77 20
77 65 24
65 78 25
78 65 26
65 79 19
79 65 37
65 80 20
80 65 20
65 81 50
81 65 43
65 82 27
82 65 50
65 83 68
83 65 57
65 84 62
84 65 61
65 85 71
85 65 71
65 86 70
86 65 59
65 87 21
87 65 31
65 88 44
88 65 44
65 89 18
89 65 19
65 90 72
90 65 63
65 91 35
91 65 58
65 92 74
92 65 58
65 93 27
93 65 51
65 94 43
94 65 54
65 95 27
95 65 53
65 96 47
96 65 57
65 97 54
97 65 60
65 98 53
98 65 55
65 99 67
99 65 63
65 100 29
100 65 40
66 67 35
67 66 36
66 68 27
68 66 52
66 69 46
69 66 59
66 70 58
70 66 64
66 71 20
71 66 23
66 72 36
72 66 26
66 73 22
73 66 22
66 74 20
74 66 19
66 75 54
75 66 41
66 76 53
76 66 40
66 77 70
77 66 47
66 78 31
78 66 44
66 79 24
79 66 34
66 80 60
80 66 50
66 81 75
81 66 67
66 82 45
82 66 62
66 83 88
83 66 61
66 84 50
84 66 53
66 85 95
85 66 64
66 86 27
86 66 41
66 87 64
87 66 62
66 88 66
88 66 51
66 89 42
89 66 72
66 90 46
90 66 54
66 91 69
91 66 48
66 92 62
92 66 52
66 93 64
93 66 46
66 94 24
94 66 46
66 95 43
95 66 50
66 96 30
96 66 44
66 97 48
97 66 50
66 98 44
98 66 51
66 99 60
99 66 50
66 100 43
100 66 44
67 68 25
68 67 21
67 69 34
69 67 25
67 70 36
70 67 29
67 71 32
71 67 25
67 72 15
72 67 25
67 73 23
73 67 28
67 74 42
74 67 29
67 75 6
75 67 8
67 76 3
76 67 5
67 77 9
77 67 14
67 78 10
78 67 9
67 79 1
79 67 2
67 80 10
80 67 15
67 81 59
81 67 42
67 82 51
82 67 42
67 83 30
83 67 46
67 84 57
84 67 43
67 85 82
85 67 56
67 86 18
86 67 35
67 87 40
87 67 33
67 88 41
88 67 30
67 89 35
89 67 38
67 90 56
90 67 46
67 91 38
91 67 38
67 92 42
92 67 41
67 93 25
93 67 32
67 94 49
94 67 34
67 95 25
95 67 36
67 96 23
96 67 36
67 97 36
97 67 41
67 98 23
98 67 38
67 99 40
99 67 43
67 100 20
100 67 21
68 69 8
69 68 9
68 70 39
70 68 29
68 71 38
71 68 33
68 72 34
72 68 31
68 73 26
73 68 35
68 74 56
74 68 38
68 75 12
75 68 13
68 76 16
76 68 16
68 77 17
77 68 25
68 78 26
78 68 20
68 79 15
79 68 21
68 80 27
80 68 19
68 81 29
81 68 22
68 82 22
82 68 25
68 83 40
83 68 31
68 84 49
84 68 33
68 85 46
85 68 44
68 86 35
86 68 30
68 87 17
87 68 12
68 88 16
88 68 16
68 89 13
89 68 21
68 90 33
90 68 35
68 91 27
91 68 29
68 92 44
92 68 30
68 93 30
93 68 23
68 94 24
94 68 26
68 95 15
95 68 25
68 96 17
96 68 29
68 97 38
97 68 32
68 98 35
98 68 27
68 99 36
99 68 35
68 100 15
100 68 12
69 70 34
70 69 23
69 71 32
71 69 41
69 72 47
72 69 40
69 73 22
73 69 44
69 74 38
74 69 46
69 75 14
75 69 18
69 76 11
76 69 21
69 77 34
77 69 24
69 78 29
78 69 22
69 79 27
79 69 27
69 80 21
80 69 18
69 81 20
81 69 24
69 82 21
82 69 30
69 83 43
83 69 36
69 84 48
84 69 40
69 85 69
85 69 50
69 86 54
86 69 39
69 87 17
87 69 12
69 88 14
88 69 24
69 89 11
89 69 13
69 90 26
90 69 43
69 91 41
91 69 37
69 92 29
92 69 37
69 93 23
93 69 31
69 94 33
94 69 34
69 95 44
95 69 33
69 96 48
96 69 37
69 97 28
97 69 39
69 98 33
98 69 34
69 99 37
99 69 42
69 100 26
100 69 21
70 71 79
71 70 53
70 72 77
72 70 53
70 73 46
73 70 56
70 74 55
74 70 58
70 75 15
75 70 27
70 76 36
76 70 25
70 77 20
77 70 16
70 78 17
78 70 20
70 79 39
79 70 31
70 80 10
80 70 14
70 81 36
81 70 47
70 82 79
82 70 53
70 83 72
83 70 59
70 84 35
84 70 62
70 85 96
85 70 73
70 86 56
86 70 58
70 87 46
87 70 35
70 88 38
88 70 45
70 89 29
89 70 26
70 90 35
90 70 64
70 91 57
91 70 58
70 92 70
92 70 59
70 93 51
93 70 51
70 94 68
94 70 54
70 95 66
95 70 54
70 96 53
96 70 57
70 97 36
97 70 60
70 98 71
98 70 56
70 99 35
99 70 63
70 100 52
100 70 40
71 72 3
72 71 3
71 73 4
73 71 3
71 74 4
74 71 5
71 75 30
75 71 26
71 76 22
76 71 28
71 77 45
77 71 39
71 78 19
78 71 34
71 79 31
79 71 23
71 80 44
80 71 39
71 81 57
81 71 45
71 82 36
82 71 39
71 83 34
83 71 39
71 84 44
84 71 31
71 85 27
85 71 43
71 86 15
86 71 19
71 87 41
87 71 42
71 88 29
88 71 28
71 89 62
89 71 53
71 90 32
90 71 32
71 91 38
91 71 26
71 92 44
92 71 30
71 93 24
93 71 24
71 94 17
94 71 23
71 95 34
95 71 27
71 96 25
96 71 22
71 97 29
97 71 28
71 98 28
98 71 28
71 99 36
99 71 29
71 100 18
100 71 22
72 73 5
73 72 4
72 74 10
74 72 8
72 75 36
75 72 25
72 76 30
76 72 28
72 77 51
77 72 39
72 78 40
78 72 34
72 79 13
79 72 23
72 80 53
80 72 38
72 81 30
81 72 42
72 82 26
82 72 36
72 83 20
83 72 36
72 84 23
84 72 28
72 85 44
85 72 40
72 86 12
86 72 16
72 87 46
87 72 39
72 88 35
88 72 25
72 89 74
89 72 52
72 90 16
90 72 29
72 91 32
91 72 23
72 92 24
92 72 27
72 93 17
93 72 21
72 94 17
94 72 20
72 95 16
95 72 24
72 96 11
96 72 19
72 97 20
97 72 25
72 98 34
98 72 25
72 99 32
99 72 26
72 100 24
100 72 20
73 74 4
74 73 4
73 75 15
75 73 29
73 76 17
76 73 31
73 77 56
77 73 42
73 78 25
78 73 37
73 79 18
79 73 26
73 80 33
80 73 42
73 81 37
81 73 46
73 82 37
82 73 40
73 83 57
83 73 39
73 84 44
84 73 31
73 85 51
85 73 42
73 86 16
86 73 19
73 87 24
87 73 44
73 88 43
88 73 30
73 89 34
89 73 56
73 90 32
90 73 32
73 91 38
91 73 26
73 92 17
92 73 30
73 93 29
93 73 24
73 94 33
94 73 24
73 95 27
95 73 28
73 96 22
96 73 22
73 97 15
97 73 28
73 98 38
98 73 29
73 99 23
99 73 28
73 100 32
100 73 25
74 75 29
75 74 31
74 76 43
76 74 32
74 77 30
77 74 43
74 78 24
78 74 38
74 79 36
79 74 27
74 80 29
80 74 43
74 81 31
81 74 50
74 82 25
82 74 44
74 83 47
83 74 43
74 84 27
84 74 35
74 85 60
85 74 46
74 86 14
86 74 22
74 87 66
87 74 47
74 88 41
88 74 33
74 89 38
89 74 59
74 90 41
90 74 35
74 91 17
91 74 29
74 92 20
92 74 33
74 93 24
93 74 28
74 94 14
94 74 27
74 95 45
95 74 31
74 96 36
96 74 26
74 97 31
97 74 31
74 98 26
98 74 32
74 99 24
99 74 32
74 100 15
100 74 28
75 76 5
76 75 4
75 77 13
77 75 16
75 78 8
78 75 10
75 79 7
79 75 9
75 80 7
80 75 13
75 81 49
81 75 34
75 82 41
82 75 35
75 83 52
83 75 40
75 84 42
84 75 39
75 85 29
85 75 51
75 86 34
86 75 32
75 87 32
87 75 25
75 88 28
88 75 24
75 89 29
89 75 31
75 90 50
90 75 41
75 91 18
91 75 34
75 92 32
92 75 36
75 93 24
93 75 27
75 94 33
94 75 30
75 95 27
95 75 31
75 96 46
96 75 32
75 97 35
97 75 36
75 98 27
98 75 33
75 99 35
99 75 39
75 100 14
100 75 16
76 77 17
77 76 12
76 78 3
78 76 6
76 79 7
79 76 7
76 80 7
80 76 11
76 81 33
81 76 38
76 82 23
82 76 39
76 83 63
83 76 44
76 84 31
84 76 43
76 85 44
85 76 55
76 86 22
86 76 35
76 87 21
87 76 28
76 88 20
88 76 28
76 89 34
89 76 33
76 90 55
90 76 45
76 91 42
91 76 37
76 92 38
92 76 40
76 93 19
93 76 31
76 94 33
94 76 34
76 95 21
95 76 35
76 96 30
96 76 36
76 97 41
97 76 40
76 98 25
98 76 37
76 99 50
99 76 43
76 100 14
100 76 20
77 78 5
78 77 6
77 79 13
79 77 16
77 80 3
80 77 6
77 81 41
81 77 46
77 82 56
82 77 49
77 83 58
83 77 54
77 84 32
84 77 54
77 85 48
85 77 66
77 86 35
86 77 47
77 87 45
87 77 35
77 88 53
88 77 39
77 89 21
89 77 33
77 90 64
90 77 57
77 91 46
91 77 49
77 92 36
92 77 51
77 93 46
93 77 43
77 94 34
94 77 46
77 95 46
95 77 46
77 96 67
96 77 48
77 97 36
97 77 52
77 98 60
98 77 48
77 99 81
99 77 55
77 100 19
100 77 31
78 79 15
79 78 11
78 80 8
80 78 6
78 81 25
81 78 42
78 82 47
82 78 44
78 83 52
83 78 49
78 84 64
84 78 49
78 85 39
85 78 61
78 86 47
86 78 42
78 87 17
87 78 31
78 88 23
88 78 34
78 89 38
89 78 32
78 90 30
90 78 51
78 91 63
91 78 44
78 92 34
92 78 46
78 93 35
93 78 37
78 94 23
94 78 40
78 95 45
95 78 41
78 96 50
96 78 42
78 97 46
97 78 46
78 98 49
98 78 43
78 99 59
99 78 49
78 100 15
100 78 26
79 80 19
80 79 17
79 81 28
81 79 42
79 82 21
82 79 42
79 83 65
83 79 45
79 84 56
84 79 43
79 85 64
85 79 55
79 86 24
86 79 34
79 87 37
87 79 34
79 88 21
88 79 30
79 89 34
89 79 39
79 90 51
90 79 45
79 91 40
91 79 37
79 92 54
92 79 40
79 93 47
93 79 32
79 94 47
94 79 34
79 95 23
95 79 35
79 96 40
96 79 35
79 97 29
97 79 40
79 98 27
98 79 37
79 99 37
99 79 42
79 100 22
100 79 21
80 81 43
81 80 41
80 82 44
82 80 44
80 83 42
83 80 50
80 84 46
84 80 50
80 85 48
85 80 62
80 86 48
86 80 45
80 87 15
87 80 29
80 88 46
88 80 35
80 89 15
89 80 27
80 90 40
90 80 53
80 91 52
91 80 46
80 92 52
92 80 48
80 93 33
93 80 40
80 94 44
94 80 42
80 95 38
95 80 43
80 96 40
96 80 45
80 97 34
97 80 49
80 98 57
98 80 45
80 99 69
99 80 51
80 100 28
100 80 28
81 82 13
82 81 10
81 83 14
83 81 16
81 84 13
84 81 25
81 85 18
85 81 31
81 86 26
86 81 32
81 87 11
87 81 12
81 88 21
88 81 16
81 89 29
89 81 26
81 90 28
90 81 28
81 91 13
91 81 26
81 92 28
92 81 23
81 93 12
93 81 23
81 94 21
94 81 25
81 95 16
95 81 21
81 96 24
96 81 28
81 97 35
97 81 26
81 98 25
98 81 22
81 99 15
99 81 29
81 100 14
100 81 23
82 83 8
83 82 7
82 84 13
84 82 15
82 85 26
85 82 21
82 86 33
86 82 24
82 87 19
87 82 19
82 88 16
88 82 12
82 89 17
89 82 34
82 90 10
90 82 18
82 91 21
91 82 17
82 92 7
92 82 14
82 93 9
93 82 16
82 94 13
94 82 17
82 95 14
95 82 13
82 96 27
96 82 19
82 97 14
97 82 17
82 98 7
98 82 13
82 99 13
99 82 19
82 100 17
100 82 21
83 84 8
84 83 10
83 85 9
85 83 15
83 86 12
86 83 21
83 87 13
87 83 26
83 88 21
88 83 16
83 89 38
89 83 41
83 90 11
90 83 13
83 91 20
91 83 14
83 92 12
92 83 10
83 93 12
93 83 16
83 94 21
94 83 16
83 95 14
95 83 12
83 96 25
96 83 17
83 97 18
97 83 13
83 98 14
98 83 10
83 99 11
99 83 14
83 100 21
100 83 24
84 85 10
85 84 13
84 86 9
86 84 13
84 87 25
87 84 32
84 88 19
88 84 16
84 89 56
89 84 47
84 90 3
90 84 3
84 91 8
91 84 6
84 92 2
92 84 3
84 93 8
93 84 11
84 94 12
94 84 9
84 95 7
95 84 8
84 96 10
96 84 9
84 97 2
97 84 3
84 98 8
98 84 6
84 99 5
99 84 4
84 100 15
100 84 23
85 86 32
86 85 24
85 87 35
87 85 40
85 88 41
88 85 28
85 89 76
89 85 56
85 90 12
90 85 11
85 91 24
91 85 18
85 92 9
92 85 15
85 93 15
93 85 24
85 94 25
94 85 22
85 95 21
95 85 20
85 96 31
96 85 21
85 97 16
97 85 15
85 98 16
98 85 18
85 99 11
99 85 14
85 100 39
100 85 35
86 87 17
87 86 34
86 88 19
88 86 17
86 89 38
89 86 49
86 90 9
90 86 13
86 91 5
91 86 7
86 92 10
92 86 11
86 93 12
93 86 9
86 94 8
94 86 7
86 95 10
95 86 11
86 96 5
96 86 4
86 97 5
97 86 9
86 98 7
98 86 11
86 99 10
99 86 10
86 100 23
100 86 18
87 88 20
88 87 17
87 89 10
89 87 16
87 90 22
90 87 35
87 91 24
91 87 30
87 92 32
92 87 29
87 93 29
93 87 25
87 94 31
94 87 28
87 95 20
95 87 25
87 96 17
96 87 31
87 97 40
97 87 32
87 98 27
98 87 27
87 99 22
99 87 35
87 100 12
100 87 19
88 89 32
89 88 32
88 90 25
90 88 19
88 91 14
91 88 14
88 92 7
92 88 14
88 93 5
93 88 8
88 94 8
94 88 11
88 95 11
95 88 9
88 96 12
96 88 14
88 97 18
97 88 16
88 98 7
98 88 11
88 99 16
99 88 19
88 100 9
100 88 9
89 90 32
90 89 51
89 91 52
91 89 46
89 92 50
92 89 45
89 93 37
93 89 40
89 94 30
94 89 43
89 95 54
95 89 41
89 96 25
96 89 46
89 97 47
97 89 48
89 98 35
98 89 42
89 99 25
99 89 50
89 100 16
100 89 32
90 91 5
91 90 8
90 92 6
92 90 6
90 93 11
93 90 14
90 94 15
94 90 11
90 95 8
95 90 11
90 96 9
96 90 10
90 97 4
97 90 4
90 98 9
98 90 9
90 99 2
99 90 3
90 100 34
100 90 25
91 92 3
92 91 4
91 93 5
93 91 6
91 94 2
94 91 4
91 95 7
95 91 5
91 96 3
96 91 3
91 97 2
97 91 3
91 98 5
98 91 4
91 99 7
99 91 6
91 100 10
100 91 18
92 93 13
93 92 9
92 94 10
94 92 7
92 95 5
95 92 5
92 96 4
96 92 8
92 97 3
97 92 3
92 98 4
98 92 3
92 99 6
99 92 6
92 100 25
100 92 20
93 94 4
94 93 3
93 95 3
95 93 4
93 96 7
96 93 6
93 97 8
97 93 9
93 98 5
98 93 6
93 99 10
99 93 12
93 100 10
100 93 12
94 95 5
95 94 4
94 96 2
96 94 3
94 97 4
97 94 7
94 98 4
98 94 5
94 99 5
99 94 9
94 100 13
100 94 15
95 96 7
96 95 7
95 97 10
97 95 7
95 98 1
98 95 2
95 99 10
99 95 10
95 100 13
100 95 15
96 97 5
97 96 6
96 98 9
98 96 7
96 99 8
99 96 8
96 100 14
100 96 17
97 98 7
98 97 5
97 99 4
99 97 3
97 100 30
100 97 21
98 99 8
99 98 8
98 100 15
100 98 17
99 100 33
100 99 24
