1 12 13 25 2550

156 172

1 3 5 37 52

4 16 20 26
5 11 40 30
7 11 17 63
11 12 42 41
12 14 31 32
14 11 12 42
15 11 36 16
16 12 52 41
20 13 57 58
23 16 16 57
25 13 7 38
26 16 27 68
2 16 49 49
3 11 52 64
6 16 21 47
8 11 31 62
9 17 52 33
10 11 51 21
13 15 5 25
17 17 27 23
18 17 17 33
19 11 13 13
21 14 62 42
22 17 42 57
24 14 8 52

27 30 48
28 43 67
29 58 48
30 58 27
31 37 69
32 38 46
33 46 10
34 61 33
35 62 63
36 63 69
37 32 22
38 45 35
39 59 15
40 5 6
41 10 17
42 21 10
43 5 64
44 30 15
45 39 10
46 32 39
47 25 32
48 25 55
49 48 28
50 56 37
51 30 40

1 4 26
4 1 31
1 5 31
5 1 22
1 7 22
7 1 23
1 11 12
11 1 12
1 12 30
12 1 21
1 14 22
14 1 27
1 15 43
15 1 36
1 16 15
16 1 19
1 20 24
20 1 21
1 23 20
23 1 22
1 25 35
25 1 33
1 26 17
26 1 19
1 2 10
2 1 12
1 3 27
3 1 19
1 6 24
6 1 17
1 8 17
8 1 12
1 9 23
9 1 24
1 10 50
10 1 34
1 13 26
13 1 42
1 17 32
17 1 31
1 18 17
18 1 28
1 19 65
19 1 46
1 21 29
21 1 27
1 22 4
22 1 7
1 24 22
24 1 29
1 27 7
27 1 8
1 28 14
28 1 16
1 29 14
29 1 21
1 30 35
30 1 32
1 31 15
31 1 17
1 32 7
32 1 6
1 33 24
33 1 43
1 34 25
34 1 31
1 35 36
35 1 27
1 36 29
36 1 31
1 37 41
37 1 30
1 38 16
38 1 19
1 39 54
39 1 43
1 40 82
40 1 56
1 41 39
41 1 44
1 42 32
42 1 45
1 43 29
43 1 34
1 44 53
44 1 37
1 45 31
45 1 42
1 46 8
46 1 14
1 47 28
47 1 23
1 48 8
48 1 12
1 49 38
49 1 26
1 50 26
50 1 24
1 51 18
51 1 14
4 5 23
5 4 20
4 7 33
7 4 37
4 11 38
11 4 27
4 12 9
12 4 13
4 14 20
14 4 18
4 15 15
15 4 19
4 16 27
16 4 35
4 20 72
20 4 49
4 23 40
23 4 31
4 25 12
25 4 18
4 26 57
26 4 43
4 2 41
2 4 37
4 3 30
3 4 50
4 6 20
6 4 21
4 8 22
8 4 38
4 9 38
9 4 32
4 10 31
10 4 31
4 13 9
13 4 15
4 17 7
17 4 8
4 18 11
18 4 8
4 19 15
19 4 15
4 21 56
21 4 45
4 22 30
22 4 38
4 24 34
24 4 29
4 27 17
27 4 24
4 28 54
28 4 47
4 29 28
29 4 44
4 30 54
30 4 38
4 31 49
31 4 46
4 32 38
32 4 27
4 33 35
33 4 31
4 34 52
34 4 41
4 35 72
35 4 56
4 36 54
36 4 61
4 37 8
37 4 13
4 38 18
38 4 27
4 39 47
39 4 41
4 40 34
40 4 25
4 41 16
41 4 13
4 42 12
42 4 16
4 43 61
43 4 41
4 44 16
44 4 15
4 45 31
45 4 25
4 46 15
46 4 18
4 47 11
47 4 8
4 48 31
48 4 29
4 49 22
49 4 28
4 50 29
50 4 37
4 51 22
51 4 17
5 7 33
7 5 40
5 11 15
11 5 11
5 12 13
12 5 9
5 14 35
14 5 30
5 15 12
15 5 15
5 16 22
16 5 16
5 20 37
20 5 33
5 23 30
23 5 36
5 25 46
25 5 34
5 26 55
26 5 40
5 2 17
2 5 21
5 3 49
3 5 36
5 6 27
6 5 25
5 8 40
8 5 33
5 9 12
9 5 12
5 10 7
10 5 14
5 13 46
13 5 35
5 17 22
17 5 15
5 18 30
18 5 23
5 19 40
19 5 32
5 21 26
21 5 25
5 22 31
22 5 27
5 24 36
24 5 39
5 27 31
27 5 21
5 28 39
28 5 37
5 29 19
29 5 25
5 30 11
30 5 18
5 31 34
31 5 39
5 32 16
32 5 16
5 33 18
33 5 21
5 34 28
34 5 21
5 35 49
35 5 40
5 36 62
36 5 45
5 37 8
37 5 11
5 38 8
38 5 7
5 39 25
39 5 24
5 40 50
40 5 42
5 41 24
41 5 33
5 42 40
42 5 27
5 43 32
43 5 48
5 44 24
44 5 18
5 45 11
45 5 20
5 46 15
46 5 12
5 47 8
47 5 15
5 48 29
48 5 29
5 49 10
49 5 8
5 50 16
50 5 17
5 51 8
51 5 14
7 11 48
11 7 33
7 12 38
12 7 34
7 14 14
14 7 22
7 15 61
15 7 51
7 16 52
16 7 41
7 20 45
20 7 40
7 23 5
23 7 6
7 25 30
25 7 27
7 26 11
26 7 11
7 2 36
2 7 35
7 3 22
3 7 35
7 6 15
6 7 16
7 8 20
8 7 14
7 9 32
9 7 46
7 10 75
10 7 54
7 13 53
13 7 40
7 17 38
17 7 41
7 18 41
18 7 30
7 19 63
19 7 50
7 21 30
21 7 50
7 22 31
22 7 26
7 24 19
24 7 14
7 27 16
27 7 20
7 28 36
28 7 26
7 29 55
29 7 44
7 30 75
30 7 54
7 31 16
31 7 21
7 32 34
32 7 27
7 33 31
33 7 60
7 34 35
34 7 53
7 35 54
35 7 45
7 36 35
36 7 46
7 37 23
37 7 44
7 38 35
38 7 40
7 39 69
39 7 64
7 40 67
40 7 58
7 41 49
41 7 46
7 42 55
42 7 53
7 43 12
43 7 12
7 44 70
44 7 50
7 45 48
45 7 57
7 46 36
46 7 28
7 47 40
47 7 32
7 48 16
48 7 11
7 49 41
49 7 46
7 50 27
50 7 47
7 51 22
51 7 26
11 12 11
12 11 14
11 14 39
14 11 30
11 15 23
15 11 26
11 16 8
16 11 10
11 20 24
20 11 23
11 23 32
23 11 31
11 25 46
25 11 35
11 26 43
26 11 31
11 2 16
2 11 11
11 3 15
3 11 25
11 6 30
6 11 22
11 8 14
8 11 24
11 9 10
9 11 13
11 10 14
10 11 22
11 13 43
13 11 40
11 17 32
17 11 23
11 18 24
18 11 26
11 19 45
19 11 40
11 21 15
21 11 20
11 22 20
22 11 16
11 24 32
24 11 36
11 27 9
27 11 14
11 28 38
28 11 26
11 29 16
29 11 17
11 30 22
30 11 21
11 31 25
31 11 28
11 32 4
32 11 6
11 33 33
33 11 31
11 34 30
34 11 21
11 35 35
35 11 30
11 36 18
36 11 35
11 37 16
37 11 21
11 38 8
38 11 7
11 39 44
39 11 31
11 40 57
40 11 51
11 41 58
41 11 40
11 42 42
42 11 37
11 43 28
43 11 44
11 44 21
44 11 28
11 45 26
45 11 31
11 46 5
46 11 10
11 47 14
47 11 19
11 48 17
48 11 22
11 49 7
49 11 14
11 50 21
50 11 15
11 51 6
51 11 12
12 14 18
14 12 21
12 15 11
15 12 17
12 16 34
16 12 23
12 20 54
20 12 37
12 23 18
23 12 29
12 25 36
25 12 25
12 26 44
26 12 36
12 2 36
2 12 25
12 3 32
3 12 38
12 6 16
6 12 18
12 8 19
8 12 30
12 9 18
9 12 21
12 10 28
10 12 23
12 13 27
13 12 27
12 17 6
17 12 10
12 18 20
18 12 14
12 19 33
19 12 26
12 21 43
21 12 33
12 22 40
22 12 27
12 24 17
24 12 30
12 27 12
27 12 16
12 28 33
28 12 37
12 29 42
29 12 31
12 30 16
30 12 27
12 31 29
31 12 37
12 32 23
32 12 16
12 33 39
33 12 27
12 34 42
34 12 30
12 35 59
35 12 44
12 36 30
36 12 49
12 37 5
37 12 10
12 38 8
38 12 14
12 39 18
39 12 33
12 40 50
40 12 37
12 41 30
41 12 26
12 42 12
42 12 24
12 43 25
43 12 41
12 44 12
44 12 17
12 45 28
45 12 23
12 46 4
46 12 7
12 47 6
47 12 6
12 48 25
48 12 24
12 49 19
49 12 17
12 50 30
50 12 25
12 51 9
51 12 8
14 15 18
15 14 35
14 16 43
16 14 40
14 20 61
20 14 48
14 23 23
23 14 16
14 25 3
25 14 6
14 26 38
26 14 30
14 2 31
2 14 38
14 3 62
3 14 45
14 6 12
6 14 10
14 8 34
8 14 28
14 9 45
9 14 41
14 10 53
10 14 44
14 13 14
13 14 18
14 17 31
17 14 24
14 18 8
18 14 10
14 19 18
19 14 29
14 21 66
21 14 50
14 22 22
22 14 34
14 24 15
24 14 11
14 27 21
27 14 19
14 28 25
28 14 40
14 29 45
29 14 46
14 30 31
30 14 48
14 31 39
31 14 37
14 32 38
32 14 26
14 33 34
33 14 47
14 34 51
34 14 50
14 35 77
35 14 54
14 36 76
36 14 58
14 37 35
37 14 28
14 38 50
38 14 34
14 39 47
39 14 54
14 40 28
40 14 37
14 41 37
41 14 25
14 42 20
42 14 33
14 43 18
43 14 23
14 44 40
44 14 32
14 45 56
45 14 42
14 46 28
46 14 20
14 47 17
47 14 16
14 48 23
48 14 18
14 49 46
49 14 39
14 50 42
50 14 44
14 51 20
51 14 18
15 16 42
16 15 30
15 20 70
20 15 47
15 23 56
23 15 46
15 25 21
25 15 36
15 26 76
26 15 53
15 2 38
2 15 35
15 3 49
3 15 51
15 6 19
6 15 34
15 8 52
8 15 46
15 9 28
9 15 23
15 10 20
10 15 16
15 13 29
13 15 32
15 17 14
17 15 11
15 18 30
18 15 25
15 19 13
19 15 23
15 21 45
21 15 37
15 22 40
22 15 41
15 24 44
24 15 46
15 27 46
27 15 33
15 28 44
28 15 51
15 29 51
29 15 39
15 30 33
30 15 25
15 31 70
31 15 53
15 32 40
32 15 30
15 33 12
33 15 12
15 34 32
34 15 30
15 35 69
35 15 54
15 36 70
36 15 59
15 37 5
37 15 7
15 38 12
38 15 21
15 39 16
39 15 23
15 40 37
40 15 33
15 41 14
41 15 26
15 42 15
42 15 16
15 43 41
43 15 57
15 44 3
44 15 6
15 45 9
45 15 7
15 46 16
46 15 23
15 47 18
47 15 19
15 48 44
48 15 40
15 49 22
49 15 17
15 50 18
50 15 29
15 51 33
51 15 25
16 20 23
20 16 18
16 23 34
23 16 39
16 25 37
25 16 45
16 26 40
26 16 37
16 2 8
2 16 9
16 3 27
3 16 23
16 6 46
6 16 32
16 8 16
8 16 30
16 9 8
9 16 8
16 10 22
10 16 20
16 13 45
13 16 50
16 17 33
17 16 31
16 18 41
18 16 36
16 19 56
19 16 48
16 21 10
21 16 10
16 22 19
22 16 19
16 24 35
24 16 45
16 27 34
27 16 23
16 28 23
28 16 28
16 29 5
29 16 9
16 30 21
30 16 15
16 31 16
31 16 32
16 32 19
32 16 15
16 33 18
33 16 32
16 34 16
34 16 12
16 35 17
35 16 24
16 36 25
36 16 30
16 37 34
37 16 28
16 38 5
38 16 9
16 39 40
39 16 27
16 40 76
40 16 58
16 41 37
41 16 48
16 42 26
42 16 44
16 43 33
43 16 52
16 44 42
44 16 34
16 45 31
45 16 34
16 46 28
46 16 20
16 47 29
47 16 28
16 48 30
48 16 30
16 49 16
49 16 14
16 50 5
50 16 6
16 51 23
51 16 22
20 23 60
23 20 41
20 25 77
25 20 54
20 26 44
26 20 32
20 2 8
2 20 12
20 3 9
3 20 8
20 6 47
6 20 38
20 8 21
8 20 26
20 9 13
9 20 25
20 10 45
10 20 37
20 13 66
13 20 61
20 17 63
17 20 46
20 18 55
18 20 47
20 19 91
19 20 63
20 21 23
21 20 17
20 22 8
22 20 15
20 24 27
24 20 49
20 27 24
27 20 29
20 28 23
28 20 17
20 29 5
29 20 10
20 30 36
30 20 31
20 31 26
31 20 23
20 32 21
32 20 22
20 33 68
33 20 49
20 34 21
34 20 25
20 35 4
35 20 7
20 36 11
36 20 13
20 37 38
37 20 44
20 38 32
38 20 26
20 39 41
39 20 43
20 40 81
40 20 74
20 41 83
41 20 62
20 42 80
42 20 60
20 43 31
43 20 52
20 44 46
44 20 51
20 45 38
45 20 51
20 46 38
46 20 31
20 47 56
47 20 41
20 48 18
48 20 32
20 49 31
49 20 31
20 50 16
50 20 21
20 51 39
51 20 32
23 25 25
25 23 21
23 26 8
26 23 16
23 2 18
2 23 34
23 3 23
3 23 37
23 6 11
6 23 11
23 8 21
8 23 16
23 9 55
9 23 43
23 10 47
10 23 50
23 13 48
13 23 34
23 17 51
17 23 36
23 18 16
18 23 24
23 19 65
19 23 44
23 21 51
21 23 48
23 22 16
22 23 26
23 24 9
24 23 9
23 27 23
27 23 17
23 28 23
28 23 29
23 29 24
29 23 43
23 30 52
30 23 52
23 31 32
31 23 24
23 32 20
32 23 25
23 33 41
33 23 56
23 34 30
34 23 51
23 35 31
35 23 46
23 36 55
36 23 49
23 37 46
37 23 38
23 38 28
38 23 36
23 39 63
39 23 60
23 40 31
40 23 52
23 41 56
41 23 40
23 42 52
42 23 47
23 43 13
43 23 13
23 44 29
44 23 44
23 45 54
45 23 52
23 46 22
46 23 24
23 47 36
47 23 27
23 48 10
48 23 9
23 49 46
49 23 43
23 50 31
50 23 45
23 51 15
51 23 22
25 26 46
26 25 36
25 2 34
2 25 43
25 3 71
3 25 51
25 6 22
6 25 16
25 8 35
8 25 34
25 9 50
9 25 45
25 10 54
10 25 47
25 13 9
13 25 13
25 17 14
17 25 25
25 18 9
18 25 11
25 19 27
19 25 26
25 21 44
21 25 55
25 22 40
22 25 40
25 24 8
24 25 14
25 27 34
27 25 25
25 28 30
28 25 46
25 29 40
29 25 52
25 30 42
30 25 52
25 31 44
31 25 43
25 32 23
32 25 32
25 33 30
33 25 48
25 34 57
34 25 54
25 35 77
35 25 60
25 36 89
36 25 64
25 37 31
37 25 30
25 38 41
38 25 38
25 39 66
39 25 57
25 40 18
40 25 32
25 41 19
41 25 21
25 42 16
42 25 31
25 43 31
43 25 26
25 44 17
44 25 33
25 45 36
45 25 43
25 46 27
46 25 25
25 47 13
47 25 19
25 48 33
48 25 25
25 49 48
49 25 42
25 50 35
50 25 49
25 51 31
51 25 23
26 2 42
2 26 29
26 3 24
3 26 25
26 6 15
6 26 22
26 8 10
8 26 7
26 9 50
9 26 43
26 10 79
10 26 53
26 13 63
13 26 48
26 17 55
17 26 45
26 18 48
18 26 36
26 19 80
19 26 57
26 21 40
21 26 44
26 22 27
22 26 19
26 24 20
24 26 25
26 27 25
27 26 20
26 28 18
28 26 16
26 29 44
29 26 37
26 30 28
30 26 51
26 31 13
31 26 10
26 32 29
32 26 25
26 33 88
33 26 61
26 34 46
34 26 49
26 35 38
35 26 35
26 36 22
36 26 36
26 37 23
37 26 46
26 38 22
38 26 38
26 39 72
39 26 62
26 40 63
40 26 66
26 41 47
41 26 54
26 42 47
42 26 58
26 43 25
43 26 22
26 44 50
44 26 53
26 45 46
45 26 59
26 46 28
46 26 29
26 47 40
47 26 36
26 48 15
48 26 13
26 49 50
49 26 45
26 50 28
50 26 42
26 51 19
51 26 28
2 3 8
3 2 15
2 6 28
6 2 28
2 8 12
8 2 22
2 9 17
9 2 16
2 10 39
10 2 28
2 13 68
13 2 50
2 17 29
17 2 34
2 18 37
18 2 36
2 19 36
19 2 51
2 21 10
21 2 15
2 22 8
22 2 11
2 24 26
24 2 41
2 27 25
27 2 19
2 28 25
28 2 19
2 29 13
29 2 9
2 30 32
30 2 24
2 31 21
31 2 23
2 32 11
32 2 11
2 33 29
33 2 39
2 34 24
34 2 20
2 35 22
35 2 19
2 36 33
36 2 24
2 37 19
37 2 32
2 38 18
38 2 15
2 39 29
39 2 35
2 40 34
40 2 62
2 41 39
41 2 50
2 42 69
42 2 48
2 43 54
43 2 46
2 44 20
44 2 39
2 45 49
45 2 40
2 46 22
46 2 20
2 47 26
47 2 29
2 48 31
48 2 25
2 49 24
49 2 21
2 50 9
50 2 14
2 51 30
51 2 21
3 6 35
6 3 35
3 8 29
8 3 21
3 9 22
9 3 31
3 10 46
10 3 43
3 13 38
13 3 61
3 17 36
17 3 48
3 18 61
18 3 47
3 19 41
19 3 64
3 21 33
21 3 24
3 22 12
22 3 12
3 24 36
24 3 46
3 27 38
27 3 27
3 28 13
28 3 9
3 29 24
29 3 17
3 30 50
30 3 37
3 31 11
31 3 15
3 32 34
32 3 23
3 33 68
33 3 54
3 34 36
34 3 32
3 35 14
35 3 10
3 36 11
36 3 12
3 37 47
37 3 46
3 38 42
38 3 30
3 39 56
39 3 49
3 40 69
40 3 75
3 41 77
41 3 63
3 42 86
42 3 62
3 43 27
43 3 47
3 44 43
44 3 53
3 45 39
45 3 56
3 46 18
46 3 32
3 47 43
47 3 42
3 48 24
48 3 28
3 49 32
49 3 36
3 50 18
50 3 27
3 51 26
51 3 33
6 8 24
8 6 18
6 9 20
9 6 34
6 10 48
10 6 40
6 13 26
13 6 27
6 17 16
17 6 25
6 18 19
18 6 15
6 19 40
19 6 35
6 21 28
21 6 41
6 22 12
22 6 23
6 24 9
24 6 14
6 27 12
27 6 9
6 28 28
28 6 30
6 29 24
29 6 37
6 30 33
30 6 42
6 31 39
31 6 27
6 32 15
32 6 17
6 33 52
33 6 45
6 34 60
34 6 42
6 35 47
35 6 44
6 36 46
36 6 47
6 37 34
37 6 27
6 38 21
38 6 27
6 39 52
39 6 50
6 40 52
40 6 44
6 41 44
41 6 32
6 42 33
42 6 37
6 43 18
43 6 23
6 44 21
44 6 33
6 45 59
45 6 41
6 46 9
46 6 14
6 47 14
47 6 16
6 48 11
48 6 9
6 49 37
49 6 33
6 50 53
50 6 36
6 51 14
51 6 11
8 9 25
9 8 36
8 10 51
10 8 46
8 13 40
13 8 45
8 17 46
17 8 39
8 18 30
18 8 32
8 19 73
19 8 52
8 21 42
21 8 37
8 22 11
22 8 12
8 24 27
24 8 25
8 27 17
27 8 14
8 28 18
28 8 13
8 29 32
29 8 30
8 30 63
30 8 44
8 31 7
31 8 9
8 32 13
32 8 17
8 33 30
33 8 54
8 34 37
34 8 42
8 35 16
35 8 31
8 36 42
36 8 33
8 37 26
37 8 40
8 38 25
38 8 30
8 39 38
39 8 54
8 40 83
40 8 62
8 41 26
41 8 49
8 42 54
42 8 53
8 43 17
43 8 26
8 44 62
44 8 47
8 45 75
45 8 53
8 46 33
46 8 23
8 47 40
47 8 31
8 48 6
48 8 9
8 49 56
49 8 38
8 50 20
50 8 35
8 51 30
51 8 22
9 10 12
10 9 12
9 13 59
13 9 48
9 17 23
17 9 27
9 18 25
18 9 35
9 19 26
19 9 44
9 21 16
21 9 13
9 22 25
22 9 26
9 24 59
24 9 48
9 27 19
27 9 27
9 28 20
28 9 35
9 29 20
29 9 16
9 30 4
30 9 8
9 31 27
31 9 39
9 32 21
32 9 19
9 33 16
33 9 24
9 34 5
34 9 9
9 35 42
35 9 32
9 36 51
36 9 38
9 37 25
37 9 23
9 38 7
38 9 7
9 39 15
39 9 19
9 40 29
40 9 54
9 41 58
41 9 45
9 42 26
42 9 39
9 43 62
43 9 56
9 44 33
44 9 28
9 45 15
45 9 26
9 46 17
46 9 21
9 47 36
47 9 27
9 48 20
48 9 35
9 49 7
49 9 6
9 50 3
50 9 6
9 51 26
51 9 23
10 13 44
13 10 46
10 17 28
17 10 24
10 18 41
18 10 36
10 19 47
19 10 39
10 21 24
21 10 24
10 22 52
22 10 37
10 24 27
24 10 53
10 27 41
27 10 34
10 28 24
28 10 47
10 29 18
29 10 28
10 30 5
30 10 9
10 31 62
31 10 50
10 32 30
32 10 28
10 33 8
33 10 12
10 34 9
34 10 16
10 35 30
35 10 43
10 36 31
36 10 49
10 37 10
37 10 19
10 38 14
38 10 15
10 39 13
39 10 10
10 40 67
40 10 48
10 41 46
41 10 41
10 42 39
42 10 32
10 43 47
43 10 63
10 44 27
44 10 22
10 45 17
45 10 16
10 46 19
46 10 26
10 47 27
47 10 28
10 48 45
48 10 43
10 49 5
49 10 8
10 50 11
50 10 17
10 51 33
51 10 28
13 17 23
17 13 22
13 18 16
18 13 14
13 19 9
19 13 14
13 21 42
21 13 59
13 22 52
22 13 49
13 24 29
24 13 27
13 27 50
27 13 34
13 28 81
28 13 57
13 29 72
29 13 58
13 30 52
30 13 53
13 31 39
31 13 54
13 32 22
32 13 39
13 33 49
33 13 44
13 34 33
34 13 57
13 35 97
35 13 68
13 36 48
36 13 72
13 37 28
37 13 27
13 38 33
38 13 41
13 39 66
39 13 55
13 40 16
40 13 19
13 41 8
41 13 9
13 42 14
42 13 22
13 43 43
43 13 39
13 44 32
44 13 27
13 45 22
45 13 37
13 46 29
46 13 30
13 47 12
47 13 21
13 48 22
48 13 36
13 49 35
49 13 43
13 50 64
50 13 52
13 51 25
51 13 29
17 18 20
18 17 14
17 19 23
19 17 17
17 21 51
21 17 40
17 22 29
22 17 37
17 24 34
24 17 35
17 27 27
27 17 25
17 28 54
28 17 47
17 29 35
29 17 40
17 30 25
30 17 31
17 31 43
31 17 47
17 32 36
32 17 25
17 33 17
33 17 23
17 34 50
34 17 35
17 35 73
35 17 53
17 36 81
36 17 58
17 37 4
37 17 5
17 38 28
38 17 22
17 39 25
39 17 33
17 40 20
40 17 28
17 41 9
41 17 18
17 42 18
42 17 14
17 43 66
43 17 47
17 44 6
44 17 9
17 45 14
45 17 18
17 46 19
46 17 17
17 47 9
47 17 9
17 48 38
48 17 32
17 49 15
49 17 22
17 50 17
50 17 32
17 51 22
51 17 17
18 19 26
19 18 20
18 21 28
21 18 46
18 22 51
22 18 35
18 24 28
24 18 21
18 27 11
27 18 20
18 28 55
28 18 43
18 29 53
29 18 44
18 30 59
30 18 41
18 31 39
31 18 41
18 32 14
32 18 25
18 33 52
33 18 37
18 34 61
34 18 44
18 35 53
35 18 54
18 36 74
36 18 58
18 37 14
37 18 19
18 38 40
38 18 28
18 39 25
39 18 46
18 40 43
40 18 30
18 41 14
41 18 17
18 42 27
42 18 23
18 43 17
43 18 33
18 44 30
44 18 22
18 45 45
45 18 32
18 46 9
46 18 16
18 47 5
47 18 8
18 48 32
48 18 23
18 49 39
49 18 31
18 50 52
50 18 39
18 51 16
51 18 15
19 21 66
21 19 57
19 22 44
22 19 53
19 24 38
24 19 39
19 27 39
27 19 39
19 28 42
28 19 62
19 29 62
29 19 57
19 30 39
30 19 47
19 31 61
31 19 61
19 32 42
32 19 41
19 33 21
33 19 33
19 34 72
34 19 52
19 35 47
35 19 70
19 36 106
36 19 75
19 37 30
37 19 21
19 38 53
38 19 39
19 39 50
39 19 46
19 40 8
40 19 11
19 41 6
41 19 5
19 42 7
42 19 9
19 43 76
43 19 51
19 44 20
44 19 17
19 45 18
45 19 26
19 46 21
46 19 32
19 47 20
47 19 22
19 48 55
48 19 44
19 49 20
49 19 38
19 50 72
50 19 49
19 51 43
51 19 31
21 22 22
22 21 25
21 24 78
24 21 55
21 27 21
27 21 33
21 28 21
28 21 31
21 29 6
29 21 7
21 30 9
30 21 16
21 31 41
31 21 37
21 32 15
32 21 24
21 33 34
33 21 36
21 34 5
34 21 9
21 35 30
35 21 21
21 36 36
36 21 27
21 37 37
37 21 36
21 38 10
38 21 18
21 39 32
39 21 27
21 40 78
40 21 67
21 41 54
41 21 57
21 42 70
42 21 52
21 43 64
43 21 61
21 44 60
44 21 42
21 45 46
45 21 39
21 46 37
46 21 30
21 47 20
47 21 38
21 48 24
48 21 39
21 49 15
49 21 20
21 50 4
50 21 8
21 51 29
51 21 32
22 24 19
24 22 34
22 27 8
27 22 15
22 28 13
28 22 10
22 29 9
29 22 18
22 30 23
30 22 34
22 31 7
31 22 13
22 32 13
32 22 12
22 33 65
33 22 47
22 34 31
34 22 31
22 35 15
35 22 21
22 36 13
36 22 24
22 37 37
37 22 36
22 38 22
38 22 22
22 39 30
39 22 45
22 40 84
40 22 63
22 41 28
41 22 51
22 42 47
42 22 51
22 43 21
43 22 38
22 44 25
44 22 43
22 45 53
45 22 47
22 46 21
46 22 21
22 47 20
47 22 30
22 48 16
48 22 17
22 49 38
49 22 30
22 50 31
50 22 24
22 51 31
51 22 21
24 27 16
27 24 22
24 28 23
28 24 38
24 29 58
29 24 50
24 30 55
30 24 56
24 31 22
31 24 34
24 32 35
32 24 30
24 33 29
33 24 57
24 34 67
34 24 56
24 35 55
35 24 55
24 36 42
36 24 58
24 37 52
37 24 38
24 38 57
38 24 41
24 39 40
39 24 63
24 40 48
40 24 46
24 41 32
41 24 35
24 42 50
42 24 44
24 43 9
43 24 12
24 44 46
44 24 43
24 45 33
45 24 52
24 46 20
46 24 27
24 47 14
47 24 26
24 48 11
48 24 17
24 49 50
49 24 46
24 50 58
50 24 50
24 51 23
51 24 25
27 28 20
28 27 23
27 29 28
29 27 28
27 30 29
30 27 35
27 31 26
31 27 22
27 32 9
32 27 8
27 33 56
33 27 41
27 34 27
34 27 34
27 35 35
35 27 35
27 36 44
36 27 39
27 37 27
37 27 26
27 38 18
38 27 20
27 39 47
39 27 44
27 40 40
40 27 49
27 41 22
41 27 37
27 42 24
42 27 39
27 43 16
43 27 30
27 44 47
44 27 33
27 45 58
45 27 39
27 46 11
46 27 9
27 47 21
47 27 17
27 48 6
48 27 9
27 49 20
49 27 27
27 50 41
50 27 28
27 51 5
51 27 8
28 29 27
29 28 24
28 30 39
30 28 43
28 31 3
31 28 6
28 32 12
32 28 22
28 33 59
33 28 57
28 34 46
34 28 38
28 35 28
35 28 19
28 36 15
36 28 20
28 37 35
37 28 46
28 38 42
38 28 32
28 39 62
39 28 54
28 40 78
40 28 72
28 41 37
41 28 60
28 42 48
42 28 61
28 43 31
43 28 38
28 44 70
44 28 53
28 45 63
45 28 57
28 46 34
46 28 30
28 47 39
47 28 39
28 48 18
48 28 22
28 49 38
49 28 39
28 50 47
50 28 33
28 51 29
51 28 30
29 30 29
30 29 21
29 31 39
31 29 30
29 32 12
32 29 20
29 33 41
33 29 40
29 34 17
34 29 15
29 35 15
35 29 16
29 36 20
36 29 22
29 37 20
37 29 37
29 38 20
38 29 18
29 39 27
39 29 33
29 40 51
40 29 67
29 41 65
41 29 57
29 42 28
42 29 53
29 43 76
43 29 55
29 44 51
44 29 43
29 45 28
45 29 42
29 46 30
46 29 28
29 47 43
47 29 37
29 48 25
48 29 34
29 49 18
49 29 22
29 50 16
50 29 11
29 51 32
51 29 29
30 31 40
31 30 47
30 32 32
32 30 28
30 33 15
33 30 21
30 34 8
34 30 7
30 35 37
35 30 36
30 36 47
36 30 42
30 37 18
37 30 26
30 38 16
38 30 15
30 39 17
39 30 12
30 40 75
40 30 57
30 41 30
41 30 49
30 42 40
42 30 41
30 43 92
43 30 64
30 44 24
44 30 30
30 45 29
45 30 25
30 46 17
46 30 29
30 47 37
47 30 33
30 48 58
48 30 43
30 49 7
49 30 10
30 50 12
50 30 10
30 51 35
51 30 31
31 32 25
32 31 23
31 33 46
33 31 60
31 34 26
34 31 43
31 35 19
35 31 26
31 36 26
36 31 26
31 37 58
37 31 47
31 38 18
38 31 35
31 39 82
39 31 58
31 40 68
40 31 71
31 41 47
41 31 59
31 42 75
42 31 61
31 43 37
43 31 32
31 44 52
44 31 54
31 45 62
45 31 59
31 46 28
46 31 30
31 47 24
47 31 39
31 48 18
48 31 18
31 49 27
49 31 42
31 50 23
50 31 37
31 51 25
51 31 30
32 33 42
33 32 37
32 34 19
34 32 26
32 35 33
35 32 29
32 36 44
36 32 34
32 37 19
37 32 25
32 38 16
38 32 13
32 39 48
39 32 37
32 40 34
40 32 52
32 41 30
41 32 40
32 42 52
42 32 40
32 43 28
43 32 38
32 44 31
44 32 32
32 45 43
45 32 36
32 46 13
46 32 9
32 47 23
47 32 19
32 48 13
48 32 16
32 49 22
49 32 21
32 50 20
50 32 20
32 51 7
51 32 10
33 34 23
34 33 27
33 35 61
35 33 55
33 36 48
36 33 61
33 37 21
37 33 18
33 38 17
38 33 25
33 39 14
39 33 14
33 40 60
40 33 41
33 41 38
41 33 37
33 42 23
42 33 25
33 43 87
43 33 68
33 44 18
44 33 17
33 45 8
45 33 7
33 46 26
46 33 32
33 47 16
47 33 30
33 48 46
48 33 49
33 49 15
49 33 18
33 50 15
50 33 29
33 51 18
51 33 34
34 35 18
35 34 30
34 36 48
36 34 36
34 37 32
37 34 31
34 38 10
38 34 16
34 39 25
39 34 18
34 40 84
40 34 62
34 41 45
41 34 53
34 42 54
42 34 46
34 43 33
43 34 64
34 44 22
44 34 36
34 45 22
45 34 32
34 46 42
46 34 30
34 47 19
47 34 36
34 48 61
48 34 42
34 49 17
49 34 14
34 50 6
50 34 6
34 51 42
51 34 32
35 36 6
36 35 6
35 37 33
37 35 51
35 38 30
38 35 33
35 39 60
39 35 48
35 40 109
40 35 81
35 41 51
41 35 69
35 42 50
42 35 67
35 43 52
43 35 57
35 44 31
44 35 58
35 45 54
45 35 58
35 46 52
46 35 38
35 47 62
47 35 48
35 48 21
48 35 38
35 49 41
49 35 38
35 50 16
50 35 27
35 51 48
51 35 39
36 37 49
37 36 56
36 38 37
38 36 38
36 39 58
39 36 54
36 40 112
40 36 86
36 41 52
41 36 74
36 42 95
42 36 72
36 43 65
43 36 58
36 44 68
44 36 63
36 45 38
45 36 64
36 46 63
46 36 43
36 47 79
47 36 53
36 48 21
48 36 40
36 49 56
49 36 44
36 50 35
50 36 33
36 51 57
51 36 44
37 38 19
38 37 18
37 39 31
39 37 28
37 40 16
40 37 31
37 41 33
41 37 23
37 42 19
42 37 16
37 43 65
43 37 50
37 44 9
44 37 7
37 45 8
45 37 14
37 46 25
46 37 17
37 47 10
47 37 12
37 48 41
48 37 34
37 49 23
49 37 17
37 50 31
50 37 28
37 51 26
51 37 18
38 39 29
39 38 24
38 40 35
40 38 49
38 41 42
41 38 39
38 42 51
42 38 35
38 43 53
43 38 49
38 44 25
44 38 25
38 45 36
45 38 26
38 46 9
46 38 14
38 47 28
47 38 20
38 48 40
48 38 28
38 49 10
49 38 8
38 50 11
50 38 11
38 51 19
51 38 16
39 40 71
40 39 55
39 41 26
41 39 49
39 42 50
42 39 38
39 43 40
43 39 73
39 44 17
44 39 29
39 45 29
45 39 21
39 46 20
46 39 36
39 47 25
47 39 38
39 48 35
48 39 52
39 49 24
49 39 17
39 50 19
50 39 22
39 51 50
51 39 38
40 41 12
41 40 12
40 42 18
42 40 16
40 43 40
43 40 58
40 44 38
44 40 26
40 45 26
45 40 34
40 46 59
46 40 43
40 47 44
47 40 33
40 48 47
48 40 53
40 49 59
49 40 48
40 50 59
50 40 60
40 51 36
51 40 42
41 42 15
42 41 13
41 43 35
43 41 47
41 44 28
44 41 20
41 45 41
45 41 30
41 46 20
46 41 31
41 47 20
47 41 21
41 48 45
48 41 41
41 49 45
49 41 40
41 50 41
50 41 50
41 51 39
51 41 30
42 43 69
43 42 56
42 44 8
44 42 10
42 45 21
45 42 18
42 46 20
46 42 31
42 47 15
47 42 22
42 48 37
48 42 45
42 49 35
49 42 32
42 50 42
50 42 44
42 51 29
51 42 31
43 44 39
44 43 55
43 45 85
45 43 64
43 46 41
46 43 37
43 47 28
47 43 38
43 48 23
48 43 22
43 49 83
49 43 56
43 50 62
50 43 58
43 51 19
51 43 35
44 45 5
45 44 10
44 46 24
46 44 24
44 47 12
47 44 18
44 48 31
48 44 40
44 49 14
49 44 22
44 50 22
50 44 34
44 51 13
51 44 25
45 46 30
46 45 30
45 47 35
47 45 26
45 48 49
48 45 47
45 49 14
49 45 20
45 50 16
50 45 32
45 51 25
51 45 31
46 47 11
47 46 10
46 48 10
48 46 17
46 49 26
49 46 19
46 50 24
50 46 24
46 51 1
51 46 2
47 48 21
48 47 23
47 49 13
49 47 23
47 50 40
50 47 31
47 51 9
51 47 9
48 49 42
49 48 35
48 50 19
50 48 36
48 51 14
51 48 16
49 50 10
50 49 12
49 51 15
51 49 22
50 51 22
51 50 26
