1 56 19 0 5700

282 286

76 3 15 22 22

1 6 36 26
2 7 21 45
3 9 45 35
6 8 50 50
7 7 55 45
8 9 26 59
9 8 40 66
10 9 55 65
11 6 35 51
12 7 62 35
13 8 62 57
16 8 33 44
17 8 9 56
18 6 62 48
19 6 66 14
20 6 44 13
22 9 11 28
23 9 7 43
24 9 17 64
25 9 41 46
26 8 55 34
28 9 52 26
29 9 43 26
30 7 31 76
31 9 22 53
32 6 26 29
33 7 50 40
36 7 60 15
38 9 30 60
39 6 30 50
41 6 15 14
42 6 16 19
43 9 21 48
44 9 50 30
45 9 51 42
47 9 48 21
48 8 12 38
49 9 15 56
50 6 29 39
51 8 54 38
52 7 55 57
53 7 67 41
55 7 6 25
56 8 65 27
57 6 40 60
58 9 70 64
59 7 64 4
61 8 30 20
64 9 50 70
66 9 45 42
67 7 38 33
68 8 50 4
70 6 59 5
73 6 40 20
74 9 40 37
75 7 40 40
4 9 55 20
5 9 33 34
14 8 62 24
15 7 21 36
21 9 26 13
27 7 35 16
34 6 55 50
35 6 54 10
37 8 47 66
40 9 12 17
46 7 50 15
54 8 10 70
60 6 36 6
62 8 20 30
63 7 15 5
65 6 57 72
69 6 66 8
71 7 35 60
72 9 27 24


76 1 19
1 76 15
76 2 21
2 76 23
76 3 20
3 76 26
76 6 32
6 76 39
76 7 22
7 76 40
76 8 26
8 76 37
76 9 25
9 76 48
76 10 52
10 76 54
76 11 35
11 76 32
76 12 60
12 76 42
76 13 35
13 76 53
76 16 15
16 76 25
76 17 22
17 76 36
76 18 55
18 76 47
76 19 31
19 76 45
76 20 35
20 76 24
76 22 10
22 76 13
76 23 36
23 76 26
76 24 26
24 76 42
76 25 40
25 76 30
76 26 21
26 76 35
76 28 17
28 76 30
76 29 23
29 76 21
76 30 44
30 76 55
76 31 28
31 76 31
76 32 7
32 76 8
76 33 42
33 76 33
76 36 50
36 76 39
76 38 46
38 76 39
76 39 23
39 76 29
76 41 13
41 76 11
76 42 4
42 76 7
76 43 15
43 76 26
76 44 36
44 76 29
76 45 32
45 76 35
76 47 29
47 76 26
76 48 16
48 76 19
76 49 28
49 76 35
76 50 21
50 76 18
76 51 51
51 76 35
76 52 69
52 76 48
76 53 60
53 76 48
76 55 12
55 76 16
76 56 43
56 76 43
76 57 50
57 76 42
76 58 92
58 76 63
76 59 34
59 76 45
76 61 5
61 76 8
76 64 31
64 76 55
76 66 24
66 76 30
76 67 17
67 76 19
76 68 36
68 76 33
76 70 44
70 76 40
76 73 18
73 76 18
76 74 14
74 76 23
76 75 34
75 76 25
76 4 46
4 76 33
76 5 22
5 76 16
76 14 37
14 76 40
76 15 8
15 76 14
76 21 11
21 76 10
76 27 12
27 76 14
76 34 60
34 76 43
76 35 42
35 76 34
76 37 28
37 76 51
76 40 10
40 76 11
76 46 20
46 76 29
76 54 26
54 76 49
76 60 17
60 76 21
76 62 11
62 76 8
76 63 22
63 76 18
76 65 90
65 76 61
76 69 64
69 76 46
76 71 29
71 76 40
76 72 4
72 76 5
1 2 26
2 1 24
1 3 18
3 1 13
1 6 19
6 1 28
1 7 23
7 1 27
1 8 45
8 1 34
1 9 30
9 1 40
1 10 40
10 1 43
1 11 36
11 1 25
1 12 29
12 1 28
1 13 22
13 1 40
1 16 22
16 1 18
1 17 34
17 1 40
1 18 23
18 1 34
1 19 36
19 1 32
1 20 11
20 1 15
1 22 19
22 1 25
1 23 36
23 1 34
1 24 21
24 1 42
1 25 23
25 1 21
1 26 15
26 1 21
1 28 8
28 1 16
1 29 5
29 1 7
1 30 32
30 1 50
1 31 15
31 1 30
1 32 8
32 1 10
1 33 19
33 1 20
1 36 20
36 1 26
1 38 47
38 1 34
1 39 32
39 1 25
1 41 34
41 1 24
1 42 19
42 1 21
1 43 26
43 1 27
1 44 12
44 1 15
1 45 16
45 1 22
1 47 19
47 1 13
1 48 27
48 1 27
1 49 29
49 1 37
1 50 16
50 1 15
1 51 27
51 1 22
1 52 42
52 1 36
1 53 25
53 1 34
1 55 44
55 1 30
1 56 39
56 1 29
1 57 21
57 1 34
1 58 51
58 1 51
1 59 44
59 1 36
1 61 10
61 1 8
1 64 23
64 1 46
1 66 24
66 1 18
1 67 8
67 1 7
1 68 17
68 1 26
1 70 46
70 1 31
1 73 4
73 1 7
1 74 12
74 1 11
1 75 10
75 1 14
1 4 19
4 1 20
1 5 8
5 1 9
1 14 28
14 1 26
1 15 17
15 1 18
1 21 13
21 1 16
1 27 12
27 1 10
1 34 39
34 1 31
1 35 23
35 1 24
1 37 38
37 1 41
1 40 34
40 1 26
1 46 14
46 1 18
1 54 65
54 1 51
1 60 25
60 1 20
1 62 18
62 1 16
1 63 40
63 1 29
1 65 63
65 1 50
1 69 40
69 1 35
1 71 23
71 1 34
1 72 7
72 1 9
2 3 20
3 2 26
2 6 39
6 2 29
2 7 39
7 2 34
2 8 13
8 2 15
2 9 32
9 2 28
2 10 51
10 2 39
2 11 18
11 2 15
2 12 25
12 2 42
2 13 36
13 2 43
2 16 13
16 2 12
2 17 23
17 2 16
2 18 61
18 2 41
2 19 39
19 2 55
2 20 57
20 2 39
2 22 27
22 2 20
2 23 13
23 2 14
2 24 26
24 2 19
2 25 25
25 2 20
2 26 24
26 2 36
2 28 50
28 2 36
2 29 30
29 2 29
2 30 40
30 2 33
2 31 5
31 2 8
2 32 20
32 2 17
2 33 20
33 2 29
2 36 26
36 2 49
2 38 25
38 2 17
2 39 11
39 2 10
2 41 17
41 2 32
2 42 17
42 2 26
2 43 3
43 2 3
2 44 41
44 2 33
2 45 28
45 2 30
2 47 38
47 2 36
2 48 8
48 2 11
2 49 9
49 2 13
2 50 9
50 2 10
2 51 43
51 2 33
2 52 28
52 2 36
2 53 35
53 2 46
2 55 31
55 2 25
2 56 43
56 2 48
2 57 18
57 2 24
2 58 36
58 2 52
2 59 75
59 2 59
2 61 40
61 2 27
2 64 55
64 2 38
2 66 24
66 2 24
2 67 21
67 2 21
2 68 62
68 2 50
2 70 39
70 2 54
2 73 26
73 2 31
2 74 31
74 2 21
2 75 22
75 2 20
2 4 57
4 2 42
2 5 21
5 2 16
2 14 41
14 2 46
2 15 13
15 2 9
2 21 23
21 2 32
2 27 31
27 2 32
2 34 22
34 2 34
2 35 67
35 2 48
2 37 32
37 2 33
2 40 33
40 2 29
2 46 26
46 2 41
2 54 37
54 2 27
2 60 23
60 2 42
2 62 10
62 2 15
2 63 33
63 2 40
2 65 28
65 2 45
2 69 32
69 2 58
2 71 24
71 2 21
2 72 31
72 2 22
3 6 13
6 3 16
3 7 7
7 3 14
3 8 45
8 3 31
3 9 42
9 3 31
3 10 32
10 3 32
3 11 20
11 3 19
3 12 23
12 3 17
3 13 16
13 3 28
3 16 9
16 3 15
3 17 31
17 3 42
3 18 25
18 3 21
3 19 25
19 3 30
3 20 29
20 3 22
3 22 33
22 3 35
3 23 54
23 3 39
3 24 36
24 3 40
3 25 13
25 3 12
3 26 9
26 3 10
3 28 12
28 3 11
3 29 5
29 3 9
3 30 58
30 3 43
3 31 30
31 3 29
3 32 19
32 3 20
3 33 10
33 3 7
3 36 15
36 3 25
3 38 22
38 3 29
3 39 31
39 3 21
3 41 39
41 3 37
3 42 27
42 3 33
3 43 33
43 3 27
3 44 8
44 3 7
3 45 9
45 3 9
3 47 20
47 3 14
3 48 17
48 3 33
3 49 24
49 3 37
3 50 20
50 3 16
3 51 13
51 3 9
3 52 26
52 3 24
3 53 23
53 3 22
3 55 58
55 3 40
3 56 16
56 3 22
3 57 15
57 3 25
3 58 47
58 3 38
3 59 53
59 3 36
3 61 27
61 3 21
3 64 20
64 3 35
3 66 5
66 3 7
3 67 9
67 3 7
3 68 30
68 3 31
3 70 41
70 3 33
3 73 21
73 3 16
3 74 4
74 3 5
3 75 8
75 3 7
3 4 15
4 3 18
3 5 13
5 3 12
3 14 26
14 3 20
3 15 30
15 3 24
3 21 15
21 3 29
3 27 11
27 3 21
3 34 10
34 3 18
3 35 31
35 3 27
3 37 28
37 3 31
3 40 44
40 3 38
3 46 25
46 3 21
3 54 46
54 3 49
3 60 34
60 3 30
3 62 22
62 3 25
3 63 57
63 3 42
3 65 22
65 3 39
3 69 31
69 3 34
3 71 26
71 3 27
3 72 27
72 3 21
6 7 10
7 6 7
6 8 20
8 6 26
6 9 28
9 6 19
6 10 11
10 6 16
6 11 18
11 6 15
6 12 10
12 6 19
6 13 17
13 6 14
6 16 16
16 6 18
6 17 37
17 6 41
6 18 11
18 6 12
6 19 47
19 6 39
6 20 54
20 6 37
6 22 23
22 6 45
6 23 37
23 6 44
6 24 43
24 6 36
6 25 12
25 6 10
6 26 23
26 6 17
6 28 12
28 6 24
6 29 25
29 6 25
6 30 25
30 6 32
6 31 35
31 6 28
6 32 31
32 6 32
6 33 7
33 6 10
6 36 53
36 6 36
6 38 19
38 6 22
6 39 22
39 6 20
6 41 71
41 6 50
6 42 35
42 6 46
6 43 20
43 6 29
6 44 28
44 6 20
6 45 5
45 6 8
6 47 26
47 6 29
6 48 29
48 6 40
6 49 42
49 6 36
6 50 17
50 6 24
6 51 17
51 6 13
6 52 12
52 6 9
6 53 21
53 6 19
6 55 62
55 6 51
6 56 26
56 6 27
6 57 20
57 6 14
6 58 20
58 6 24
6 59 40
59 6 48
6 61 45
61 6 36
6 64 25
64 6 20
6 66 11
66 6 9
6 67 19
67 6 20
6 68 54
68 6 46
6 70 50
70 6 46
6 73 33
73 6 32
6 74 13
74 6 16
6 75 14
75 6 14
6 4 40
4 6 30
6 5 14
5 6 23
6 14 29
14 6 29
6 15 16
15 6 32
6 21 52
21 6 44
6 27 37
27 6 37
6 34 3
34 6 5
6 35 38
35 6 40
6 37 23
37 6 16
6 40 29
40 6 50
6 46 29
46 6 35
6 54 52
54 6 44
6 60 63
60 6 46
6 62 39
62 6 36
6 63 52
63 6 57
6 65 18
65 6 23
6 69 54
69 6 45
6 71 21
71 6 18
6 72 19
72 6 34
7 8 31
8 7 32
7 9 30
9 7 26
7 10 28
10 7 20
7 11 29
11 7 21
7 12 13
12 7 12
7 13 16
13 7 14
7 16 18
16 7 22
7 17 39
17 7 47
7 18 5
18 7 8
7 19 22
19 7 33
7 20 18
20 7 34
7 22 69
22 7 47
7 23 37
23 7 48
7 24 31
24 7 42
7 25 18
25 7 14
7 26 7
26 7 11
7 28 11
28 7 19
7 29 25
29 7 22
7 30 47
30 7 39
7 31 24
31 7 34
7 32 34
32 7 33
7 33 5
33 7 7
7 36 43
36 7 30
7 38 16
38 7 29
7 39 31
39 7 25
7 41 46
41 7 51
7 42 44
42 7 47
7 43 41
43 7 34
7 44 8
44 7 16
7 45 4
45 7 5
7 47 17
47 7 25
7 48 44
48 7 44
7 49 57
49 7 41
7 50 33
50 7 27
7 51 10
51 7 7
7 52 6
52 7 12
7 53 11
53 7 13
7 55 54
55 7 53
7 56 15
56 7 21
7 57 21
57 7 21
7 58 15
58 7 24
7 59 22
59 7 42
7 61 27
61 7 35
7 64 31
64 7 25
7 66 6
66 7 10
7 67 17
67 7 21
7 68 61
68 7 41
7 70 44
70 7 40
7 73 28
73 7 29
7 74 9
74 7 17
7 75 10
75 7 15
7 4 36
4 7 25
7 5 14
5 7 25
7 14 26
14 7 22
7 15 47
15 7 35
7 21 51
21 7 43
7 27 38
27 7 35
7 34 3
34 7 5
7 35 19
35 7 35
7 37 25
37 7 22
7 40 71
40 7 51
7 46 41
46 7 30
7 54 57
54 7 51
7 60 53
60 7 43
7 62 47
62 7 38
7 63 37
63 7 56
7 65 35
65 7 27
7 69 25
69 7 38
7 71 25
71 7 25
7 72 26
72 7 35
8 9 16
9 8 16
8 10 43
10 8 30
8 11 15
11 8 12
8 12 28
12 8 43
8 13 41
13 8 36
8 16 21
16 8 17
8 17 18
17 8 17
8 18 34
18 8 38
8 19 70
19 8 60
8 20 28
20 8 49
8 22 29
22 8 34
8 23 24
23 8 25
8 24 8
24 8 10
8 25 13
25 8 20
8 26 25
26 8 38
8 28 34
28 8 42
8 29 43
29 8 37
8 30 11
30 8 18
8 31 9
31 8 7
8 32 36
32 8 30
8 33 19
33 8 31
8 36 52
36 8 56
8 38 5
38 8 4
8 39 10
39 8 10
8 41 31
41 8 46
8 42 29
42 8 41
8 43 8
43 8 12
8 44 49
44 8 38
8 45 32
45 8 30
8 47 23
47 8 44
8 48 21
48 8 25
8 49 16
49 8 11
8 50 25
50 8 20
8 51 35
51 8 35
8 52 15
52 8 29
8 53 44
53 8 45
8 55 44
55 8 39
8 56 30
56 8 50
8 57 11
57 8 14
8 58 50
58 8 44
8 59 43
59 8 67
8 61 37
61 8 39
8 64 31
64 8 26
8 66 18
66 8 25
8 67 40
67 8 29
8 68 85
68 8 60
8 70 69
70 8 63
8 73 52
73 8 41
8 74 18
74 8 26
8 75 16
75 8 24
8 4 70
4 8 49
8 5 32
5 8 26
8 14 48
14 8 50
8 15 16
15 8 24
8 21 53
21 8 46
8 27 33
27 8 44
8 34 29
34 8 30
8 35 49
35 8 56
8 37 28
37 8 22
8 40 26
40 8 44
8 46 51
46 8 50
8 54 27
54 8 19
8 60 42
60 8 54
8 62 21
62 8 30
8 63 79
63 8 55
8 65 20
65 8 33
8 69 62
69 8 65
8 71 5
71 8 9
8 72 24
72 8 35
9 10 9
10 9 15
9 11 18
11 9 16
9 12 36
12 9 38
9 13 32
13 9 24
9 16 30
16 9 23
9 17 20
17 9 33
9 18 35
18 9 28
9 19 67
19 9 58
9 20 32
20 9 53
9 22 33
22 9 48
9 23 43
23 9 40
9 24 34
24 9 23
9 25 28
25 9 20
9 26 40
26 9 35
9 28 24
28 9 42
9 29 36
29 9 40
9 30 19
30 9 13
9 31 25
31 9 22
9 32 30
32 9 40
9 33 22
33 9 28
9 36 37
36 9 55
9 38 14
38 9 12
9 39 15
39 9 19
9 41 56
41 9 58
9 42 36
42 9 53
9 43 35
43 9 26
9 44 21
44 9 37
9 45 36
45 9 26
9 47 45
47 9 46
9 48 53
48 9 39
9 49 15
49 9 27
9 50 23
50 9 29
9 51 38
51 9 31
9 52 12
52 9 17
9 53 55
53 9 37
9 55 79
55 9 53
9 56 44
56 9 46
9 57 5
57 9 6
9 58 33
58 9 30
9 59 87
59 9 66
9 61 64
61 9 47
9 64 10
64 9 11
9 66 20
66 9 25
9 67 18
67 9 33
9 68 37
68 9 63
9 70 32
70 9 64
9 73 23
73 9 46
9 74 33
74 9 29
9 75 23
75 9 26
9 4 57
4 9 48
9 5 48
5 9 33
9 14 57
14 9 47
9 15 22
15 9 36
9 21 55
21 9 55
9 27 50
27 9 50
9 34 20
34 9 22
9 35 71
35 9 58
9 37 10
37 9 7
9 40 48
40 9 56
9 46 32
46 9 52
9 54 30
54 9 30
9 60 31
60 9 60
9 62 56
62 9 41
9 63 67
63 9 66
9 65 14
65 9 18
9 69 59
69 9 63
9 71 5
71 9 8
9 72 31
72 9 44
10 11 30
11 10 24
10 12 32
12 10 31
10 13 7
13 10 11
10 16 42
16 10 30
10 17 31
17 10 47
10 18 18
18 10 18
10 19 60
19 10 52
10 20 30
20 10 53
10 22 69
22 10 57
10 23 61
23 10 53
10 24 54
24 10 38
10 25 20
25 10 24
10 26 18
26 10 31
10 28 35
28 10 39
10 29 30
29 10 41
10 30 13
30 10 26
10 31 24
31 10 35
10 32 37
32 10 46
10 33 37
33 10 25
10 36 49
36 10 50
10 38 31
38 10 25
10 39 42
39 10 29
10 41 67
41 10 65
10 42 55
42 10 60
10 43 47
43 10 38
10 44 23
44 10 35
10 45 13
45 10 23
10 47 63
47 10 44
10 48 34
48 10 50
10 49 36
49 10 41
10 50 19
50 10 36
10 51 28
51 10 27
10 52 10
52 10 8
10 53 38
53 10 27
10 55 66
55 10 63
10 56 23
56 10 39
10 57 22
57 10 16
10 58 20
58 10 15
10 59 88
59 10 62
10 61 33
61 10 51
10 64 10
64 10 7
10 66 23
66 10 25
10 67 42
67 10 36
10 68 45
68 10 61
10 70 67
70 10 60
10 73 61
73 10 47
10 74 26
74 10 32
10 75 31
75 10 29
10 4 29
4 10 45
10 5 25
5 10 38
10 14 51
14 10 42
10 15 65
15 10 45
10 21 78
21 10 60
10 27 27
27 10 53
10 34 22
34 10 15
10 35 62
35 10 55
10 37 11
37 10 8
10 40 89
40 10 64
10 46 41
46 10 50
10 54 50
54 10 45
10 60 56
60 10 62
10 62 54
62 10 49
10 63 99
63 10 72
10 65 10
65 10 7
10 69 70
69 10 58
10 71 13
71 10 21
10 72 48
72 10 50
11 12 24
12 11 31
11 13 22
13 11 28
11 16 7
16 11 7
11 17 29
17 11 26
11 18 18
18 11 27
11 19 69
19 11 48
11 20 41
20 11 39
11 22 19
22 11 33
11 23 24
23 11 29
11 24 21
24 11 22
11 25 8
25 11 8
11 26 33
26 11 26
11 28 32
28 11 30
11 29 22
29 11 26
11 30 21
30 11 25
11 31 12
31 11 13
11 32 34
32 11 24
11 33 24
33 11 19
11 36 39
36 11 44
11 38 13
38 11 10
11 39 3
39 11 5
11 41 41
41 11 42
11 42 52
42 11 37
11 43 18
43 11 14
11 44 20
44 11 26
11 45 13
45 11 18
11 47 34
47 11 33
11 48 32
48 11 26
11 49 22
49 11 21
11 50 11
50 11 13
11 51 24
51 11 23
11 52 11
52 11 21
11 53 44
53 11 34
11 55 24
55 11 39
11 56 48
56 11 38
11 57 7
57 11 10
11 58 44
58 11 37
11 59 34
59 11 55
11 61 43
61 11 31
11 64 23
64 11 24
11 66 18
66 11 13
11 67 16
67 11 18
11 68 72
68 11 49
11 70 26
70 11 52
11 73 36
73 11 31
11 74 11
74 11 15
11 75 17
75 11 12
11 4 42
4 11 37
11 5 18
5 11 17
11 14 19
14 11 38
11 15 14
15 11 21
11 21 31
21 11 39
11 27 35
27 11 35
11 34 19
34 11 20
11 35 43
35 11 45
11 37 15
37 11 19
11 40 23
40 11 41
11 46 51
46 11 39
11 54 16
54 11 31
11 60 36
60 11 45
11 62 19
62 11 26
11 63 35
63 11 50
11 65 32
65 11 30
11 69 50
69 11 53
11 71 8
71 11 9
11 72 38
72 11 28
12 13 19
13 12 22
12 16 22
16 12 30
12 17 45
17 12 57
12 18 8
18 12 13
12 19 28
19 12 21
12 20 21
20 12 28
12 22 62
22 12 51
12 23 72
23 12 56
12 24 46
24 12 54
12 25 30
25 12 24
12 26 5
26 12 7
12 28 10
28 12 13
12 29 25
29 12 21
12 30 58
30 12 51
12 31 61
31 12 44
12 32 46
32 12 36
12 33 9
33 12 13
12 36 13
36 12 20
12 38 51
38 12 41
12 39 25
39 12 35
12 41 56
41 12 51
12 42 52
42 12 49
12 43 55
43 12 43
12 44 9
44 12 13
12 45 16
45 12 13
12 47 15
47 12 19
12 48 53
48 12 50
12 49 40
49 12 51
12 50 24
50 12 33
12 51 5
51 12 9
12 52 15
52 12 23
12 53 10
53 12 8
12 55 54
55 12 56
12 56 11
56 12 9
12 57 44
57 12 33
12 58 39
58 12 30
12 59 42
59 12 31
12 61 20
61 12 35
12 64 21
64 12 37
12 66 25
66 12 18
12 67 24
67 12 24
12 68 44
68 12 33
12 70 44
70 12 30
12 73 19
73 12 26
12 74 22
74 12 22
12 75 20
75 12 23
12 4 12
4 12 17
12 5 39
5 12 29
12 14 8
14 12 11
12 15 24
15 12 41
12 21 47
21 12 42
12 27 23
27 12 33
12 34 10
34 12 17
12 35 22
35 12 26
12 37 49
37 12 34
12 40 73
40 12 53
12 46 23
46 12 23
12 54 81
54 12 63
12 60 47
60 12 38
12 62 32
62 12 42
12 63 44
63 12 56
12 65 46
65 12 37
12 69 39
69 12 27
12 71 31
71 12 37
12 72 40
72 12 37
13 16 33
16 13 32
13 17 55
17 13 53
13 18 11
18 13 9
13 19 24
19 13 43
13 20 45
20 13 48
13 22 66
22 13 59
13 23 33
23 13 57
13 24 25
24 13 46
13 25 19
25 13 24
13 26 30
26 13 24
13 28 25
28 13 33
13 29 38
29 13 36
13 30 23
30 13 36
13 31 49
31 13 40
13 32 55
32 13 46
13 33 24
33 13 21
13 36 61
36 13 42
13 38 19
38 13 32
13 39 38
39 13 33
13 41 64
41 13 64
13 42 86
42 13 60
13 43 58
43 13 42
13 44 37
44 13 30
13 45 13
45 13 19
13 47 53
47 13 39
13 48 71
48 13 53
13 49 46
49 13 47
13 50 19
50 13 38
13 51 26
51 13 21
13 52 9
52 13 7
13 53 23
53 13 17
13 55 55
55 13 64
13 56 15
56 13 30
13 57 22
57 13 22
13 58 11
58 13 11
13 59 57
59 13 53
13 61 52
61 13 49
13 64 19
64 13 18
13 66 13
66 13 23
13 67 40
67 13 34
13 68 36
68 13 54
13 70 55
70 13 52
13 73 26
73 13 43
13 74 43
74 13 30
13 75 30
75 13 28
13 4 36
4 13 38
13 5 46
5 13 37
13 14 40
14 13 33
13 15 59
15 13 46
13 21 41
21 13 57
13 27 62
27 13 49
13 34 6
34 13 10
13 35 66
35 13 48
13 37 11
37 13 17
13 40 80
40 13 64
13 46 26
46 13 44
13 54 74
54 13 54
13 60 73
60 13 57
13 62 43
62 13 50
13 63 71
63 13 70
13 65 11
65 13 16
13 69 45
69 13 49
13 71 24
71 13 27
13 72 35
72 13 48
16 17 40
17 16 27
16 18 35
18 16 29
16 19 59
19 16 45
16 20 32
20 16 33
16 22 27
22 16 27
16 23 16
23 16 26
16 24 35
24 16 26
16 25 5
25 16 8
16 26 29
26 16 24
16 28 29
28 16 26
16 29 16
29 16 21
16 30 27
30 16 32
16 31 16
31 16 14
16 32 24
32 16 17
16 33 11
33 16 17
16 36 56
36 16 40
16 38 15
38 16 16
16 39 8
39 16 7
16 41 50
41 16 35
16 42 44
42 16 30
16 43 19
43 16 13
16 44 11
44 16 22
16 45 25
45 16 18
16 47 33
47 16 27
16 48 12
48 16 22
16 49 19
49 16 22
16 50 3
50 16 6
16 51 21
51 16 21
16 52 14
52 16 26
16 53 18
53 16 34
16 55 19
55 16 33
16 56 48
56 16 36
16 57 14
57 16 17
16 58 35
58 16 42
16 59 43
59 16 50
16 61 19
61 16 24
16 64 25
64 16 31
16 66 6
66 16 12
16 67 13
67 16 12
16 68 46
68 16 43
16 70 65
70 16 46
16 73 19
73 16 25
16 74 12
74 16 10
16 75 6
75 16 8
16 4 21
4 16 33
16 5 9
5 16 10
16 14 30
14 16 35
16 15 13
15 16 14
16 21 29
21 16 32
16 27 21
27 16 28
16 34 16
34 16 23
16 35 28
35 16 40
16 37 30
37 16 26
16 40 49
40 16 34
16 46 33
46 16 34
16 54 23
54 16 35
16 60 50
60 16 38
16 62 12
62 16 19
16 63 44
63 16 43
16 65 51
65 16 37
16 69 69
69 16 49
16 71 15
71 16 16
16 72 12
72 16 21
17 18 45
18 17 54
17 19 71
19 17 71
17 20 32
20 17 55
17 22 14
22 17 28
17 23 10
23 17 13
17 24 16
24 17 11
17 25 49
25 17 34
17 26 68
26 17 51
17 28 38
28 17 52
17 29 59
29 17 45
17 30 15
30 17 29
17 31 13
31 17 13
17 32 19
32 17 32
17 33 49
33 17 44
17 36 84
36 17 65
17 38 16
38 17 21
17 39 31
39 17 22
17 41 39
41 17 42
17 42 44
42 17 38
17 43 18
43 17 14
17 44 47
44 17 48
17 45 36
45 17 44
17 47 27
47 17 52
17 48 22
48 17 18
17 49 4
49 17 6
17 50 33
50 17 26
17 51 69
51 17 48
17 52 43
52 17 46
17 53 30
53 17 60
17 55 22
55 17 31
17 56 86
56 17 63
17 57 30
57 17 31
17 58 35
58 17 61
17 59 48
59 17 75
17 61 27
61 17 42
17 64 58
64 17 43
17 66 56
66 17 38
17 67 31
67 17 37
17 68 34
68 17 66
17 70 73
70 17 71
17 73 52
73 17 48
17 74 25
74 17 36
17 75 36
75 17 35
17 4 50
4 17 58
17 5 43
5 17 33
17 14 71
14 17 62
17 15 16
15 17 23
17 21 55
21 17 46
17 27 47
27 17 48
17 34 64
34 17 46
17 35 87
35 17 64
17 37 42
37 17 39
17 40 31
40 17 39
17 46 72
46 17 58
17 54 19
54 17 14
17 60 65
60 17 57
17 62 41
62 17 28
17 63 65
63 17 51
17 65 45
65 17 50
17 69 47
69 17 74
17 71 32
71 17 26
17 72 25
72 17 37
18 19 26
19 18 34
18 20 49
20 18 39
18 22 82
22 18 55
18 23 44
23 18 55
18 24 35
24 18 48
18 25 25
25 18 21
18 26 20
26 18 16
18 28 27
28 18 24
18 29 33
29 18 29
18 30 44
30 18 42
18 31 55
31 18 40
18 32 36
32 18 41
18 33 11
33 18 14
18 36 41
36 18 33
18 38 48
38 18 34
18 39 23
39 18 32
18 41 72
41 18 58
18 42 41
42 18 54
18 43 34
43 18 41
18 44 26
44 18 22
18 45 11
45 18 13
18 47 16
47 18 30
18 48 70
48 18 51
18 49 38
49 18 47
18 50 49
50 18 34
18 51 8
51 18 13
18 52 13
52 18 11
18 53 6
53 18 9
18 55 80
55 18 60
18 56 28
56 18 21
18 57 35
57 18 25
18 58 16
58 18 18
18 59 63
59 18 44
18 61 56
61 18 42
18 64 34
64 18 25
18 66 25
66 18 18
18 67 39
67 18 28
18 68 49
68 18 46
18 70 32
70 18 43
18 73 27
73 18 36
18 74 27
74 18 24
18 75 33
75 18 23
18 4 38
4 18 29
18 5 37
5 18 32
18 14 12
14 18 24
18 15 57
15 18 43
18 21 29
21 18 50
18 27 28
27 18 42
18 34 7
34 18 7
18 35 49
35 18 39
18 37 14
37 18 23
18 40 43
40 18 58
18 46 35
46 18 35
18 54 73
54 18 56
18 60 42
60 18 49
18 62 37
62 18 46
18 63 69
63 18 63
18 65 22
65 18 25
18 69 44
69 18 40
18 71 43
71 18 29
18 72 21
72 18 42
19 20 30
20 19 22
19 22 37
22 19 57
19 23 69
23 19 66
19 24 99
24 19 70
19 25 31
25 19 41
19 26 14
26 19 23
19 28 15
28 19 18
19 29 20
29 19 26
19 30 42
30 19 71
19 31 84
31 19 58
19 32 31
32 19 43
19 33 19
33 19 31
19 36 6
36 19 6
19 38 53
38 19 58
19 39 72
39 19 51
19 41 47
41 19 51
19 42 61
42 19 50
19 43 63
43 19 56
19 44 31
44 19 22
19 45 31
45 19 32
19 47 23
47 19 19
19 48 77
48 19 59
19 49 87
49 19 66
19 50 38
50 19 44
19 51 26
51 19 27
19 52 52
52 19 44
19 53 30
53 19 27
19 55 75
55 19 61
19 56 14
56 19 13
19 57 35
57 19 53
19 58 70
58 19 50
19 59 13
59 19 10
19 61 41
61 19 36
19 64 80
64 19 58
19 66 51
66 19 35
19 67 31
67 19 34
19 68 24
68 19 19
19 70 7
70 19 11
19 73 25
73 19 27
19 74 32
74 19 34
19 75 41
75 19 36
19 4 18
4 19 13
19 5 47
5 19 39
19 14 12
14 19 11
19 15 66
15 19 50
19 21 33
21 19 40
19 27 16
27 19 31
19 34 33
34 19 38
19 35 13
35 19 13
19 37 50
37 19 55
19 40 43
40 19 54
19 46 9
46 19 16
19 54 96
54 19 79
19 60 33
60 19 31
19 62 64
62 19 48
19 63 50
63 19 52
19 65 73
65 19 59
19 69 4
69 19 6
19 71 72
71 19 55
19 72 43
72 19 40
20 22 28
22 20 36
20 23 51
23 20 48
20 24 29
24 20 58
20 25 35
25 20 33
20 26 22
26 20 24
20 28 16
28 20 15
20 29 13
29 20 13
20 30 43
30 20 64
20 31 24
31 20 46
20 32 32
32 20 24
20 33 37
33 20 28
20 36 23
36 20 16
20 38 32
38 20 49
20 39 30
39 20 40
20 41 23
41 20 29
20 42 25
42 20 28
20 43 32
43 20 42
20 44 16
44 20 18
20 45 29
45 20 30
20 47 8
47 20 9
20 48 57
48 20 41
20 49 64
49 20 52
20 50 25
50 20 30
20 51 17
51 20 27
20 52 59
52 20 45
20 53 44
53 20 36
20 55 34
55 20 39
20 56 15
56 20 25
20 57 33
57 20 47
20 58 51
58 20 57
20 59 25
59 20 22
20 61 20
61 20 15
20 64 65
64 20 57
20 66 22
66 20 29
20 67 29
67 20 21
20 68 6
68 20 11
20 70 22
70 20 17
20 73 9
73 20 8
20 74 17
74 20 24
20 75 20
75 20 27
20 4 8
4 20 13
20 5 33
5 20 24
20 14 29
14 20 21
20 15 41
15 20 33
20 21 13
21 20 18
20 27 11
27 20 9
20 34 21
34 20 39
20 35 14
35 20 10
20 37 45
37 20 53
20 40 41
40 20 32
20 46 8
46 20 6
20 54 49
54 20 66
20 60 7
60 20 11
20 62 34
62 20 29
20 63 34
63 20 30
20 65 88
65 20 60
20 69 17
69 20 22
20 71 45
71 20 48
20 72 12
72 20 20
22 23 19
23 22 16
22 24 40
24 22 36
22 25 48
25 22 35
22 26 54
26 22 44
22 28 24
28 22 41
22 29 16
29 22 32
22 30 68
30 22 52
22 31 22
31 22 27
22 32 16
32 22 15
22 33 45
33 22 41
22 36 53
36 22 51
22 38 51
38 22 37
22 39 34
39 22 29
22 41 10
41 22 15
22 42 6
42 22 10
22 43 13
43 22 22
22 44 30
44 22 39
22 45 27
45 22 42
22 47 26
47 22 38
22 48 14
48 22 10
22 49 41
49 22 28
22 50 19
50 22 21
22 51 26
51 22 44
22 52 41
52 22 53
22 53 77
53 22 57
22 55 7
55 22 6
22 56 64
56 22 54
22 57 33
57 22 43
22 58 80
58 22 69
22 59 70
59 22 58
22 61 23
61 22 21
22 64 54
64 22 57
22 66 46
66 22 37
22 67 18
67 22 27
22 68 44
68 22 46
22 70 59
70 22 53
22 73 25
73 22 30
22 74 32
74 22 30
22 75 43
75 22 31
22 4 48
4 22 45
22 5 28
5 22 23
22 14 33
14 22 51
22 15 8
15 22 13
22 21 28
21 22 21
22 27 22
27 22 27
22 34 26
34 22 49
22 35 31
35 22 47
22 37 61
37 22 52
22 40 13
40 22 11
22 46 32
46 22 41
22 54 54
54 22 42
22 60 47
60 22 33
22 62 8
62 22 9
22 63 34
63 22 23
22 65 50
65 22 64
22 69 83
69 22 58
22 71 40
71 22 40
22 72 19
72 22 16
23 24 12
24 23 23
23 25 17
25 23 34
23 26 69
26 23 49
23 28 55
28 23 48
23 29 56
29 23 40
23 30 59
30 23 41
23 31 11
31 23 18
23 32 32
32 23 24
23 33 42
33 23 43
23 36 50
36 23 60
23 38 27
38 23 29
23 39 35
39 23 24
23 41 21
41 23 30
23 42 31
42 23 26
23 43 21
43 23 15
23 44 26
44 23 45
23 45 23
45 23 44
23 47 34
47 23 47
23 48 5
48 23 7
23 49 22
49 23 15
23 50 12
50 23 22
23 51 26
51 23 47
23 52 54
52 23 50
23 53 79
53 23 60
23 55 12
55 23 18
23 56 68
56 23 60
23 57 36
57 23 37
23 58 92
58 23 66
23 59 41
59 23 69
23 61 29
61 23 32
23 64 27
64 23 51
23 66 43
66 23 38
23 67 23
67 23 33
23 68 68
68 23 58
23 70 95
70 23 64
23 73 52
73 23 40
23 74 33
74 23 33
23 75 21
75 23 33
23 4 72
4 23 53
23 5 37
5 23 28
23 14 67
14 23 58
23 15 18
15 23 16
23 21 20
21 23 36
23 27 20
27 23 39
23 34 51
34 23 49
23 35 76
35 23 57
23 37 23
37 23 46
23 40 22
40 23 26
23 46 74
46 23 51
23 54 29
54 23 27
23 60 49
60 23 47
23 62 15
62 23 18
23 63 46
63 23 38
23 65 48
65 23 58
23 69 61
69 23 68
23 71 48
71 23 33
23 72 25
72 23 27
24 25 30
25 24 30
24 26 24
26 24 48
24 28 71
28 24 52
24 29 43
29 24 46
24 30 11
30 24 18
24 31 15
31 24 12
24 32 40
32 24 36
24 33 21
33 24 41
24 36 63
36 24 65
24 38 19
38 24 14
24 39 21
39 24 19
24 41 30
41 24 50
24 42 35
42 24 45
24 43 22
43 24 16
24 44 45
44 24 47
24 45 34
45 24 40
24 47 61
47 24 53
24 48 33
48 24 26
24 49 8
49 24 8
24 50 34
50 24 28
24 51 38
51 24 45
24 52 51
52 24 39
24 53 71
53 24 55
24 55 57
55 24 40
24 56 35
56 24 60
24 57 27
57 24 23
24 58 62
58 24 53
24 59 40
59 24 76
24 61 59
61 24 45
24 64 40
64 24 34
24 66 39
66 24 36
24 67 46
67 24 37
24 68 95
68 24 68
24 70 63
70 24 72
24 73 47
73 24 50
24 74 48
74 24 35
24 75 19
75 24 33
24 4 57
4 24 58
24 5 38
5 24 34
24 14 64
14 24 60
24 15 20
15 24 28
24 21 71
21 24 52
24 27 66
27 24 51
24 34 38
34 24 40
24 35 64
35 24 65
24 37 42
37 24 30
24 40 27
40 24 47
24 46 59
46 24 59
24 54 13
54 24 9
24 60 57
60 24 61
24 62 21
62 24 34
24 63 63
63 24 59
24 65 33
65 24 41
24 69 95
69 24 74
24 71 20
71 24 18
24 72 23
72 24 41
25 26 12
26 25 18
25 28 15
28 25 23
25 29 21
29 25 20
25 30 39
30 25 32
25 31 22
31 25 20
25 32 25
32 25 23
25 33 10
33 25 11
25 36 35
36 25 36
25 38 25
38 25 18
25 39 11
39 25 12
25 41 42
41 25 41
25 42 29
42 25 37
25 43 14
43 25 20
25 44 25
44 25 18
25 45 11
45 25 11
25 47 15
47 25 26
25 48 34
48 25 30
25 49 23
49 25 28
25 50 14
50 25 14
25 51 8
51 25 15
25 52 18
52 25 18
25 53 13
53 25 26
25 55 48
55 25 41
25 56 42
56 25 30
25 57 11
57 25 14
25 58 25
58 25 34
25 59 69
59 25 48
25 61 28
61 25 28
25 64 15
64 25 26
25 66 3
66 25 6
25 67 15
67 25 13
25 68 44
68 25 43
25 70 67
70 25 45
25 73 25
73 25 26
25 74 6
74 25 9
25 75 3
75 25 6
25 4 23
4 25 30
25 5 18
5 25 14
25 14 25
14 25 30
25 15 26
15 25 22
25 21 50
21 25 36
25 27 42
27 25 31
25 34 10
34 25 15
25 35 49
35 25 38
25 37 23
37 25 21
25 40 41
40 25 41
25 46 46
46 25 32
25 54 29
54 25 39
25 60 44
60 25 40
25 62 23
62 25 26
25 63 66
63 25 49
25 65 30
65 25 31
25 69 54
69 25 45
25 71 8
71 25 15
25 72 31
72 25 26
26 28 8
28 26 9
26 29 10
29 26 14
26 30 59
30 26 48
26 31 48
31 26 38
26 32 33
32 26 29
26 33 4
33 26 8
26 36 22
36 26 20
26 38 25
38 26 36
26 39 33
39 26 30
26 41 54
41 26 44
26 42 48
42 26 42
26 43 55
43 26 37
26 44 8
44 26 6
26 45 11
45 26 9
26 47 11
47 26 15
26 48 42
48 26 43
26 49 32
49 26 46
26 50 13
50 26 26
26 51 5
51 26 4
26 52 22
52 26 23
26 53 8
53 26 14
26 55 67
55 26 49
26 56 15
56 26 12
26 57 44
57 26 30
26 58 29
58 26 34
26 59 20
59 26 31
26 61 16
61 26 28
26 64 50
64 26 36
26 66 11
66 26 13
26 67 25
67 26 17
26 68 27
68 26 30
26 70 28
70 26 29
26 73 10
73 26 20
26 74 19
74 26 15
26 75 19
75 26 16
26 4 12
4 26 14
26 5 16
5 26 22
26 14 13
14 26 12
26 15 27
15 26 34
26 21 53
21 26 36
26 27 31
27 26 27
26 34 8
34 26 16
26 35 21
35 26 24
26 37 22
37 26 33
26 40 62
40 26 46
26 46 12
46 26 20
26 54 34
54 26 58
26 60 43
60 26 34
26 62 22
62 26 35
26 63 49
63 26 49
26 65 34
65 26 38
26 69 32
69 26 28
26 71 20
71 26 33
26 72 29
72 26 30
28 29 8
29 28 9
28 30 80
30 28 54
28 31 22
31 28 40
28 32 30
32 28 26
28 33 17
33 28 14
28 36 10
36 28 14
28 38 57
38 28 40
28 39 43
39 28 33
28 41 32
41 28 39
28 42 21
42 28 37
28 43 54
43 28 38
28 44 2
44 28 4
28 45 10
45 28 16
28 47 7
47 28 6
28 48 43
48 28 42
28 49 52
49 28 48
28 50 35
50 28 26
28 51 17
51 28 12
28 52 23
52 28 31
28 53 14
53 28 21
28 55 49
55 28 46
28 56 19
56 28 13
28 57 50
57 28 36
28 58 53
58 28 42
28 59 20
59 28 25
28 61 29
61 28 23
28 64 48
64 28 44
28 66 25
66 28 17
28 67 14
67 28 16
28 68 23
68 28 22
28 70 15
70 28 22
28 73 7
73 28 13
28 74 13
74 28 16
28 75 13
75 28 18
28 4 5
4 28 7
28 5 15
5 28 21
28 14 12
14 28 10
28 15 28
15 28 33
28 21 35
21 28 29
28 27 18
27 28 20
28 34 33
34 28 24
28 35 21
35 28 16
28 37 29
37 28 40
28 40 59
40 28 41
28 46 12
46 28 11
28 54 76
54 28 61
28 60 19
60 28 25
28 62 38
62 28 32
28 63 54
63 28 43
28 65 50
65 28 46
28 69 24
69 28 23
28 71 26
71 28 38
28 72 28
72 28 25
29 30 52
30 29 51
29 31 28
31 29 34
29 32 23
32 29 17
29 33 12
33 29 16
29 36 25
36 29 20
29 38 32
38 29 36
29 39 23
39 29 27
29 41 19
41 29 30
29 42 17
42 29 28
29 43 34
43 29 31
29 44 10
44 29 8
29 45 16
45 29 18
29 47 4
47 29 7
29 48 46
48 29 33
29 49 48
49 29 41
29 50 10
50 29 19
29 51 22
51 29 16
29 52 34
52 29 33
29 53 28
53 29 28
29 55 20
55 29 37
29 56 31
56 29 22
29 57 27
57 29 34
29 58 61
58 29 47
29 59 44
59 29 30
29 61 14
61 29 14
29 64 54
64 29 45
29 66 21
66 29 16
29 67 8
67 29 9
29 68 33
68 29 23
29 70 25
70 29 26
29 73 9
73 29 7
29 74 6
74 29 11
29 75 12
75 29 14
29 4 7
4 29 13
29 5 10
5 29 13
29 14 18
14 29 19
29 15 33
15 29 24
29 21 18
21 29 21
29 27 15
27 29 13
29 34 14
34 29 27
29 35 12
35 29 19
29 37 46
37 29 40
29 40 44
40 29 32
29 46 9
46 29 13
29 54 65
54 29 55
29 60 28
60 29 21
29 62 25
62 29 23
29 63 30
63 29 35
29 65 50
65 29 48
29 69 23
69 29 29
29 71 32
71 29 35
29 72 9
72 29 16
30 31 32
31 30 25
30 32 28
32 30 47
30 33 32
33 30 41
30 36 70
36 30 68
30 38 14
38 30 16
30 39 14
39 30 26
30 41 33
41 30 64
30 42 79
42 30 59
30 43 18
43 30 30
30 44 28
44 30 50
30 45 37
45 30 39
30 47 63
47 30 58
30 48 61
48 30 42
30 49 13
49 30 26
30 50 55
50 30 37
30 51 49
51 30 44
30 52 46
52 30 31
30 53 52
53 30 50
30 55 45
55 30 56
30 56 32
56 30 60
30 57 23
57 30 18
30 58 54
58 30 41
30 59 73
59 30 79
30 61 35
61 30 56
30 64 27
64 30 20
30 66 33
66 30 37
30 67 23
67 30 44
30 68 42
68 30 74
30 70 90
70 30 76
30 73 73
73 30 56
30 74 45
74 30 40
30 75 28
75 30 37
30 4 33
4 30 61
30 5 51
5 30 42
30 14 45
14 30 60
30 15 49
15 30 41
30 21 54
21 30 63
30 27 64
27 30 60
30 34 52
34 30 35
30 35 91
35 30 70
30 37 14
37 30 19
30 40 72
40 30 62
30 46 48
46 30 64
30 54 25
54 30 22
30 60 45
60 30 70
30 62 40
62 30 47
30 63 81
63 30 72
30 65 23
65 30 26
30 69 69
69 30 76
30 71 20
71 30 16
30 72 76
72 30 52
31 32 14
32 31 24
31 33 16
33 31 31
31 36 36
36 31 54
31 38 11
38 31 11
31 39 10
39 31 9
31 41 48
41 31 40
31 42 21
42 31 35
31 43 6
43 31 5
31 44 47
44 31 36
31 45 38
45 31 31
31 47 60
47 31 41
31 48 12
48 31 18
31 49 7
49 31 8
31 50 16
50 31 16
31 51 41
51 31 35
31 52 25
52 31 33
31 53 67
53 31 47
31 55 19
55 31 32
31 56 40
56 31 50
31 57 20
57 31 19
31 58 59
58 31 49
31 59 89
59 31 64
31 61 20
61 31 34
31 64 17
64 31 33
31 66 18
66 31 25
31 67 33
67 31 26
31 68 28
68 31 56
31 70 55
70 31 60
31 73 43
73 31 38
31 74 13
74 31 24
31 75 29
75 31 22
31 4 55
4 31 47
31 5 23
5 31 22
31 14 40
14 31 49
31 15 24
15 31 17
31 21 40
21 31 40
31 27 24
27 31 39
31 34 44
34 31 33
31 35 72
35 31 54
31 37 37
37 31 28
31 40 27
40 31 37
31 46 54
46 31 47
31 54 12
54 31 21
31 60 65
60 31 49
31 62 16
62 31 23
31 63 62
63 31 48
31 65 51
65 31 40
31 69 46
69 31 63
31 71 12
71 31 15
31 72 19
72 31 29
32 33 28
33 32 26
32 36 30
36 32 37
32 38 17
38 32 31
32 39 29
39 32 21
32 41 16
41 32 19
32 42 9
42 32 14
32 43 20
43 32 20
32 44 14
44 32 24
32 45 15
45 32 28
32 47 17
47 32 23
32 48 10
48 32 17
32 49 17
49 32 29
32 50 11
50 32 10
32 51 22
51 32 29
32 52 28
52 32 40
32 53 32
53 32 42
32 55 15
55 32 20
32 56 41
56 32 39
32 57 19
57 32 34
32 58 56
58 32 56
32 59 49
59 32 45
32 61 11
61 32 10
32 64 56
64 32 47
32 66 31
66 32 23
32 67 14
67 32 13
32 68 48
68 32 35
32 70 40
70 32 41
32 73 22
73 32 17
32 74 16
74 32 16
32 75 15
75 32 18
32 4 36
4 32 30
32 5 13
5 32 9
32 14 30
14 32 36
32 15 6
15 32 9
32 21 10
21 32 16
32 27 11
27 32 16
32 34 50
34 32 36
32 35 28
35 32 34
32 37 43
37 32 43
32 40 23
40 32 18
32 46 15
46 32 28
32 54 59
54 32 44
32 60 30
60 32 25
32 62 4
62 32 6
32 63 18
63 32 26
32 65 28
65 32 53
32 69 66
69 32 45
32 71 18
71 32 32
32 72 7
72 32 5
33 36 39
36 33 27
33 38 38
38 33 28
33 39 17
39 33 22
33 41 23
41 33 44
33 42 58
42 33 40
33 43 21
43 33 30
33 44 14
44 33 10
33 45 1
45 33 2
33 47 18
47 33 19
33 48 22
48 33 38
33 49 36
49 33 38
33 50 31
50 33 21
33 51 3
51 33 4
33 52 18
52 33 18
33 53 17
53 33 17
33 55 28
55 33 46
33 56 12
56 33 20
33 57 19
57 33 22
33 58 28
58 33 31
33 59 50
59 33 39
33 61 34
61 33 28
33 64 40
64 33 30
33 66 7
66 33 5
33 67 15
67 33 14
33 68 27
68 33 36
33 70 25
70 33 36
33 73 27
73 33 22
33 74 12
74 33 10
33 75 8
75 33 10
33 4 12
4 33 21
33 5 24
5 33 18
33 14 28
14 33 20
33 15 36
15 33 29
33 21 39
21 33 36
33 27 27
27 33 28
33 34 12
34 33 11
33 35 32
35 33 30
33 37 26
37 33 26
33 40 33
40 33 44
33 46 31
46 33 25
33 54 39
54 33 50
33 60 22
60 33 37
33 62 23
62 33 32
33 63 44
63 33 49
33 65 17
65 33 33
33 69 49
69 33 36
33 71 31
71 33 25
33 72 23
72 33 28
36 38 53
38 36 54
36 39 34
39 36 46
36 41 23
41 36 45
36 42 36
42 36 44
36 43 69
43 36 51
36 44 19
44 36 18
36 45 30
45 36 28
36 47 11
47 36 13
36 48 63
48 36 53
36 49 77
49 36 61
36 50 29
50 36 39
36 51 35
51 36 24
36 52 31
52 36 42
36 53 25
53 36 27
36 55 34
55 36 55
36 56 9
56 36 13
36 57 28
57 36 49
36 58 43
58 36 50
36 59 15
59 36 12
36 61 16
61 36 30
36 64 58
64 36 56
36 66 35
66 36 31
36 67 26
67 36 28
36 68 9
68 36 15
36 70 13
70 36 10
36 73 23
73 36 21
36 74 30
74 36 30
36 75 32
75 36 32
36 4 10
4 36 7
36 5 40
5 36 33
36 14 9
14 36 9
36 15 42
15 36 44
36 21 20
21 36 34
36 27 27
27 36 25
36 34 33
34 36 35
36 35 6
35 36 8
36 37 33
37 36 53
36 40 70
40 36 48
36 46 7
46 36 10
36 54 87
54 36 74
36 60 38
60 36 26
36 62 53
62 36 42
36 63 46
63 36 46
36 65 70
65 36 57
36 69 10
69 36 9
36 71 53
71 36 51
36 72 27
72 36 34
38 39 11
39 38 10
38 41 47
41 38 48
38 42 35
42 38 43
38 43 17
43 38 15
38 44 30
44 38 36
38 45 36
45 38 28
38 47 57
47 38 43
38 48 32
48 38 28
38 49 9
49 38 16
38 50 24
50 38 21
38 51 26
51 38 33
38 52 33
52 38 25
38 53 55
53 38 42
38 55 36
55 38 42
38 56 27
56 38 48
38 57 10
57 38 10
38 58 26
58 38 40
38 59 75
59 38 66
38 61 49
61 38 40
38 64 14
64 38 22
38 66 22
66 38 23
38 67 34
67 38 28
38 68 75
68 38 59
38 70 66
70 38 62
38 73 34
73 38 41
38 74 26
74 38 25
38 75 20
75 38 22
38 4 49
4 38 47
38 5 22
5 38 26
38 14 29
14 38 48
38 15 25
15 38 26
38 21 35
21 38 47
38 27 62
27 38 44
38 34 36
34 38 27
38 35 55
35 38 55
38 37 21
37 38 18
38 40 36
40 38 47
38 46 29
46 38 49
38 54 12
54 38 22
38 60 79
60 38 54
38 62 39
62 38 32
38 63 66
63 38 57
38 65 27
65 38 29
38 69 90
69 38 63
38 71 6
71 38 5
38 72 26
72 38 36
39 41 48
41 39 39
39 42 44
42 39 34
39 43 5
43 39 9
39 44 35
44 39 28
39 45 29
45 39 22
39 47 41
47 39 34
39 48 19
48 39 22
39 49 20
49 39 16
39 50 8
50 39 11
39 51 18
51 39 27
39 52 31
52 39 26
39 53 22
53 39 38
39 55 21
55 39 35
39 56 25
56 39 42
39 57 8
57 39 14
39 58 31
58 39 42
39 59 44
59 39 57
39 61 39
61 39 30
39 64 37
64 39 28
39 66 12
66 39 17
39 67 11
67 39 19
39 68 47
68 39 50
39 70 79
70 39 53
39 73 22
73 39 32
39 74 21
74 39 16
39 75 10
75 39 14
39 4 30
4 39 39
39 5 13
5 39 16
39 14 21
14 39 41
39 15 25
15 39 17
39 21 30
21 39 37
39 27 42
27 39 34
39 34 18
34 39 25
39 35 40
35 39 47
39 37 19
37 39 23
39 40 19
40 39 38
39 46 46
46 39 40
39 54 27
54 39 28
39 60 59
60 39 44
39 62 12
62 39 22
39 63 44
63 39 47
39 65 42
65 39 35
39 69 37
69 39 55
39 71 16
71 39 11
39 72 31
72 39 26
41 42 5
42 41 5
41 43 40
43 41 34
41 44 37
44 41 38
41 45 36
45 41 46
41 47 19
47 41 34
41 48 22
48 41 24
41 49 49
49 41 42
41 50 33
50 41 29
41 51 53
51 41 46
41 52 77
52 41 59
41 53 64
53 41 58
41 55 15
55 41 14
41 56 71
56 41 52
41 57 56
57 41 52
41 58 94
58 41 74
41 59 43
59 41 50
41 61 9
61 41 16
41 64 54
64 41 66
41 66 59
66 41 41
41 67 41
67 41 30
41 68 30
68 41 36
41 70 56
70 41 45
41 73 29
73 41 26
41 74 26
74 41 34
41 75 25
75 41 36
41 4 30
4 41 40
41 5 34
5 41 27
41 14 37
14 41 48
41 15 24
15 41 23
41 21 8
21 41 11
41 27 17
27 41 20
41 34 52
34 41 54
41 35 23
35 41 39
41 37 34
37 41 61
41 40 4
40 41 4
41 46 41
46 41 35
41 54 41
54 41 56
41 60 18
60 41 22
41 62 15
62 41 17
41 63 10
63 41 9
41 65 67
65 41 72
41 69 47
69 41 51
41 71 39
71 41 50
41 72 18
72 41 16
42 43 43
43 42 29
42 44 21
44 42 36
42 45 41
45 42 42
42 47 44
47 42 32
42 48 14
48 42 19
42 49 22
49 42 37
42 50 13
50 42 24
42 51 35
51 42 42
42 52 67
52 42 54
42 53 35
53 42 55
42 55 14
55 42 12
42 56 27
56 42 50
42 57 50
57 42 48
42 58 102
58 42 70
42 59 72
59 42 50
42 61 16
61 42 14
42 64 74
64 42 61
42 66 23
66 42 37
42 67 31
67 42 26
42 68 23
68 42 37
42 70 62
70 42 45
42 73 32
73 42 24
42 74 22
74 42 30
42 75 46
75 42 32
42 4 37
4 42 39
42 5 25
5 42 23
42 14 27
14 42 46
42 15 18
15 42 18
42 21 17
21 42 12
42 27 11
27 42 19
42 34 65
34 42 50
42 35 38
35 42 39
42 37 73
37 42 56
42 40 5
40 42 4
42 46 22
46 42 34
42 54 55
54 42 51
42 60 24
60 42 24
42 62 9
62 42 12
42 63 19
63 42 14
42 65 68
65 42 67
42 69 33
69 42 51
42 71 60
71 42 45
42 72 10
72 42 12
43 44 49
44 43 34
43 45 36
45 43 31
43 47 29
47 43 38
43 48 8
48 43 13
43 49 9
49 43 10
43 50 17
50 43 12
43 51 35
51 43 34
43 52 27
52 43 35
43 53 69
53 43 47
43 55 39
55 43 27
43 56 42
56 43 49
43 57 30
57 43 22
43 58 51
58 43 52
43 59 58
59 43 61
43 61 40
61 43 29
43 64 46
64 43 36
43 66 29
66 43 25
43 67 14
67 43 23
43 68 52
68 43 53
43 70 49
70 43 57
43 73 32
73 43 34
43 74 12
74 43 22
43 75 15
75 43 21
43 4 53
4 43 44
43 5 21
5 43 18
43 14 24
14 43 48
43 15 14
15 43 12
43 21 23
21 43 35
43 27 20
27 43 35
43 34 44
34 43 34
43 35 57
35 43 50
43 37 46
37 43 32
43 40 35
40 43 32
43 46 23
46 43 44
43 54 16
54 43 25
43 60 52
60 43 45
43 62 10
62 43 18
43 63 58
63 43 43
43 65 39
65 43 43
43 69 43
69 43 60
43 71 15
71 43 18
43 72 34
72 43 25
44 45 10
45 44 12
44 47 11
47 44 9
44 48 48
48 44 39
44 49 36
49 44 44
44 50 20
50 44 23
44 51 12
51 44 9
44 52 22
52 44 27
44 53 20
53 44 20
44 55 64
55 44 44
44 56 17
56 44 15
44 57 33
57 44 32
44 58 54
58 44 39
44 59 43
59 44 30
44 61 22
61 44 22
44 64 30
64 44 40
44 66 15
66 44 13
44 67 8
67 44 12
44 68 30
68 44 26
44 70 17
70 44 27
44 73 16
73 44 14
44 74 7
74 44 12
44 75 16
75 44 14
44 4 6
4 44 11
44 5 14
5 44 17
44 14 10
14 44 13
44 15 32
15 44 30
44 21 40
21 44 29
44 27 18
27 44 21
44 34 31
34 44 21
44 35 11
35 44 20
44 37 40
37 44 36
44 40 33
40 44 40
44 46 12
46 44 15
44 54 76
54 44 57
44 60 19
60 44 28
44 62 21
62 44 30
44 63 36
63 44 43
44 65 55
65 44 42
44 69 34
69 44 27
44 71 21
71 44 34
44 72 22
72 44 24
45 47 24
47 45 21
45 48 54
48 45 39
45 49 38
49 45 39
45 50 28
50 45 22
45 51 7
51 45 5
45 52 16
52 45 16
45 53 19
53 45 16
45 55 30
55 45 48
45 56 23
56 45 21
45 57 24
57 45 21
45 58 29
58 45 29
45 59 25
59 45 40
45 61 39
61 45 30
45 64 41
64 45 28
45 66 7
66 45 6
45 67 16
67 45 16
45 68 24
68 45 38
45 70 45
70 45 38
45 73 21
73 45 25
45 74 9
74 45 12
45 75 16
75 45 11
45 4 17
4 45 22
45 5 26
5 45 20
45 14 30
14 45 21
45 15 37
15 45 31
45 21 50
21 45 38
45 27 32
27 45 30
45 34 9
34 45 9
45 35 33
35 45 32
45 37 24
37 45 24
45 40 38
40 45 46
45 46 22
46 45 27
45 54 51
54 45 50
45 60 54
60 45 39
45 62 30
62 45 33
45 63 41
63 45 51
45 65 37
65 45 31
45 69 40
69 45 37
45 71 30
71 45 24
45 72 18
72 45 30
47 48 45
48 47 40
47 49 49
49 47 48
47 50 14
50 47 26
47 51 24
51 47 18
47 52 32
52 47 37
47 53 25
53 47 28
47 55 43
55 47 42
47 56 19
56 47 18
47 57 59
57 47 40
47 58 30
58 47 48
47 59 25
59 47 23
47 61 16
61 47 18
47 64 30
64 47 49
47 66 19
66 47 21
47 67 12
67 47 16
47 68 22
68 47 17
47 70 28
70 47 19
47 73 9
73 47 8
47 74 13
74 47 18
47 75 16
75 47 21
47 4 6
4 47 7
47 5 11
5 47 20
47 14 16
14 47 14
47 15 29
15 47 31
47 21 31
21 47 23
47 27 12
27 47 14
47 34 22
34 47 30
47 35 8
35 47 12
47 37 24
37 47 45
47 40 51
40 47 36
47 46 8
46 47 6
47 54 65
54 47 62
47 60 20
60 47 19
47 62 23
62 47 29
47 63 29
63 47 37
47 65 45
65 47 52
47 69 29
69 47 22
47 71 34
71 47 41
47 72 24
72 47 21
48 49 9
49 48 18
48 50 20
50 48 17
48 51 50
51 48 42
48 52 63
52 48 47
48 53 28
53 48 55
48 55 19
55 48 14
48 56 61
56 48 54
48 57 19
57 48 36
48 58 62
58 48 64
48 59 31
59 48 62
48 61 33
61 48 25
48 64 37
64 48 50
48 66 26
66 48 33
48 67 18
67 48 26
48 68 38
68 48 51
48 70 74
70 48 57
48 73 34
73 48 33
48 74 18
74 48 28
48 75 28
75 48 28
48 4 26
4 48 46
48 5 16
5 48 21
48 14 75
14 48 52
48 15 13
15 48 9
48 21 42
21 48 29
48 27 18
27 48 32
48 34 57
34 48 45
48 35 55
35 48 50
48 37 45
37 48 45
48 40 13
40 48 21
48 46 60
46 48 44
48 54 35
54 48 32
48 60 53
60 48 40
48 62 7
62 48 11
48 63 25
63 48 33
48 65 68
65 48 56
48 69 89
69 48 62
48 71 28
71 48 32
48 72 26
72 48 20
49 50 20
50 49 22
49 51 25
51 49 43
49 52 58
52 49 40
49 53 41
53 49 54
49 55 35
55 49 32
49 56 36
56 49 58
49 57 15
57 49 25
49 58 75
58 49 55
49 59 51
59 49 71
49 61 54
61 49 39
49 64 51
64 49 38
49 66 38
66 49 33
49 67 22
67 49 33
49 68 52
68 49 63
49 70 78
70 49 67
49 73 55
73 49 44
49 74 31
74 49 31
49 75 30
75 49 30
49 4 39
4 49 54
49 5 14
5 49 28
49 14 42
14 49 57
49 15 13
15 49 21
49 21 65
21 49 44
49 27 29
27 49 45
49 34 57
34 49 40
49 35 56
35 49 60
49 37 48
37 49 34
49 40 52
40 49 39
49 46 37
46 49 54
49 54 12
54 49 15
49 60 69
60 49 54
49 62 35
62 49 26
49 63 56
63 49 51
49 65 27
65 49 45
49 69 88
69 49 70
49 71 27
71 49 20
49 72 18
72 49 34
50 51 32
51 50 25
50 52 36
52 50 32
50 53 31
53 50 38
50 55 16
55 50 27
50 56 24
56 50 38
50 57 16
57 50 24
50 58 35
58 50 48
50 59 25
59 50 49
50 61 24
61 50 19
50 64 47
64 50 37
50 66 15
66 50 16
50 67 12
67 50 11
50 68 56
68 50 41
50 70 66
70 50 45
50 73 28
73 50 22
50 74 8
74 50 11
50 75 15
75 50 11
50 4 35
4 50 32
50 5 8
5 50 6
50 14 53
14 50 36
50 15 12
15 50 9
50 21 15
21 50 26
50 27 15
27 50 24
50 34 33
34 50 28
50 35 39
35 50 38
50 37 39
37 50 32
50 40 40
40 50 28
50 46 35
46 50 32
50 54 50
54 50 36
50 60 32
60 50 34
50 62 11
62 50 13
50 63 40
63 50 37
50 65 45
65 50 43
50 69 51
69 50 48
50 71 24
71 50 22
50 72 20
72 50 15
51 52 18
52 51 19
51 53 15
53 51 13
51 55 67
55 51 50
51 56 9
56 51 16
51 57 38
57 51 26
51 58 21
58 51 31
51 59 38
59 51 35
51 61 24
61 51 30
51 64 25
64 51 32
51 66 13
66 51 10
51 67 22
67 51 17
51 68 31
68 51 34
51 70 38
70 51 33
51 73 22
73 51 23
51 74 19
74 51 14
51 75 9
75 51 14
51 4 18
4 51 18
51 5 15
5 51 21
51 14 23
14 51 16
51 15 39
15 51 33
51 21 37
21 51 37
51 27 43
27 51 29
51 34 9
34 51 12
51 35 34
35 51 28
51 37 32
37 51 29
51 40 43
40 51 46
51 46 31
46 51 23
51 54 71
54 51 54
51 60 40
60 51 37
51 62 41
62 51 35
51 63 35
63 51 51
51 65 23
65 51 34
51 69 19
69 51 32
51 71 36
71 51 29
51 72 42
72 51 30
52 53 13
53 52 20
52 55 36
55 52 59
52 56 42
56 52 32
52 57 8
57 52 15
52 58 14
58 52 17
52 59 41
59 52 54
52 61 52
61 52 45
52 64 7
64 52 14
52 66 13
66 52 18
52 67 17
67 52 29
52 68 30
68 52 53
52 70 62
70 52 52
52 73 45
73 52 40
52 74 31
74 52 25
52 75 19
75 52 23
52 4 19
4 52 37
52 5 20
5 52 32
52 14 45
14 52 34
52 15 28
15 52 40
52 21 61
21 52 53
52 27 67
27 52 46
52 34 10
34 52 7
52 35 50
35 52 47
52 37 9
37 52 12
52 40 39
40 52 58
52 46 48
46 52 42
52 54 47
54 52 47
52 60 76
60 52 54
52 62 26
62 52 44
52 63 88
63 52 66
52 65 12
65 52 15
52 69 40
69 52 50
52 71 26
71 52 20
52 72 37
72 52 43
53 55 61
55 53 63
53 56 11
56 53 14
53 57 25
57 53 33
53 58 18
58 53 23
53 59 33
59 53 37
53 61 59
61 53 43
53 64 23
64 53 34
53 66 21
66 53 22
53 67 29
67 53 30
53 68 34
68 53 41
53 70 44
70 53 37
53 73 21
73 53 34
53 74 37
74 53 27
53 75 24
75 53 27
53 4 29
4 53 24
53 5 42
5 53 34
53 14 14
14 53 18
53 15 35
15 53 46
53 21 38
21 53 49
53 27 30
27 53 41
53 34 21
34 53 15
53 35 44
35 53 34
53 37 33
37 53 32
53 40 53
40 53 59
53 46 18
46 53 31
53 54 38
54 53 64
53 60 65
60 53 47
53 62 56
62 53 48
53 63 79
63 53 63
53 65 47
65 53 33
53 69 46
69 53 33
53 71 26
71 53 37
53 72 24
72 53 43
55 56 48
56 55 59
55 57 45
57 55 49
55 58 102
58 55 75
55 59 64
59 55 62
55 61 35
61 55 25
55 64 40
64 55 63
55 66 60
66 55 43
55 67 49
67 55 33
55 68 49
68 55 49
55 70 76
70 55 57
55 73 39
73 55 34
55 74 19
74 55 36
55 75 32
75 55 37
55 4 32
4 55 49
55 5 17
5 55 28
55 14 73
14 55 56
55 15 18
15 55 19
55 21 23
21 55 23
55 27 17
27 55 30
55 34 45
34 55 55
55 35 53
35 55 50
55 37 54
37 55 58
55 40 10
40 55 10
55 46 49
46 55 45
55 54 49
54 55 45
55 60 31
60 55 36
55 62 9
62 55 15
55 63 19
63 55 22
55 65 88
65 55 69
55 69 66
69 55 62
55 71 24
71 55 45
55 72 15
72 55 21
56 57 44
57 56 41
56 58 22
58 56 37
56 59 19
59 56 23
56 61 38
61 56 36
56 64 62
64 56 46
56 66 37
66 56 25
56 67 17
67 56 28
56 68 35
68 56 27
56 70 16
70 56 23
56 73 34
73 56 26
56 74 36
74 56 27
56 75 24
75 56 28
56 4 14
4 56 12
56 5 16
5 56 32
56 14 3
14 56 4
56 15 63
15 56 45
56 21 42
21 56 41
56 27 36
27 56 32
56 34 16
34 56 25
56 35 21
35 56 20
56 37 28
37 56 43
56 40 35
40 56 54
56 46 17
46 56 19
56 54 35
54 56 70
56 60 38
60 56 36
56 62 43
62 56 45
56 63 29
63 56 55
56 65 40
65 56 46
56 69 21
69 56 19
56 71 64
71 56 45
56 72 28
72 56 38
57 58 27
58 57 30
57 59 86
59 57 61
57 61 25
61 57 41
57 64 13
64 57 14
57 66 17
66 57 19
57 67 16
67 57 27
57 68 66
68 57 57
57 70 70
70 57 58
57 73 22
73 57 40
57 74 21
74 57 23
57 75 17
75 57 20
57 4 44
4 57 43
57 5 21
5 57 27
57 14 31
14 57 42
57 15 23
15 57 31
57 21 59
21 57 49
57 27 49
27 57 44
57 34 23
34 57 18
57 35 36
35 57 52
57 37 12
37 57 9
57 40 73
40 57 51
57 46 35
46 57 46
57 54 29
54 57 32
57 60 61
60 57 54
57 62 34
62 57 36
57 63 55
63 57 60
57 65 24
65 57 21
57 69 75
69 57 58
57 71 5
71 57 5
57 72 22
72 57 38
58 59 80
59 58 60
58 61 88
61 58 59
58 64 12
64 58 21
58 66 33
66 58 33
58 67 53
67 58 44
58 68 90
68 58 63
58 70 78
70 58 60
58 73 33
73 58 53
58 74 57
74 58 40
58 75 22
75 58 38
58 4 53
4 58 46
58 5 58
5 58 47
58 14 54
14 58 41
58 15 70
15 58 56
58 21 38
21 58 67
58 27 81
27 58 59
58 34 16
34 58 21
58 35 68
35 58 56
58 37 28
37 58 23
58 40 104
40 58 74
58 46 29
46 58 53
58 54 44
54 58 60
58 60 82
60 58 67
58 62 67
62 58 60
58 63 93
63 58 80
58 65 20
65 58 15
58 69 29
69 58 56
58 71 39
71 58 35
58 72 67
72 58 58
59 61 27
61 59 38
59 64 69
64 59 67
59 66 58
66 59 42
59 67 39
67 59 39
59 68 20
68 59 14
59 70 7
70 59 5
59 73 19
73 59 29
59 74 28
74 59 41
59 75 56
75 59 43
59 4 17
4 59 18
59 5 58
5 59 43
59 14 10
14 59 20
59 15 75
15 59 54
59 21 36
21 59 39
59 27 42
27 59 31
59 34 28
34 59 47
59 35 17
35 59 12
59 37 79
37 59 64
59 40 63
40 59 54
59 46 13
46 59 18
59 54 65
54 59 85
59 60 29
60 59 28
59 62 32
62 59 51
59 63 63
63 59 49
59 65 43
65 59 68
59 69 4
69 59 4
59 71 70
71 59 63
59 72 33
72 59 42
61 64 59
64 61 54
61 66 24
66 61 27
61 67 16
67 61 15
61 68 27
68 61 26
61 70 22
70 61 33
61 73 8
73 61 10
61 74 24
74 61 19
61 75 20
75 61 22
61 4 27
4 61 25
61 5 16
5 61 14
61 14 43
14 61 32
61 15 17
15 61 18
61 21 6
21 61 8
61 27 3
27 61 6
61 34 39
34 61 39
61 35 22
35 61 26
61 37 44
37 61 49
61 40 9
40 61 18
61 46 28
46 61 21
61 54 33
54 61 54
61 60 13
60 61 15
61 62 20
62 61 14
61 63 30
63 61 21
61 65 77
65 61 59
61 69 30
69 61 38
61 71 39
71 61 40
61 72 3
72 61 5
64 66 19
66 64 28
64 67 48
67 64 39
64 68 64
68 64 66
64 70 63
70 64 66
64 73 57
73 64 51
64 74 30
74 64 34
64 75 20
75 64 32
64 4 50
4 64 50
64 5 58
5 64 40
64 14 28
14 64 48
64 15 51
15 64 45
64 21 76
21 64 62
64 27 73
27 64 56
64 34 25
34 64 21
64 35 71
35 64 60
64 37 7
37 64 5
64 40 75
40 64 65
64 46 33
46 64 55
64 54 37
54 64 40
64 60 54
60 64 66
64 62 58
62 64 50
64 63 107
63 64 74
64 65 4
65 64 7
64 69 86
69 64 64
64 71 21
71 64 18
64 72 36
72 64 51
66 67 11
67 66 11
66 68 37
68 66 38
66 70 43
70 66 40
66 73 13
73 66 23
66 74 8
74 66 7
66 75 3
75 66 5
66 4 23
4 66 24
66 5 19
5 66 14
66 14 37
14 66 25
66 15 27
15 66 25
66 21 27
21 66 35
66 27 31
27 66 28
66 34 11
34 66 13
66 35 29
35 66 33
66 37 32
37 66 24
66 40 45
40 66 41
66 46 27
46 66 27
66 54 36
54 66 45
66 60 50
60 66 37
66 62 20
62 66 28
66 63 42
63 66 48
66 65 44
65 66 32
66 69 51
69 66 40
66 71 14
71 66 21
66 72 28
72 66 25
67 68 39
68 67 31
67 70 33
70 67 35
67 73 19
73 67 13
67 74 5
74 67 4
67 75 9
75 67 7
67 4 20
4 67 21
67 5 7
5 67 5
67 14 24
14 67 25
67 15 24
15 67 17
67 21 13
21 67 23
67 27 21
27 67 17
67 34 18
34 67 24
67 35 30
35 67 28
67 37 23
37 67 34
67 40 32
40 67 30
67 46 15
46 67 22
67 54 58
54 67 46
67 60 31
60 67 27
67 62 25
62 67 18
67 63 51
63 67 36
67 65 34
65 67 43
67 69 27
69 67 38
67 71 25
71 67 27
67 72 14
72 67 14
68 70 11
70 68 9
68 73 22
73 68 19
68 74 33
74 68 34
68 75 40
75 68 37
68 4 17
4 68 17
68 5 27
5 68 34
68 14 33
14 68 23
68 15 57
15 68 43
68 21 36
21 68 26
68 27 24
27 68 19
68 34 63
34 68 46
68 35 10
35 68 7
68 37 47
37 68 62
68 40 39
40 68 40
68 46 16
46 68 11
68 54 114
54 68 77
68 60 15
60 68 14
68 62 40
62 68 40
68 63 19
63 68 35
68 65 75
65 68 68
68 69 23
69 68 16
68 71 80
71 68 58
68 72 34
72 68 30
70 73 35
73 70 24
70 74 26
74 70 37
70 75 28
75 70 40
70 4 21
4 70 16
70 5 21
5 70 38
70 14 23
14 70 19
70 15 34
15 70 49
70 21 44
21 70 34
70 27 20
27 70 26
70 34 60
34 70 45
70 35 10
35 70 7
70 37 92
37 70 62
70 40 33
40 70 49
70 46 12
46 70 13
70 54 108
54 70 81
70 60 25
60 70 23
70 62 55
62 70 46
70 63 56
63 70 44
70 65 78
65 70 67
70 69 10
69 70 8
70 71 40
71 70 60
70 72 51
72 70 37
73 74 25
74 73 17
73 75 22
75 73 20
73 4 10
4 73 15
73 5 17
5 73 16
73 14 24
14 73 22
73 15 35
15 73 25
73 21 13
21 73 15
73 27 7
27 73 6
73 34 26
34 73 34
73 35 13
35 73 17
73 37 60
37 73 47
73 40 26
40 73 28
73 46 12
46 73 11
73 54 30
54 73 58
73 60 11
60 73 15
73 62 26
62 73 22
73 63 27
63 73 29
73 65 33
65 73 55
73 69 23
69 73 29
73 71 41
71 73 40
73 72 15
72 73 14
74 75 4
75 74 3
74 4 31
4 74 23
74 5 5
5 74 8
74 14 23
14 74 25
74 15 20
15 74 19
74 21 28
21 74 27
74 27 24
27 74 21
74 34 19
34 74 20
74 35 39
35 74 30
74 37 21
37 74 30
74 40 34
40 74 34
74 46 30
46 74 24
74 54 46
54 74 45
74 60 46
60 74 31
74 62 22
62 74 21
74 63 42
63 74 40
74 65 48
65 74 39
74 69 40
69 74 39
74 71 17
71 74 24
74 72 17
72 74 18
75 4 18
4 75 25
75 5 6
5 75 9
75 14 16
14 75 27
75 15 26
15 75 19
75 21 37
21 75 30
75 27 26
27 75 24
75 34 13
34 75 18
75 35 42
35 75 33
75 37 29
37 75 27
75 40 53
40 75 36
75 46 39
46 75 27
75 54 23
54 75 42
75 60 29
60 75 34
75 62 24
62 75 22
75 63 57
63 75 43
75 65 52
65 75 36
75 69 60
69 75 41
75 71 25
71 75 21
75 72 22
72 75 21
4 5 28
5 4 26
4 14 4
14 4 8
4 15 56
15 4 38
4 21 43
21 4 30
4 27 19
27 4 20
4 34 37
34 4 30
4 35 11
35 4 10
4 37 62
37 4 46
4 40 26
40 4 43
4 46 7
46 4 7
4 54 71
54 4 67
4 60 28
60 4 24
4 62 44
62 4 36
4 63 46
63 4 43
4 65 64
65 4 52
4 69 21
69 4 16
4 71 43
71 4 45
4 72 26
72 4 28
5 14 34
14 5 31
5 15 10
15 5 12
5 21 20
21 5 22
5 27 24
27 5 18
5 34 38
34 5 27
5 35 40
35 5 32
5 37 30
37 5 35
5 40 30
40 5 27
5 46 29
46 5 25
5 54 45
54 5 42
5 60 22
60 5 28
5 62 7
62 5 14
5 63 39
63 5 34
5 65 48
65 5 45
5 69 28
69 5 42
5 71 36
71 5 26
5 72 11
72 5 12
14 15 44
15 14 43
14 21 26
21 14 38
14 27 23
27 14 28
14 34 37
34 14 27
14 35 18
35 14 16
14 37 27
37 14 45
14 40 35
40 14 50
14 46 9
46 14 15
14 54 52
54 14 69
14 60 24
60 14 32
14 62 40
62 14 42
14 63 61
63 14 51
14 65 43
65 14 48
14 69 17
69 14 16
14 71 38
71 14 45
14 72 33
72 14 35
15 21 13
21 15 24
15 27 28
27 15 24
15 34 45
34 15 37
15 35 51
35 15 42
15 37 25
37 15 40
15 40 11
40 15 21
15 46 25
46 15 36
15 54 49
54 15 36
15 60 48
60 15 34
15 62 6
62 15 6
15 63 38
63 15 31
15 65 27
65 15 51
15 69 78
69 15 53
15 71 39
71 15 28
15 72 8
72 15 13
21 27 12
27 21 9
21 34 66
34 21 47
21 35 26
35 21 28
21 37 67
37 21 57
21 40 18
40 21 15
21 46 14
46 21 24
21 54 41
54 21 59
21 60 14
60 21 12
21 62 14
62 21 18
21 63 20
63 21 14
21 65 44
65 21 67
21 69 47
69 21 40
21 71 26
71 21 48
21 72 6
72 21 11
27 34 25
34 27 39
27 35 18
35 27 20
27 37 26
37 27 51
27 40 16
40 27 23
27 46 20
46 27 15
27 54 59
54 27 60
27 60 9
60 27 10
27 62 14
62 27 20
27 63 29
63 27 23
27 65 42
65 27 60
27 69 40
69 27 32
27 71 42
71 27 44
27 72 14
72 27 11
34 35 43
35 34 40
34 37 14
37 34 18
34 40 53
40 34 54
34 46 29
46 34 35
34 54 41
54 34 49
34 60 56
60 34 48
34 62 32
62 34 40
34 63 54
63 34 60
34 65 16
65 34 22
34 69 45
69 34 43
34 71 32
71 34 22
34 72 21
72 34 38
35 37 50
37 35 56
35 40 44
40 35 43
35 46 6
46 35 6
35 54 74
54 35 74
35 60 23
60 35 18
35 62 26
62 35 39
35 63 40
63 35 39
35 65 74
65 35 62
35 69 9
69 35 12
35 71 48
71 35 53
35 72 36
72 35 30
37 40 51
40 37 60
37 46 28
46 37 51
37 54 50
54 37 37
37 60 49
60 37 61
37 62 25
62 37 45
37 63 52
63 37 69
37 65 13
65 37 12
37 69 57
69 37 61
37 71 15
71 37 13
37 72 26
72 37 47
40 46 21
46 40 38
40 54 37
54 40 53
40 60 24
60 40 26
40 62 14
62 40 15
40 63 12
63 40 12
40 65 45
65 40 71
40 69 52
69 40 55
40 71 61
71 40 49
40 72 11
72 40 16
46 54 72
54 46 68
46 60 15
60 46 17
46 62 24
62 46 34
46 63 26
63 46 36
46 65 47
65 46 57
46 69 20
69 46 17
46 71 43
71 46 47
46 72 33
72 46 25
54 60 84
60 54 69
54 62 36
62 54 41
54 63 87
63 54 65
54 65 46
65 54 47
54 69 103
69 54 84
54 71 28
71 54 27
54 72 67
72 54 49
60 62 27
62 60 29
60 63 13
63 60 21
60 65 87
65 60 69
60 69 19
69 60 30
60 71 45
71 60 54
60 72 18
72 60 20
62 63 37
63 62 25
62 65 76
65 62 56
62 69 31
69 62 51
62 71 35
71 62 34
62 72 8
72 62 9
63 65 92
65 63 79
63 69 60
69 63 51
63 71 45
71 63 59
63 72 18
72 63 22
65 69 40
69 65 65
65 71 28
71 65 25
65 72 52
72 65 57
69 71 88
71 69 61
69 72 34
72 69 42
71 72 25
72 71 37
