1 9 28 13 2550

204 223

1 5 5 37 52

2 10 49 49
8 13 31 62
17 10 27 23
19 11 13 13
23 14 16 57
27 9 30 48
29 14 58 48
33 13 46 10
37 10 32 22
3 13 52 64
4 12 20 26
5 12 40 30
6 11 21 47
7 14 17 63
9 12 52 33
10 10 51 21
11 14 42 41
12 13 31 32
13 12 5 25
14 14 12 42
15 13 36 16
16 12 52 41
18 10 17 33
20 13 57 58
21 12 62 42
22 13 42 57
24 11 8 52
25 12 7 38
26 11 27 68
28 9 43 67
30 14 58 27
31 11 37 69
32 13 38 46
34 12 61 33
35 12 62 63
36 14 63 69
38 13 45 35

39 59 15
40 5 6
41 10 17
42 21 10
43 5 64
44 30 15
45 39 10
46 32 39
47 25 32
48 25 55
49 48 28
50 56 37
51 30 40

1 2 11
2 1 12
1 8 16
8 1 12
1 17 27
17 1 31
1 19 47
19 1 46
1 23 23
23 1 22
1 27 5
27 1 8
1 29 24
29 1 21
1 33 50
33 1 43
1 37 40
37 1 30
1 3 11
3 1 19
1 4 43
4 1 31
1 5 19
5 1 22
1 6 12
6 1 17
1 7 22
7 1 23
1 9 26
9 1 24
1 10 24
10 1 34
1 11 17
11 1 12
1 12 11
12 1 21
1 13 26
13 1 42
1 14 39
14 1 27
1 15 29
15 1 36
1 16 20
16 1 19
1 18 19
18 1 28
1 20 11
20 1 21
1 21 25
21 1 27
1 22 8
22 1 7
1 24 23
24 1 29
1 25 23
25 1 33
1 26 12
26 1 19
1 28 17
28 1 16
1 30 44
30 1 32
1 31 14
31 1 17
1 32 3
32 1 6
1 34 35
34 1 31
1 35 27
35 1 27
1 36 27
36 1 31
1 38 16
38 1 19
1 39 54
39 1 43
1 40 82
40 1 56
1 41 39
41 1 44
1 42 32
42 1 45
1 43 29
43 1 34
1 44 53
44 1 37
1 45 31
45 1 42
1 46 8
46 1 14
1 47 28
47 1 23
1 48 8
48 1 12
1 49 38
49 1 26
1 50 26
50 1 24
1 51 18
51 1 14
2 8 26
8 2 22
2 17 32
17 2 34
2 19 35
19 2 51
2 23 20
23 2 34
2 27 10
27 2 19
2 29 13
29 2 9
2 33 34
33 2 39
2 37 46
37 2 32
2 3 10
3 2 15
2 4 47
4 2 37
2 5 15
5 2 21
2 6 19
6 2 28
2 7 43
7 2 35
2 9 15
9 2 16
2 10 41
10 2 28
2 11 10
11 2 11
2 12 29
12 2 25
2 13 41
13 2 50
2 14 42
14 2 38
2 15 35
15 2 35
2 16 9
16 2 9
2 18 51
18 2 36
2 20 11
20 2 12
2 21 12
21 2 15
2 22 16
22 2 11
2 24 47
24 2 41
2 25 51
25 2 43
2 26 43
26 2 29
2 28 17
28 2 19
2 30 30
30 2 24
2 31 34
31 2 23
2 32 9
32 2 11
2 34 18
34 2 20
2 35 17
35 2 19
2 36 14
36 2 24
2 38 9
38 2 15
2 39 47
39 2 35
2 40 39
40 2 62
2 41 73
41 2 50
2 42 60
42 2 48
2 43 24
43 2 46
2 44 34
44 2 39
2 45 38
45 2 40
2 46 10
46 2 20
2 47 17
47 2 29
2 48 16
48 2 25
2 49 26
49 2 21
2 50 20
50 2 14
2 51 20
51 2 21
8 17 57
17 8 39
8 19 35
19 8 52
8 23 15
23 8 16
8 27 13
27 8 14
8 29 34
29 8 30
8 33 37
33 8 54
8 37 44
37 8 40
8 3 17
3 8 21
8 4 36
4 8 38
8 5 44
5 8 33
8 6 24
6 8 18
8 7 10
7 8 14
8 9 28
9 8 36
8 10 65
10 8 46
8 11 30
11 8 24
8 12 15
12 8 30
8 13 61
13 8 45
8 14 31
14 8 28
8 15 64
15 8 46
8 16 27
16 8 30
8 18 26
18 8 32
8 20 19
20 8 26
8 21 42
21 8 37
8 22 8
22 8 12
8 24 28
24 8 25
8 25 31
25 8 34
8 26 8
26 8 7
8 28 8
28 8 13
8 30 22
30 8 44
8 31 6
31 8 9
8 32 14
32 8 17
8 34 28
34 8 42
8 35 21
35 8 31
8 36 19
36 8 33
8 38 17
38 8 30
8 39 58
39 8 54
8 40 54
40 8 62
8 41 36
41 8 49
8 42 67
42 8 53
8 43 13
43 8 26
8 44 65
44 8 47
8 45 27
45 8 53
8 46 27
46 8 23
8 47 19
47 8 31
8 48 12
48 8 9
8 49 33
49 8 38
8 50 51
50 8 35
8 51 28
51 8 22
17 19 15
19 17 17
17 23 47
23 17 36
17 27 34
27 17 25
17 29 36
29 17 40
17 33 34
33 17 23
17 37 3
37 17 5
17 3 50
3 17 48
17 4 5
4 17 8
17 5 18
5 17 15
17 6 31
6 17 25
17 7 47
7 17 41
17 9 39
9 17 27
17 10 19
10 17 24
17 11 21
11 17 23
17 12 11
12 17 10
17 13 28
13 17 22
17 14 21
14 17 24
17 15 11
15 17 11
17 16 45
16 17 31
17 18 16
18 17 14
17 20 59
20 17 46
17 21 56
21 17 40
17 22 33
22 17 37
17 24 26
24 17 35
17 25 23
25 17 25
17 26 35
26 17 45
17 28 70
28 17 47
17 30 20
30 17 31
17 31 51
31 17 47
17 32 34
32 17 25
17 34 44
34 17 35
17 35 62
35 17 53
17 36 82
36 17 58
17 38 24
38 17 22
17 39 36
39 17 33
17 40 18
40 17 28
17 41 21
41 17 18
17 42 12
42 17 14
17 43 46
43 17 47
17 44 7
44 17 9
17 45 19
45 17 18
17 46 12
46 17 17
17 47 13
47 17 9
17 48 19
48 17 32
17 49 17
49 17 22
17 50 42
50 17 32
17 51 17
51 17 17
19 23 52
23 19 44
19 27 26
27 19 39
19 29 62
29 19 57
19 33 36
33 19 33
19 37 22
37 19 21
19 3 62
3 19 64
19 4 21
4 19 15
19 5 19
5 19 32
19 6 25
6 19 35
19 7 27
7 19 50
19 9 63
9 19 44
19 10 25
10 19 39
19 11 27
11 19 40
19 12 22
12 19 26
19 13 12
13 19 14
19 14 26
14 19 29
19 15 34
15 19 23
19 16 57
16 19 48
19 18 15
18 19 20
19 20 82
20 19 63
19 21 37
21 19 57
19 22 53
22 19 53
19 24 58
24 19 39
19 25 14
25 19 26
19 26 49
26 19 57
19 28 80
28 19 62
19 30 42
30 19 47
19 31 78
31 19 61
19 32 49
32 19 41
19 34 62
34 19 52
19 35 70
35 19 70
19 36 82
36 19 75
19 38 37
38 19 39
19 39 49
39 19 46
19 40 8
40 19 11
19 41 6
41 19 5
19 42 6
42 19 9
19 43 75
43 19 51
19 44 14
44 19 17
19 45 31
45 19 26
19 46 36
46 19 32
19 47 23
47 19 22
19 48 28
48 19 44
19 49 19
49 19 38
19 50 63
50 19 49
19 51 19
51 19 31
23 27 20
27 23 17
23 29 46
29 23 43
23 33 37
33 23 56
23 37 22
37 23 38
23 3 24
3 23 37
23 4 19
4 23 31
23 5 44
5 23 36
23 6 8
6 23 11
23 7 8
7 23 6
23 9 26
9 23 43
23 10 39
10 23 50
23 11 18
11 23 31
23 12 28
12 23 29
23 13 26
13 23 34
23 14 19
14 23 16
23 15 62
15 23 46
23 16 53
16 23 39
23 18 32
18 23 24
23 20 41
20 23 41
23 21 62
21 23 48
23 22 25
22 23 26
23 24 9
24 23 9
23 25 18
25 23 21
23 26 13
26 23 16
23 28 31
28 23 29
23 30 41
30 23 52
23 31 25
31 23 24
23 32 15
32 23 25
23 34 76
34 23 51
23 35 44
35 23 46
23 36 30
36 23 49
23 38 51
38 23 36
23 39 55
39 23 60
23 40 41
40 23 52
23 41 55
41 23 40
23 42 33
42 23 47
23 43 19
43 23 13
23 44 30
44 23 44
23 45 40
45 23 52
23 46 18
46 23 24
23 47 29
47 23 27
23 48 6
48 23 9
23 49 61
49 23 43
23 50 30
50 23 45
23 51 12
51 23 22
27 29 35
29 27 28
27 33 49
33 27 41
27 37 36
37 27 26
27 3 39
3 27 27
27 4 12
4 27 24
27 5 31
5 27 21
27 6 7
6 27 9
27 7 24
7 27 20
27 9 33
9 27 27
27 10 41
10 27 34
27 11 10
11 27 14
27 12 23
12 27 16
27 13 20
13 27 34
27 14 11
14 27 19
27 15 29
15 27 33
27 16 30
16 27 23
27 18 11
18 27 20
27 20 43
20 27 29
27 21 37
21 27 33
27 22 14
22 27 15
27 24 14
24 27 22
27 25 13
25 27 25
27 26 29
26 27 20
27 28 15
28 27 23
27 30 45
30 27 35
27 31 23
31 27 22
27 32 4
32 27 8
27 34 43
34 27 34
27 35 44
35 27 35
27 36 42
36 27 39
27 38 25
38 27 20
27 39 52
39 27 44
27 40 49
40 27 49
27 41 19
41 27 37
27 42 56
42 27 39
27 43 21
43 27 30
27 44 25
44 27 33
27 45 37
45 27 39
27 46 7
46 27 9
27 47 23
47 27 17
27 48 10
48 27 9
27 49 34
49 27 27
27 50 34
50 27 28
27 51 9
51 27 8
29 33 37
33 29 40
29 37 35
37 29 37
29 3 16
3 29 17
29 4 61
4 29 44
29 5 32
5 29 25
29 6 21
6 29 37
29 7 38
7 29 44
29 9 8
9 29 16
29 10 41
10 29 28
29 11 18
11 29 17
29 12 44
12 29 31
29 13 62
13 29 58
29 14 54
14 29 46
29 15 52
15 29 39
29 16 7
16 29 9
29 18 27
18 29 44
29 20 6
20 29 10
29 21 10
21 29 7
29 22 14
22 29 18
29 24 49
24 29 50
29 25 70
25 29 52
29 26 25
26 29 37
29 28 31
28 29 24
29 30 27
30 29 21
29 31 33
31 29 30
29 32 17
32 29 20
29 34 17
34 29 15
29 35 13
35 29 16
29 36 19
36 29 22
29 38 19
38 29 18
29 39 17
39 29 33
29 40 71
40 29 67
29 41 67
41 29 57
29 42 39
42 29 53
29 43 56
43 29 55
29 44 41
44 29 43
29 45 40
45 29 42
29 46 37
46 29 28
29 47 27
47 29 37
29 48 35
48 29 34
29 49 12
49 29 22
29 50 6
50 29 11
29 51 42
51 29 29
33 37 23
37 33 18
33 3 68
3 33 54
33 4 41
4 33 31
33 5 13
5 33 21
33 6 53
6 33 45
33 7 55
7 33 60
33 9 34
9 33 24
33 10 7
10 33 12
33 11 37
11 33 31
33 12 31
12 33 27
33 13 36
13 33 44
33 14 33
14 33 47
33 15 17
15 33 12
33 16 32
16 33 32
33 18 48
18 33 37
33 20 53
20 33 49
33 21 21
21 33 36
33 22 53
22 33 47
33 24 37
24 33 57
33 25 33
25 33 48
33 26 33
26 33 61
33 28 67
28 33 57
33 30 22
30 33 21
33 31 44
31 33 60
33 32 31
32 33 37
33 34 25
34 33 27
33 35 63
35 33 55
33 36 47
36 33 61
33 38 24
38 33 25
33 39 10
39 33 14
33 40 36
40 33 41
33 41 30
41 33 37
33 42 37
42 33 25
33 43 101
43 33 68
33 44 17
44 33 17
33 45 6
45 33 7
33 46 38
46 33 32
33 47 16
47 33 30
33 48 45
48 33 49
33 49 22
49 33 18
33 50 39
50 33 29
33 51 29
51 33 34
37 3 48
3 37 46
37 4 16
4 37 13
37 5 9
5 37 11
37 6 28
6 37 27
37 7 59
7 37 44
37 9 32
9 37 23
37 10 21
10 37 19
37 11 24
11 37 21
37 12 10
12 37 10
37 13 35
13 37 27
37 14 28
14 37 28
37 15 7
15 37 7
37 16 38
16 37 28
37 18 10
18 37 19
37 20 49
20 37 44
37 21 32
21 37 36
37 22 27
22 37 36
37 24 52
24 37 38
37 25 25
25 37 30
37 26 27
26 37 46
37 28 60
28 37 46
37 30 31
30 37 26
37 31 26
31 37 47
37 32 21
32 37 25
37 34 44
34 37 31
37 35 64
35 37 51
37 36 64
36 37 56
37 38 14
38 37 18
37 39 19
39 37 28
37 40 45
40 37 31
37 41 32
41 37 23
37 42 10
42 37 16
37 43 36
43 37 50
37 44 7
44 37 7
37 45 12
45 37 14
37 46 19
46 37 17
37 47 7
47 37 12
37 48 41
48 37 34
37 49 15
49 37 17
37 50 40
50 37 28
37 51 24
51 37 18
3 4 53
4 3 50
3 5 18
5 3 36
3 6 49
6 3 35
3 7 18
7 3 35
3 9 46
9 3 31
3 10 27
10 3 43
3 11 36
11 3 25
3 12 49
12 3 38
3 13 36
13 3 61
3 14 29
14 3 45
3 15 39
15 3 51
3 16 15
16 3 23
3 18 35
18 3 47
3 20 5
20 3 8
3 21 22
21 3 24
3 22 9
22 3 12
3 24 52
24 3 46
3 25 50
25 3 51
3 26 18
26 3 25
3 28 13
28 3 9
3 30 55
30 3 37
3 31 13
31 3 15
3 32 24
32 3 23
3 34 44
34 3 32
3 35 6
35 3 10
3 36 13
36 3 12
3 38 25
38 3 30
3 39 68
39 3 49
3 40 90
40 3 75
3 41 63
41 3 63
3 42 42
42 3 62
3 43 40
43 3 47
3 44 54
44 3 53
3 45 56
45 3 56
3 46 26
46 3 32
3 47 52
47 3 42
3 48 36
48 3 28
3 49 47
49 3 36
3 50 31
50 3 27
3 51 43
51 3 33
4 5 26
5 4 20
4 6 17
6 4 21
4 7 35
7 4 37
4 9 30
9 4 32
4 10 26
10 4 31
4 11 32
11 4 27
4 12 10
12 4 13
4 13 14
13 4 15
4 14 15
14 4 18
4 15 21
15 4 19
4 16 19
16 4 35
4 18 5
18 4 8
4 20 42
20 4 49
4 21 59
21 4 45
4 22 34
22 4 38
4 24 34
24 4 29
4 25 19
25 4 18
4 26 32
26 4 43
4 28 57
28 4 47
4 30 56
30 4 38
4 31 45
31 4 46
4 32 17
32 4 27
4 34 30
34 4 41
4 35 45
35 4 56
4 36 61
36 4 61
4 38 17
38 4 27
4 39 46
39 4 41
4 40 28
40 4 25
4 41 12
41 4 13
4 42 22
42 4 16
4 43 51
43 4 41
4 44 14
44 4 15
4 45 19
45 4 25
4 46 14
46 4 18
4 47 6
47 4 8
4 48 21
48 4 29
4 49 27
49 4 28
4 50 53
50 4 37
4 51 13
51 4 17
5 6 22
6 5 25
5 7 26
7 5 40
5 9 16
9 5 12
5 10 13
10 5 14
5 11 8
11 5 11
5 12 10
12 5 9
5 13 25
13 5 35
5 14 17
14 5 30
5 15 11
15 5 15
5 16 20
16 5 16
5 18 22
18 5 23
5 20 21
20 5 33
5 21 20
21 5 25
5 22 33
22 5 27
5 24 46
24 5 39
5 25 49
25 5 34
5 26 38
26 5 40
5 28 21
28 5 37
5 30 23
30 5 18
5 31 23
31 5 39
5 32 10
32 5 16
5 34 24
34 5 21
5 35 20
35 5 40
5 36 30
36 5 45
5 38 8
38 5 7
5 39 29
39 5 24
5 40 39
40 5 42
5 41 19
41 5 33
5 42 34
42 5 27
5 43 70
43 5 48
5 44 18
44 5 18
5 45 11
45 5 20
5 46 9
46 5 12
5 47 12
47 5 15
5 48 21
48 5 29
5 49 9
49 5 8
5 50 9
50 5 17
5 51 12
51 5 14
6 7 18
7 6 16
6 9 45
9 6 34
6 10 25
10 6 40
6 11 14
11 6 22
6 12 22
12 6 18
6 13 14
13 6 27
6 14 9
14 6 10
6 15 22
15 6 34
6 16 47
16 6 32
6 18 10
18 6 15
6 20 54
20 6 38
6 21 26
21 6 41
6 22 21
22 6 23
6 24 10
24 6 14
6 25 8
25 6 16
6 26 19
26 6 22
6 28 21
28 6 30
6 30 25
30 6 42
6 31 26
31 6 27
6 32 11
32 6 17
6 34 40
34 6 42
6 35 27
35 6 44
6 36 30
36 6 47
6 38 39
38 6 27
6 39 41
39 6 50
6 40 53
40 6 44
6 41 40
41 6 32
6 42 40
42 6 37
6 43 20
43 6 23
6 44 44
44 6 33
6 45 30
45 6 41
6 46 15
46 6 14
6 47 22
47 6 16
6 48 11
48 6 9
6 49 48
49 6 33
6 50 48
50 6 36
6 51 6
51 6 11
7 9 65
9 7 46
7 10 78
10 7 54
7 11 33
11 7 33
7 12 27
12 7 34
7 13 40
13 7 40
7 14 31
14 7 22
7 15 36
15 7 51
7 16 32
16 7 41
7 18 30
18 7 30
7 20 54
20 7 40
7 21 68
21 7 50
7 22 24
22 7 26
7 24 17
24 7 14
7 25 23
25 7 27
7 26 11
26 7 11
7 28 33
28 7 26
7 30 45
30 7 54
7 31 31
31 7 21
7 32 34
32 7 27
7 34 53
34 7 53
7 35 28
35 7 45
7 36 47
36 7 46
7 38 27
38 7 40
7 39 59
39 7 64
7 40 77
40 7 58
7 41 66
41 7 46
7 42 78
42 7 53
7 43 9
43 7 12
7 44 58
44 7 50
7 45 41
45 7 57
7 46 24
46 7 28
7 47 20
47 7 32
7 48 13
48 7 11
7 49 55
49 7 46
7 50 24
50 7 47
7 51 34
51 7 26
9 10 9
10 9 12
9 11 19
11 9 13
9 12 20
12 9 21
9 13 60
13 9 48
9 14 39
14 9 41
9 15 21
15 9 23
9 16 5
16 9 8
9 18 31
18 9 35
9 20 21
20 9 25
9 21 12
21 9 13
9 22 13
22 9 26
9 24 67
24 9 48
9 25 24
25 9 45
9 26 38
26 9 43
9 28 43
28 9 35
9 30 4
30 9 8
9 31 55
31 9 39
9 32 20
32 9 19
9 34 6
34 9 9
9 35 26
35 9 32
9 36 53
36 9 38
9 38 6
38 9 7
9 39 19
39 9 19
9 40 39
40 9 54
9 41 32
41 9 45
9 42 35
42 9 39
9 43 81
43 9 56
9 44 21
44 9 28
9 45 32
45 9 26
9 46 20
46 9 21
9 47 35
47 9 27
9 48 34
48 9 35
9 49 5
49 9 6
9 50 8
50 9 6
9 51 26
51 9 23
10 11 32
11 10 22
10 12 17
12 10 23
10 13 33
13 10 46
10 14 64
14 10 44
10 15 22
15 10 16
10 16 17
16 10 20
10 18 48
18 10 36
10 20 26
20 10 37
10 21 18
21 10 24
10 22 24
22 10 37
10 24 67
24 10 53
10 25 57
25 10 47
10 26 65
26 10 53
10 28 44
28 10 47
10 30 13
30 10 9
10 31 58
31 10 50
10 32 16
32 10 28
10 34 8
34 10 16
10 35 28
35 10 43
10 36 29
36 10 49
10 38 18
38 10 15
10 39 12
39 10 10
10 40 38
40 10 48
10 41 58
41 10 41
10 42 28
42 10 32
10 43 88
43 10 63
10 44 20
44 10 22
10 45 23
45 10 16
10 46 27
46 10 26
10 47 17
47 10 28
10 48 64
48 10 43
10 49 9
49 10 8
10 50 16
50 10 17
10 51 17
51 10 28
11 12 9
12 11 14
11 13 31
13 11 40
11 14 39
14 11 30
11 15 22
15 11 26
11 16 5
16 11 10
11 18 22
18 11 26
11 20 17
20 11 23
11 21 29
21 11 20
11 22 11
22 11 16
11 24 22
24 11 36
11 25 25
25 11 35
11 26 26
26 11 31
11 28 33
28 11 26
11 30 24
30 11 21
11 31 26
31 11 28
11 32 6
32 11 6
11 34 12
34 11 21
11 35 23
35 11 30
11 36 49
36 11 35
11 38 7
38 11 7
11 39 24
39 11 31
11 40 31
40 11 51
11 41 50
41 11 40
11 42 55
42 11 37
11 43 24
43 11 44
11 44 33
44 11 28
11 45 44
45 11 31
11 46 5
46 11 10
11 47 28
47 11 19
11 48 20
48 11 22
11 49 19
49 11 14
11 50 14
50 11 15
11 51 12
51 11 12
12 13 25
13 12 27
12 14 21
14 12 21
12 15 11
15 12 17
12 16 20
16 12 23
12 18 7
18 12 14
12 20 52
20 12 37
12 21 41
21 12 33
12 22 30
22 12 27
12 24 29
24 12 30
12 25 24
25 12 25
12 26 36
26 12 36
12 28 50
28 12 37
12 30 18
30 12 27
12 31 42
31 12 37
12 32 9
32 12 16
12 34 34
34 12 30
12 35 56
35 12 44
12 36 50
36 12 49
12 38 9
38 12 14
12 39 20
39 12 33
12 40 19
40 12 37
12 41 30
41 12 26
12 42 27
42 12 24
12 43 35
43 12 41
12 44 18
44 12 17
12 45 27
45 12 23
12 46 7
46 12 7
12 47 6
47 12 6
12 48 16
48 12 24
12 49 18
49 12 17
12 50 31
50 12 25
12 51 11
51 12 8
13 14 21
14 13 18
13 15 35
15 13 32
13 16 69
16 13 50
13 18 14
18 13 14
13 20 81
20 13 61
13 21 63
21 13 59
13 22 59
22 13 49
13 24 33
24 13 27
13 25 11
25 13 13
13 26 45
26 13 48
13 28 35
28 13 57
13 30 51
30 13 53
13 31 64
31 13 54
13 32 24
32 13 39
13 34 70
34 13 57
13 35 90
35 13 68
13 36 77
36 13 72
13 38 33
38 13 41
13 39 66
39 13 55
13 40 16
40 13 19
13 41 8
41 13 9
13 42 14
42 13 22
13 43 43
43 13 39
13 44 32
44 13 27
13 45 22
45 13 37
13 46 29
46 13 30
13 47 12
47 13 21
13 48 22
48 13 36
13 49 35
49 13 43
13 50 64
50 13 52
13 51 25
51 13 29
14 15 38
15 14 35
14 16 21
16 14 40
14 18 6
18 14 10
14 20 40
20 14 48
14 21 51
21 14 50
14 22 48
22 14 34
14 24 7
24 14 11
14 25 8
25 14 6
14 26 19
26 14 30
14 28 33
28 14 40
14 30 28
30 14 48
14 31 39
31 14 37
14 32 27
32 14 26
14 34 72
34 14 50
14 35 31
35 14 54
14 36 41
36 14 58
14 38 28
38 14 34
14 39 44
39 14 54
14 40 22
40 14 37
14 41 14
41 14 25
14 42 44
42 14 33
14 43 34
43 14 23
14 44 26
44 14 32
14 45 26
45 14 42
14 46 23
46 14 20
14 47 19
47 14 16
14 48 9
48 14 18
14 49 35
49 14 39
14 50 35
50 14 44
14 51 20
51 14 18
15 16 31
16 15 30
15 18 24
18 15 25
15 20 58
20 15 47
15 21 52
21 15 37
15 22 54
22 15 41
15 24 54
24 15 46
15 25 49
25 15 36
15 26 44
26 15 53
15 28 62
28 15 51
15 30 14
30 15 25
15 31 59
31 15 53
15 32 36
32 15 30
15 34 17
34 15 30
15 35 74
35 15 54
15 36 67
36 15 59
15 38 30
38 15 21
15 39 14
39 15 23
15 40 36
40 15 33
15 41 14
41 15 26
15 42 12
42 15 16
15 43 41
43 15 57
15 44 4
44 15 6
15 45 6
45 15 7
15 46 21
46 15 23
15 47 24
47 15 19
15 48 46
48 15 40
15 49 14
49 15 17
15 50 17
50 15 29
15 51 31
51 15 25
16 18 25
18 16 36
16 20 23
20 16 18
16 21 5
21 16 10
16 22 22
22 16 19
16 24 33
24 16 45
16 25 26
25 16 45
16 26 55
26 16 37
16 28 29
28 16 28
16 30 19
30 16 15
16 31 24
31 16 32
16 32 17
32 16 15
16 34 6
34 16 12
16 35 32
35 16 24
16 36 40
36 16 30
16 38 5
38 16 9
16 39 28
39 16 27
16 40 83
40 16 58
16 41 45
41 16 48
16 42 36
42 16 44
16 43 60
43 16 52
16 44 28
44 16 34
16 45 44
45 16 34
16 46 23
46 16 20
16 47 25
47 16 28
16 48 18
48 16 30
16 49 16
49 16 14
16 50 8
50 16 6
16 51 28
51 16 22
18 20 68
20 18 47
18 21 24
21 18 46
18 22 27
22 18 35
18 24 11
24 18 21
18 25 10
25 18 11
18 26 39
26 18 36
18 28 63
28 18 43
18 30 30
30 18 41
18 31 38
31 18 41
18 32 29
32 18 25
18 34 58
34 18 44
18 35 76
35 18 54
18 36 86
36 18 58
18 38 37
38 18 28
18 39 37
39 18 46
18 40 20
40 18 30
18 41 11
41 18 17
18 42 24
42 18 23
18 43 25
43 18 33
18 44 12
44 18 22
18 45 39
45 18 32
18 46 10
46 18 16
18 47 5
47 18 8
18 48 27
48 18 23
18 49 23
49 18 31
18 50 40
50 18 39
18 51 20
51 18 15
20 21 11
21 20 17
20 22 8
22 20 15
20 24 67
24 20 49
20 25 45
25 20 54
20 26 42
26 20 32
20 28 15
28 20 17
20 30 39
30 20 31
20 31 21
31 20 23
20 32 20
32 20 22
20 34 29
34 20 25
20 35 4
35 20 7
20 36 8
36 20 13
20 38 14
38 20 26
20 39 61
39 20 43
20 40 96
40 20 74
20 41 88
41 20 62
20 42 51
42 20 60
20 43 46
43 20 52
20 44 34
44 20 51
20 45 28
45 20 51
20 46 27
46 20 31
20 47 35
47 20 41
20 48 17
48 20 32
20 49 18
49 20 31
20 50 24
50 20 21
20 51 33
51 20 32
21 22 24
22 21 25
21 24 50
24 21 55
21 25 81
25 21 55
21 26 37
26 21 44
21 28 43
28 21 31
21 30 20
30 21 16
21 31 29
31 21 37
21 32 19
32 21 24
21 34 11
34 21 9
21 35 13
35 21 21
21 36 34
36 21 27
21 38 19
38 21 18
21 39 40
39 21 27
21 40 51
40 21 67
21 41 70
41 21 57
21 42 62
42 21 52
21 43 83
43 21 61
21 44 52
44 21 42
21 45 40
45 21 39
21 46 30
46 21 30
21 47 22
47 21 38
21 48 22
48 21 39
21 49 17
49 21 20
21 50 5
50 21 8
21 51 23
51 21 32
22 24 30
24 22 34
22 25 22
25 22 40
22 26 10
26 22 19
22 28 12
28 22 10
22 30 34
30 22 34
22 31 9
31 22 13
22 32 8
32 22 12
22 34 35
34 22 31
22 35 29
35 22 21
22 36 16
36 22 24
22 38 29
38 22 22
22 39 24
39 22 45
22 40 40
40 22 63
22 41 58
41 22 51
22 42 54
42 22 51
22 43 30
43 22 38
22 44 40
44 22 43
22 45 37
45 22 47
22 46 23
46 22 21
22 47 25
47 22 30
22 48 22
48 22 17
22 49 27
49 22 30
22 50 35
50 22 24
22 51 23
51 22 21
24 25 12
25 24 14
24 26 21
26 24 25
24 28 41
28 24 38
24 30 81
30 24 56
24 31 25
31 24 34
24 32 34
32 24 30
24 34 48
34 24 56
24 35 33
35 24 55
24 36 61
36 24 58
24 38 55
38 24 41
24 39 94
39 24 63
24 40 35
40 24 46
24 41 35
41 24 35
24 42 39
42 24 44
24 43 8
43 24 12
24 44 55
44 24 43
24 45 29
45 24 52
24 46 39
46 24 27
24 47 19
47 24 26
24 48 22
48 24 17
24 49 65
49 24 46
24 50 68
50 24 50
24 51 22
51 24 25
25 26 42
26 25 36
25 28 65
28 25 46
25 30 68
30 25 52
25 31 55
31 25 43
25 32 28
32 25 32
25 34 48
34 25 54
25 35 57
35 25 60
25 36 93
36 25 64
25 38 26
38 25 38
25 39 57
39 25 57
25 40 33
40 25 32
25 41 29
41 25 21
25 42 18
42 25 31
25 43 18
43 25 26
25 44 41
44 25 33
25 45 62
45 25 43
25 46 22
46 25 25
25 47 27
47 25 19
25 48 14
48 25 25
25 49 54
49 25 42
25 50 47
50 25 49
25 51 15
51 25 23
26 28 21
28 26 16
26 30 49
30 26 51
26 31 8
31 26 10
26 32 26
32 26 25
26 34 56
34 26 49
26 35 44
35 26 35
26 36 21
36 26 36
26 38 35
38 26 38
26 39 34
39 26 62
26 40 46
40 26 66
26 41 50
41 26 54
26 42 33
42 26 58
26 43 23
43 26 22
26 44 46
44 26 53
26 45 62
45 26 59
26 46 17
46 26 29
26 47 41
47 26 36
26 48 18
48 26 13
26 49 50
49 26 45
26 50 40
50 26 42
26 51 29
51 26 28
28 30 31
30 28 43
28 31 7
31 28 6
28 32 17
32 28 22
28 34 37
34 28 38
28 35 13
35 28 19
28 36 10
36 28 20
28 38 33
38 28 32
28 39 44
39 28 54
28 40 47
40 28 72
28 41 70
41 28 60
28 42 75
42 28 61
28 43 30
43 28 38
28 44 69
44 28 53
28 45 51
45 28 57
28 46 28
46 28 30
28 47 24
47 28 39
28 48 24
48 28 22
28 49 47
49 28 39
28 50 35
50 28 33
28 51 25
51 28 30
30 31 35
31 30 47
30 32 14
32 30 28
30 34 6
34 30 7
30 35 53
35 30 36
30 36 35
36 30 42
30 38 18
38 30 15
30 39 9
39 30 12
30 40 54
40 30 57
30 41 27
41 30 49
30 42 61
42 30 41
30 43 39
43 30 64
30 44 20
44 30 30
30 45 32
45 30 25
30 46 18
46 30 29
30 47 38
47 30 33
30 48 28
48 30 43
30 49 5
49 30 10
30 50 5
50 30 10
30 51 43
51 30 31
31 32 27
32 31 23
31 34 45
34 31 43
31 35 27
35 31 26
31 36 25
36 31 26
31 38 42
38 31 35
31 39 58
39 31 58
31 40 98
40 31 71
31 41 86
41 31 59
31 42 66
42 31 61
31 43 25
43 31 32
31 44 27
44 31 54
31 45 31
45 31 59
31 46 37
46 31 30
31 47 54
47 31 39
31 48 26
48 31 18
31 49 33
49 31 42
31 50 35
50 31 37
31 51 36
51 31 30
32 34 14
34 32 26
32 35 23
35 32 29
32 36 35
36 32 34
32 38 13
38 32 13
32 39 47
39 32 37
32 40 39
40 32 52
32 41 24
41 32 40
32 42 29
42 32 40
32 43 30
43 32 38
32 44 16
44 32 32
32 45 20
45 32 36
32 46 11
46 32 9
32 47 27
47 32 19
32 48 10
48 32 16
32 49 21
49 32 21
32 50 23
50 32 20
32 51 7
51 32 10
34 35 18
35 34 30
34 36 40
36 34 36
34 38 16
38 34 16
34 39 15
39 34 18
34 40 91
40 34 62
34 41 30
41 34 53
34 42 65
42 34 46
34 43 55
43 34 64
34 44 32
44 34 36
34 45 35
45 34 32
34 46 18
46 34 30
34 47 20
47 34 36
34 48 37
48 34 42
34 49 17
49 34 14
34 50 8
50 34 6
34 51 40
51 34 32
35 36 4
36 35 6
35 38 20
38 35 33
35 39 61
39 35 48
35 40 62
40 35 81
35 41 55
41 35 69
35 42 94
42 35 67
35 43 61
43 35 57
35 44 60
44 35 58
35 45 41
45 35 58
35 46 47
46 35 38
35 47 31
47 35 48
35 48 22
48 35 38
35 49 29
49 35 38
35 50 35
50 35 27
35 51 44
51 35 39
36 38 25
38 36 38
36 39 64
39 36 54
36 40 55
40 36 86
36 41 80
41 36 74
36 42 55
42 36 72
36 43 83
43 36 58
36 44 37
44 36 63
36 45 79
45 36 64
36 46 54
46 36 43
36 47 42
47 36 53
36 48 26
48 36 40
36 49 55
49 36 44
36 50 46
50 36 33
36 51 25
51 36 44
38 39 29
39 38 24
38 40 35
40 38 49
38 41 42
41 38 39
38 42 51
42 38 35
38 43 53
43 38 49
38 44 25
44 38 25
38 45 36
45 38 26
38 46 9
46 38 14
38 47 28
47 38 20
38 48 40
48 38 28
38 49 10
49 38 8
38 50 11
50 38 11
38 51 19
51 38 16
39 40 71
40 39 55
39 41 26
41 39 49
39 42 50
42 39 38
39 43 40
43 39 73
39 44 17
44 39 29
39 45 29
45 39 21
39 46 20
46 39 36
39 47 25
47 39 38
39 48 35
48 39 52
39 49 24
49 39 17
39 50 19
50 39 22
39 51 50
51 39 38
40 41 12
41 40 12
40 42 18
42 40 16
40 43 40
43 40 58
40 44 38
44 40 26
40 45 26
45 40 34
40 46 59
46 40 43
40 47 44
47 40 33
40 48 47
48 40 53
40 49 59
49 40 48
40 50 59
50 40 60
40 51 36
51 40 42
41 42 15
42 41 13
41 43 35
43 41 47
41 44 28
44 41 20
41 45 41
45 41 30
41 46 20
46 41 31
41 47 20
47 41 21
41 48 45
48 41 41
41 49 45
49 41 40
41 50 41
50 41 50
41 51 39
51 41 30
42 43 69
43 42 56
42 44 8
44 42 10
42 45 21
45 42 18
42 46 20
46 42 31
42 47 15
47 42 22
42 48 37
48 42 45
42 49 35
49 42 32
42 50 42
50 42 44
42 51 29
51 42 31
43 44 39
44 43 55
43 45 85
45 43 64
43 46 41
46 43 37
43 47 28
47 43 38
43 48 23
48 43 22
43 49 83
49 43 56
43 50 62
50 43 58
43 51 19
51 43 35
44 45 5
45 44 10
44 46 24
46 44 24
44 47 12
47 44 18
44 48 31
48 44 40
44 49 14
49 44 22
44 50 22
50 44 34
44 51 13
51 44 25
45 46 30
46 45 30
45 47 35
47 45 26
45 48 49
48 45 47
45 49 14
49 45 20
45 50 16
50 45 32
45 51 25
51 45 31
46 47 11
47 46 10
46 48 10
48 46 17
46 49 26
49 46 19
46 50 24
50 46 24
46 51 1
51 46 2
47 48 21
48 47 23
47 49 13
49 47 23
47 50 40
50 47 31
47 51 9
51 47 9
48 49 42
49 48 35
48 50 19
50 48 36
48 51 14
51 48 16
49 50 10
50 49 12
49 51 15
51 49 22
50 51 22
51 50 26
