1 9 3 38 2550

111 123

51 3 3 37 52

1 20 49 49
2 23 52 64
5 18 21 47
6 17 17 63
7 22 31 62
8 23 52 33
9 20 51 21
10 17 42 41
11 22 31 32
3 17 20 26
4 24 40 30
12 22 5 25

13 12 42
14 36 16
15 52 41
16 27 23
17 17 33
18 13 13
19 57 58
20 62 42
21 42 57
22 16 57
23 8 52
24 7 38
25 27 68
26 30 48
27 43 67
28 58 48
29 58 27
30 37 69
31 38 46
32 46 10
33 61 33
34 62 63
35 63 69
36 32 22
37 45 35
38 59 15
39 5 6
40 10 17
41 21 10
42 5 64
43 30 15
44 39 10
45 32 39
46 25 32
47 25 55
48 48 28
49 56 37
50 30 40

51 1 11
1 51 12
51 2 17
2 51 19
51 5 19
5 51 17
51 6 13
6 51 23
51 7 16
7 51 12
51 8 29
8 51 24
51 9 42
9 51 34
51 10 7
10 51 12
51 11 24
11 51 21
51 3 38
3 51 31
51 4 18
4 51 22
51 12 59
12 51 42
51 13 36
13 51 27
51 14 51
14 51 36
51 15 25
15 51 19
51 16 38
16 51 31
51 17 29
17 51 28
51 18 52
18 51 46
51 19 16
19 51 21
51 20 39
20 51 27
51 21 7
21 51 7
51 22 27
22 51 22
51 23 27
23 51 29
51 24 44
24 51 33
51 25 10
25 51 19
51 26 7
26 51 8
51 27 14
27 51 16
51 28 14
28 51 21
51 29 35
29 51 32
51 30 15
30 51 17
51 31 7
31 51 6
51 32 24
32 51 43
51 33 25
33 51 31
51 34 36
34 51 27
51 35 29
35 51 31
51 36 41
36 51 30
51 37 16
37 51 19
51 38 54
38 51 43
51 39 82
39 51 56
51 40 39
40 51 44
51 41 32
41 51 45
51 42 29
42 51 34
51 43 53
43 51 37
51 44 31
44 51 42
51 45 8
45 51 14
51 46 28
46 51 23
51 47 8
47 51 12
51 48 38
48 51 26
51 49 26
49 51 24
51 50 18
50 51 14
1 2 11
2 1 15
1 5 33
5 1 28
1 6 42
6 1 35
1 7 18
7 1 22
1 8 17
8 1 16
1 9 23
9 1 28
1 10 13
10 1 11
1 11 33
11 1 25
1 3 45
3 1 37
1 4 26
4 1 21
1 12 61
12 1 50
1 13 22
13 1 38
1 14 43
14 1 35
1 15 8
15 1 9
1 16 36
16 1 34
1 17 44
17 1 36
1 18 35
18 1 51
1 19 16
19 1 12
1 20 20
20 1 15
1 21 6
21 1 11
1 22 38
22 1 34
1 23 58
23 1 41
1 24 46
24 1 43
1 25 34
25 1 29
1 26 25
26 1 19
1 27 10
27 1 19
1 28 7
28 1 9
1 29 33
29 1 24
1 30 15
30 1 23
1 31 13
31 1 11
1 32 36
32 1 39
1 33 14
33 1 20
1 34 12
34 1 19
1 35 31
35 1 24
1 36 34
36 1 32
1 37 9
37 1 15
1 38 47
38 1 35
1 39 39
39 1 62
1 40 73
40 1 50
1 41 60
41 1 48
1 42 24
42 1 46
1 43 34
43 1 39
1 44 38
44 1 40
1 45 10
45 1 20
1 46 17
46 1 29
1 47 16
47 1 25
1 48 26
48 1 21
1 49 20
49 1 14
1 50 20
50 1 21
2 5 46
5 2 35
2 6 47
6 2 35
2 7 25
7 2 21
2 8 32
8 2 31
2 9 29
9 2 43
2 10 36
10 2 25
2 11 49
11 2 38
2 3 69
3 2 50
2 4 31
4 2 36
2 12 54
12 2 61
2 13 56
13 2 45
2 14 51
14 2 51
2 15 24
15 2 23
2 16 32
16 2 48
2 17 40
17 2 47
2 18 68
18 2 64
2 19 10
19 2 8
2 20 17
20 2 24
2 21 7
21 2 12
2 22 30
22 2 37
2 23 23
23 2 46
2 24 46
24 2 51
2 25 28
25 2 25
2 26 34
26 2 27
2 27 11
27 2 9
2 28 23
28 2 17
2 29 52
29 2 37
2 30 10
30 2 15
2 31 31
31 2 23
2 32 37
32 2 54
2 33 43
33 2 32
2 34 14
34 2 10
2 35 6
35 2 12
2 36 54
36 2 46
2 37 17
37 2 30
2 38 50
38 2 49
2 39 70
39 2 75
2 40 78
40 2 63
2 41 84
41 2 62
2 42 39
42 2 47
2 43 42
43 2 53
2 44 81
44 2 56
2 45 41
45 2 32
2 46 30
46 2 42
2 47 32
47 2 28
2 48 44
48 2 36
2 49 21
49 2 27
2 50 23
50 2 33
5 6 16
6 5 16
5 7 20
7 5 18
5 8 34
8 5 34
5 9 36
9 5 40
5 10 25
10 5 22
5 11 14
11 5 18
5 3 22
3 5 21
5 4 29
4 5 25
5 12 27
12 5 27
5 13 13
13 5 10
5 14 40
14 5 34
5 15 39
15 5 32
5 16 25
16 5 25
5 17 12
17 5 15
5 18 39
18 5 35
5 19 22
19 5 38
5 20 38
20 5 41
5 21 31
21 5 23
5 22 8
22 5 11
5 23 16
23 5 14
5 24 10
24 5 16
5 25 21
25 5 22
5 26 13
26 5 9
5 27 38
27 5 30
5 28 50
28 5 37
5 29 51
29 5 42
5 30 37
30 5 27
5 31 21
31 5 17
5 32 39
32 5 45
5 33 21
33 5 42
5 34 63
34 5 44
5 35 49
35 5 47
5 36 15
36 5 27
5 37 14
37 5 27
5 38 48
38 5 50
5 39 54
39 5 44
5 40 36
40 5 32
5 41 30
41 5 37
5 42 15
42 5 23
5 43 43
43 5 33
5 44 46
44 5 41
5 45 15
45 5 14
5 46 16
46 5 16
5 47 9
47 5 9
5 48 23
48 5 33
5 49 32
49 5 36
5 50 6
50 5 11
6 7 11
7 6 14
6 8 55
8 6 46
6 9 45
9 6 54
6 10 36
10 6 33
6 11 24
11 6 34
6 3 26
3 6 37
6 4 33
4 6 40
6 12 23
12 6 40
6 13 21
13 6 22
6 14 68
14 6 51
6 15 42
15 6 41
6 16 26
16 6 41
6 17 32
17 6 30
6 18 68
18 6 50
6 19 43
19 6 40
6 20 36
20 6 50
6 21 24
21 6 26
6 22 6
22 6 6
6 23 10
23 6 14
6 24 28
24 6 27
6 25 13
25 6 11
6 26 14
26 6 20
6 27 38
27 6 26
6 28 39
28 6 44
6 29 41
29 6 54
6 30 15
30 6 21
6 31 15
31 6 27
6 32 86
32 6 60
6 33 51
33 6 53
6 34 28
34 6 45
6 35 50
35 6 46
6 36 57
36 6 44
6 37 36
37 6 40
6 38 34
38 6 64
6 39 58
39 6 58
6 40 55
40 6 46
6 41 28
41 6 53
6 42 16
42 6 12
6 43 44
43 6 50
6 44 36
44 6 57
6 45 22
45 6 28
6 46 34
46 6 32
6 47 12
47 6 11
6 48 31
48 6 46
6 49 35
49 6 47
6 50 27
50 6 26
7 8 52
8 7 36
7 9 56
9 7 46
7 10 21
10 7 24
7 11 30
11 7 30
7 3 24
3 7 38
7 4 30
4 7 33
7 12 40
12 7 45
7 13 25
13 7 28
7 14 34
14 7 46
7 15 40
15 7 30
7 16 36
16 7 39
7 17 42
17 7 32
7 18 64
18 7 52
7 19 34
19 7 26
7 20 29
20 7 37
7 21 15
21 7 12
7 22 22
22 7 16
7 23 26
23 7 25
7 24 27
24 7 34
7 25 4
25 7 7
7 26 9
26 7 14
7 27 11
27 7 13
7 28 40
28 7 30
7 29 59
29 7 44
7 30 8
30 7 9
7 31 17
31 7 17
7 32 52
32 7 54
7 33 30
33 7 42
7 34 18
34 7 31
7 35 18
35 7 33
7 36 40
36 7 40
7 37 18
37 7 30
7 38 46
38 7 54
7 39 80
39 7 62
7 40 71
40 7 49
7 41 57
41 7 53
7 42 38
42 7 26
7 43 41
43 7 47
7 44 63
44 7 53
7 45 28
45 7 23
7 46 27
46 7 31
7 47 6
47 7 9
7 48 33
48 7 38
7 49 25
49 7 35
7 50 12
50 7 22
8 9 11
9 8 12
8 10 16
10 8 13
8 11 27
11 8 21
8 3 47
3 8 32
8 4 6
4 8 12
8 12 29
12 8 48
8 13 38
13 8 41
8 14 19
14 8 23
8 15 5
15 8 8
8 16 28
16 8 27
8 17 35
17 8 35
8 18 53
18 8 44
8 19 30
19 8 25
8 20 15
20 8 13
8 21 26
21 8 26
8 22 40
22 8 43
8 23 61
23 8 48
8 24 62
24 8 45
8 25 61
25 8 43
8 26 20
26 8 27
8 27 33
27 8 35
8 28 18
28 8 16
8 29 11
29 8 8
8 30 45
30 8 39
8 31 13
31 8 19
8 32 24
32 8 24
8 33 11
33 8 9
8 34 34
34 8 32
8 35 54
35 8 38
8 36 27
36 8 23
8 37 7
37 8 7
8 38 23
38 8 19
8 39 44
39 8 54
8 40 62
40 8 45
8 41 56
41 8 39
8 42 44
42 8 56
8 43 30
43 8 28
8 44 30
44 8 26
8 45 19
45 8 21
8 46 32
46 8 27
8 47 25
47 8 35
8 48 8
48 8 6
8 49 3
49 8 6
8 50 16
50 8 23
9 10 16
10 9 22
9 11 12
11 9 23
9 3 25
3 9 31
9 4 10
4 9 14
9 12 33
12 9 46
9 13 49
13 9 44
9 14 16
14 9 16
9 15 14
15 9 20
9 16 27
16 9 24
9 17 33
17 9 36
9 18 23
18 9 39
9 19 30
19 9 37
9 20 13
20 9 24
9 21 48
21 9 37
9 22 54
22 9 50
9 23 68
23 9 53
9 24 39
24 9 47
9 25 49
25 9 53
9 26 36
26 9 34
9 27 45
27 9 47
9 28 26
28 9 28
9 29 11
29 9 9
9 30 52
30 9 50
9 31 37
31 9 28
9 32 12
32 9 12
9 33 23
33 9 16
9 34 32
34 9 43
9 35 29
35 9 49
9 36 16
36 9 19
9 37 18
37 9 15
9 38 14
38 9 10
9 39 44
39 9 48
9 40 55
40 9 41
9 41 23
41 9 32
9 42 35
42 9 63
9 43 13
43 9 22
9 44 23
44 9 16
9 45 30
45 9 26
9 46 28
46 9 28
9 47 61
47 9 43
9 48 7
48 9 8
9 49 23
49 9 17
9 50 27
50 9 28
10 11 11
11 10 14
10 3 28
3 10 27
10 4 11
4 10 11
10 12 29
12 10 40
10 13 30
13 10 30
10 14 14
14 10 26
10 15 13
15 10 10
10 16 22
16 10 23
10 17 33
17 10 26
10 18 52
18 10 40
10 19 16
19 10 23
10 20 11
20 10 20
10 21 15
21 10 16
10 22 22
22 10 31
10 23 29
23 10 36
10 24 46
24 10 35
10 25 36
25 10 31
10 26 10
26 10 14
10 27 36
27 10 26
10 28 9
28 10 17
10 29 24
29 10 21
10 30 34
30 10 28
10 31 8
31 10 6
10 32 24
32 10 31
10 33 24
33 10 21
10 34 44
34 10 30
10 35 28
35 10 35
10 36 24
36 10 21
10 37 4
37 10 7
10 38 40
38 10 31
10 39 64
39 10 51
10 40 33
40 10 40
10 41 32
41 10 37
10 42 57
42 10 44
10 43 15
43 10 28
10 44 31
44 10 31
10 45 13
45 10 10
10 46 18
46 10 19
10 47 16
47 10 22
10 48 16
48 10 14
10 49 22
49 10 15
10 50 6
50 10 12
11 3 9
3 11 13
11 4 10
4 11 9
11 12 38
12 11 27
11 13 25
13 11 21
11 14 19
14 11 17
11 15 32
15 11 23
11 16 11
16 11 10
11 17 20
17 11 14
11 18 16
18 11 26
11 19 29
19 11 37
11 20 42
20 11 33
11 21 35
21 11 27
11 22 26
22 11 29
11 23 37
23 11 30
11 24 28
24 11 25
11 25 32
25 11 36
11 26 9
26 11 16
11 27 22
27 11 37
11 28 21
28 11 31
11 29 33
29 11 27
11 30 34
30 11 37
11 31 16
31 11 16
11 32 36
32 11 27
11 33 18
33 11 30
11 34 45
34 11 44
11 35 64
35 11 49
11 36 13
36 11 10
11 37 18
37 11 14
11 38 33
38 11 33
11 39 26
39 11 37
11 40 37
40 11 26
11 41 14
41 11 24
11 42 58
42 11 41
11 43 12
43 11 17
11 44 31
44 11 23
11 45 10
45 11 7
11 46 4
46 11 6
11 47 22
47 11 24
11 48 15
48 11 17
11 49 15
49 11 25
11 50 11
50 11 8
3 4 28
4 3 20
3 12 11
12 3 15
3 13 22
13 3 18
3 14 10
14 3 19
3 15 27
15 3 35
3 16 9
16 3 8
3 17 6
17 3 8
3 18 10
18 3 15
3 19 50
19 3 49
3 20 29
20 3 45
3 21 25
21 3 38
3 22 38
22 3 31
3 23 22
23 3 29
3 24 16
24 3 18
3 25 37
25 3 43
3 26 15
26 3 24
3 27 54
27 3 47
3 28 25
28 3 44
3 29 33
29 3 38
3 30 59
30 3 46
3 31 16
31 3 27
3 32 43
32 3 31
3 33 28
33 3 41
3 34 64
34 3 56
3 35 57
35 3 61
3 36 13
36 3 13
3 37 33
37 3 27
3 38 52
38 3 41
3 39 15
39 3 25
3 40 11
40 3 13
3 41 9
41 3 16
3 42 47
42 3 41
3 43 21
43 3 15
3 44 16
44 3 25
3 45 19
45 3 18
3 46 11
46 3 8
3 47 36
47 3 29
3 48 35
48 3 28
3 49 50
49 3 37
3 50 13
50 3 17
4 12 34
12 4 35
4 13 15
13 4 30
4 14 17
14 4 15
4 15 22
15 4 16
4 16 14
16 4 15
4 17 22
17 4 23
4 18 39
18 4 32
4 19 35
19 4 33
4 20 14
20 4 25
4 21 24
21 4 27
4 22 28
22 4 36
4 23 50
23 4 39
4 24 31
24 4 34
4 25 41
25 4 40
4 26 11
26 4 21
4 27 24
27 4 37
4 28 15
28 4 25
4 29 15
29 4 18
4 30 44
30 4 39
4 31 15
31 4 16
4 32 29
32 4 21
4 33 26
33 4 21
4 34 47
34 4 40
4 35 59
35 4 45
4 36 11
36 4 11
4 37 10
37 4 7
4 38 16
38 4 24
4 39 47
39 4 42
4 40 49
40 4 33
4 41 15
41 4 27
4 42 44
42 4 48
4 43 12
43 4 18
4 44 21
44 4 20
4 45 17
45 4 12
4 46 10
46 4 15
4 47 21
47 4 29
4 48 9
48 4 8
4 49 23
49 4 17
4 50 9
50 4 14
12 13 10
13 12 18
12 14 22
14 12 32
12 15 37
15 12 50
12 16 25
16 12 22
12 17 19
17 12 14
12 18 10
18 12 14
12 19 64
19 12 61
12 20 83
20 12 59
12 21 56
21 12 49
12 22 35
22 12 34
12 23 29
23 12 27
12 24 16
24 12 13
12 25 34
25 12 48
12 26 44
26 12 34
12 27 70
27 12 57
12 28 35
28 12 58
12 29 69
29 12 53
12 30 43
30 12 54
12 31 43
31 12 39
12 32 27
32 12 44
12 33 60
33 12 57
12 34 74
34 12 68
12 35 76
35 12 72
12 36 39
36 12 27
12 37 32
37 12 41
12 38 59
38 12 55
12 39 11
39 12 19
12 40 7
40 12 9
12 41 13
41 12 22
12 42 39
42 12 39
12 43 23
43 12 27
12 44 33
44 12 37
12 45 30
45 12 30
12 46 15
46 12 21
12 47 23
47 12 36
12 48 57
48 12 43
12 49 43
49 12 52
12 50 36
50 12 29
13 14 33
14 13 35
13 15 50
15 13 40
13 16 17
16 13 24
13 17 12
17 13 10
13 18 24
18 13 29
13 19 33
19 13 48
13 20 39
20 13 50
13 21 22
21 13 34
13 22 23
22 13 16
13 23 11
23 13 11
13 24 8
24 13 6
13 25 29
25 13 30
13 26 25
26 13 19
13 27 21
27 13 40
13 28 67
28 13 46
13 29 68
29 13 48
13 30 53
30 13 37
13 31 17
31 13 26
13 32 69
32 13 47
13 33 49
33 13 50
13 34 52
34 13 54
13 35 56
35 13 58
13 36 33
36 13 28
13 37 48
37 13 34
13 38 43
38 13 54
13 39 43
39 13 37
13 40 27
40 13 25
13 41 47
41 13 33
13 42 20
42 13 23
13 43 31
43 13 32
13 44 28
44 13 42
13 45 22
45 13 20
13 46 22
46 13 16
13 47 15
47 13 18
13 48 21
48 13 39
13 49 40
49 13 44
13 50 13
50 13 18
14 15 27
15 14 30
14 16 13
16 14 11
14 17 37
17 14 25
14 18 33
18 14 23
14 19 66
19 14 47
14 20 35
20 14 37
14 21 26
21 14 41
14 22 26
22 14 46
14 23 52
23 14 46
14 24 36
24 14 36
14 25 46
25 14 53
14 26 23
26 14 33
14 27 70
27 14 51
14 28 32
28 14 39
14 29 25
29 14 25
14 30 55
30 14 53
14 31 33
31 14 30
14 32 17
32 14 12
14 33 29
33 14 30
14 34 80
34 14 54
14 35 75
35 14 59
14 36 8
36 14 7
14 37 17
37 14 21
14 38 18
38 14 23
14 39 48
39 14 33
14 40 28
40 14 26
14 41 19
41 14 16
14 42 62
42 14 57
14 43 8
43 14 6
14 44 8
44 14 7
14 45 19
45 14 23
14 46 15
46 14 19
14 47 42
47 14 40
14 48 17
48 14 17
14 49 18
49 14 29
14 50 15
50 14 25
15 16 34
16 15 31
15 17 35
17 15 36
15 18 36
18 15 48
15 19 21
19 15 18
15 20 13
20 15 10
15 21 24
21 15 19
15 22 31
22 15 39
15 23 51
23 15 45
15 24 46
24 15 45
15 25 55
25 15 37
15 26 28
26 15 23
15 27 25
27 15 28
15 28 6
28 15 9
15 29 11
29 15 15
15 30 18
30 15 32
15 31 10
31 15 15
15 32 45
32 15 32
15 33 15
33 15 12
15 34 13
34 15 24
15 35 19
35 15 30
15 36 14
36 15 28
15 37 12
37 15 9
15 38 34
38 15 27
15 39 47
39 15 58
15 40 36
40 15 48
15 41 24
41 15 44
15 42 27
42 15 52
15 43 32
43 15 34
15 44 24
44 15 34
15 45 12
45 15 20
15 46 28
46 15 28
15 47 21
47 15 30
15 48 11
48 15 14
15 49 8
49 15 6
15 50 30
50 15 22
16 17 16
17 16 14
16 18 14
18 16 17
16 19 33
19 16 46
16 20 54
20 16 40
16 21 54
21 16 37
16 22 53
22 16 36
16 23 36
23 16 35
16 24 20
24 16 25
16 25 62
25 16 45
16 26 21
26 16 25
16 27 49
27 16 47
16 28 27
28 16 40
16 29 37
29 16 31
16 30 44
30 16 47
16 31 24
31 16 25
16 32 25
32 16 23
16 33 48
33 16 35
16 34 51
34 16 53
16 35 50
35 16 58
16 36 4
36 16 5
16 37 21
37 16 22
16 38 40
38 16 33
16 39 20
39 16 28
16 40 21
40 16 18
16 41 17
41 16 14
16 42 52
42 16 47
16 43 6
43 16 9
16 44 22
44 16 18
16 45 9
45 16 17
16 46 10
46 16 9
16 47 47
47 16 32
16 48 24
48 16 22
16 49 20
49 16 32
16 50 12
50 16 17
17 18 24
18 17 20
17 19 70
19 17 47
17 20 51
20 17 46
17 21 25
21 17 35
17 22 32
22 17 24
17 23 27
23 17 21
17 24 13
24 17 11
17 25 53
25 17 36
17 26 13
26 17 20
17 27 32
27 17 43
17 28 26
28 17 44
17 29 23
29 17 41
17 30 57
30 17 41
17 31 23
31 17 25
17 32 35
32 17 37
17 33 37
33 17 44
17 34 61
34 17 54
17 35 31
35 17 58
17 36 11
36 17 19
17 37 31
37 17 28
17 38 33
38 17 46
17 39 41
39 17 30
17 40 11
40 17 17
17 41 20
41 17 23
17 42 41
42 17 33
17 43 16
43 17 22
17 44 44
44 17 32
17 45 20
45 17 16
17 46 11
46 17 8
17 47 26
47 17 23
17 48 41
48 17 31
17 49 20
49 17 39
17 50 20
50 17 15
18 19 88
19 18 63
18 20 84
20 18 57
18 21 79
21 18 53
18 22 54
22 18 44
18 23 44
23 18 39
18 24 27
24 18 26
18 25 41
25 18 57
18 26 36
26 18 39
18 27 85
27 18 62
18 28 44
28 18 57
18 29 57
29 18 47
18 30 83
30 18 61
18 31 45
31 18 41
18 32 28
32 18 33
18 33 59
33 18 52
18 34 84
34 18 70
18 35 71
35 18 75
18 36 22
36 18 21
18 37 23
37 18 39
18 38 61
38 18 46
18 39 11
39 18 11
18 40 5
40 18 5
18 41 8
41 18 9
18 42 35
42 18 51
18 43 18
43 18 17
18 44 24
44 18 26
18 45 24
45 18 32
18 46 24
46 18 22
18 47 34
47 18 44
18 48 42
48 18 38
18 49 50
49 18 49
18 50 16
50 18 31
19 20 23
20 19 17
19 21 19
21 19 15
19 22 33
22 19 41
19 23 46
23 19 49
19 24 76
24 19 54
19 25 34
25 19 32
19 26 27
26 19 29
19 27 12
27 19 17
19 28 6
28 19 10
19 29 26
29 19 31
19 30 21
30 19 23
19 31 27
31 19 22
19 32 55
32 19 49
19 33 25
33 19 25
19 34 10
34 19 7
19 35 14
35 19 13
19 36 51
36 19 44
19 37 30
37 19 26
19 38 44
38 19 43
19 39 43
39 19 74
19 40 54
40 19 62
19 41 75
41 19 60
19 42 49
42 19 52
19 43 41
43 19 51
19 44 44
44 19 51
19 45 34
45 19 31
19 46 50
46 19 41
19 47 16
47 19 32
19 48 18
48 19 31
19 49 27
49 19 21
19 50 47
50 19 32
20 21 18
21 20 25
20 22 57
22 20 48
20 23 29
23 20 55
20 24 36
24 20 55
20 25 34
25 20 44
20 26 44
26 20 33
20 27 30
27 20 31
20 28 8
28 20 7
20 29 22
29 20 16
20 30 42
30 20 37
20 31 16
31 20 24
20 32 43
32 20 36
20 33 8
33 20 9
20 34 12
34 20 21
20 35 18
35 20 27
20 36 34
36 20 36
20 37 20
37 20 18
20 38 31
38 20 27
20 39 61
39 20 67
20 40 62
40 20 57
20 41 37
41 20 52
20 42 88
42 20 61
20 43 55
43 20 42
20 44 25
44 20 39
20 45 38
45 20 30
20 46 54
46 20 38
20 47 56
47 20 39
20 48 20
48 20 20
20 49 5
49 20 8
20 50 39
50 20 32
21 22 35
22 21 26
21 23 26
23 21 34
21 24 53
24 21 40
21 25 21
25 21 19
21 26 19
26 21 15
21 27 14
27 21 10
21 28 22
28 21 18
21 29 49
29 21 34
21 30 17
30 21 13
21 31 6
31 21 12
21 32 46
32 21 47
21 33 40
33 21 31
21 34 22
34 21 21
21 35 17
35 21 24
21 36 35
36 21 36
21 37 11
37 21 22
21 38 39
38 21 45
21 39 33
39 21 63
21 40 65
40 21 51
21 41 56
41 21 51
21 42 31
42 21 38
21 43 28
43 21 43
21 44 53
44 21 47
21 45 31
45 21 21
21 46 32
46 21 30
21 47 9
47 21 17
21 48 33
48 21 30
21 49 20
49 21 24
21 50 31
50 21 21
22 23 12
23 22 9
22 24 28
24 22 21
22 25 12
25 22 16
22 26 22
26 22 17
22 27 25
27 22 29
22 28 39
28 22 43
22 29 57
29 22 52
22 30 23
30 22 24
22 31 24
31 22 25
22 32 76
32 22 56
22 33 50
33 22 51
22 34 45
34 22 46
22 35 52
35 22 49
22 36 30
36 22 38
22 37 45
37 22 36
22 38 47
38 22 60
22 39 46
39 22 52
22 40 33
40 22 40
22 41 49
41 22 47
22 42 15
42 22 13
22 43 29
43 22 44
22 44 57
44 22 52
22 45 25
45 22 24
22 46 39
46 22 27
22 47 5
47 22 9
22 48 63
48 22 43
22 49 40
49 22 45
22 50 28
50 22 22
23 24 13
24 23 14
23 25 13
25 23 25
23 26 15
26 23 22
23 27 27
27 23 38
23 28 31
28 23 50
23 29 53
29 23 56
23 30 49
30 23 34
23 31 36
31 23 30
23 32 78
32 23 57
23 33 28
33 23 56
23 34 31
34 23 55
23 35 66
35 23 58
23 36 48
36 23 38
23 37 21
37 23 41
23 38 59
38 23 63
23 39 54
39 23 46
23 40 38
40 23 35
23 41 50
41 23 44
23 42 17
42 23 12
23 43 51
43 23 43
23 44 65
44 23 52
23 45 27
45 23 27
23 46 14
46 23 26
23 47 23
47 23 17
23 48 46
48 23 46
23 49 55
49 23 50
23 50 35
50 23 25
24 25 50
25 24 36
24 26 28
26 24 25
24 27 65
27 24 46
24 28 70
28 24 52
24 29 64
29 24 52
24 30 27
30 24 43
24 31 23
31 24 32
24 32 48
32 24 48
24 33 32
33 24 54
24 34 31
34 24 60
24 35 33
35 24 64
24 36 40
36 24 30
24 37 56
37 24 38
24 38 39
38 24 57
24 39 47
39 24 32
24 40 22
40 24 21
24 41 37
41 24 31
24 42 33
42 24 26
24 43 31
43 24 33
24 44 46
44 24 43
24 45 13
45 24 25
24 46 20
46 24 19
24 47 32
47 24 25
24 48 32
48 24 42
24 49 52
49 24 49
24 50 22
50 24 23
25 26 11
26 25 20
25 27 12
27 25 16
25 28 39
28 25 37
25 29 50
29 25 51
25 30 8
30 25 10
25 31 33
31 25 25
25 32 53
32 25 61
25 33 71
33 25 49
25 34 20
34 25 35
25 35 35
35 25 36
25 36 32
36 25 46
25 37 55
37 25 38
25 38 53
38 25 62
25 39 38
39 25 66
25 40 38
40 25 54
25 41 79
41 25 58
25 42 22
42 25 22
25 43 45
43 25 53
25 44 35
44 25 59
25 45 16
45 25 29
25 46 29
46 25 36
25 47 9
47 25 13
25 48 65
48 25 45
25 49 32
49 25 42
25 50 41
50 25 28
26 27 20
27 26 23
26 28 28
28 26 28
26 29 29
29 26 35
26 30 26
30 26 22
26 31 9
31 26 8
26 32 56
32 26 41
26 33 27
33 26 34
26 34 35
34 26 35
26 35 44
35 26 39
26 36 27
36 26 26
26 37 18
37 26 20
26 38 47
38 26 44
26 39 40
39 26 49
26 40 22
40 26 37
26 41 24
41 26 39
26 42 16
42 26 30
26 43 47
43 26 33
26 44 58
44 26 39
26 45 11
45 26 9
26 46 21
46 26 17
26 47 6
47 26 9
26 48 20
48 26 27
26 49 41
49 26 28
26 50 5
50 26 8
27 28 27
28 27 24
27 29 39
29 27 43
27 30 3
30 27 6
27 31 12
31 27 22
27 32 59
32 27 57
27 33 46
33 27 38
27 34 28
34 27 19
27 35 15
35 27 20
27 36 35
36 27 46
27 37 42
37 27 32
27 38 62
38 27 54
27 39 78
39 27 72
27 40 37
40 27 60
27 41 48
41 27 61
27 42 31
42 27 38
27 43 70
43 27 53
27 44 63
44 27 57
27 45 34
45 27 30
27 46 39
46 27 39
27 47 18
47 27 22
27 48 38
48 27 39
27 49 47
49 27 33
27 50 29
50 27 30
28 29 29
29 28 21
28 30 39
30 28 30
28 31 12
31 28 20
28 32 41
32 28 40
28 33 17
33 28 15
28 34 15
34 28 16
28 35 20
35 28 22
28 36 20
36 28 37
28 37 20
37 28 18
28 38 27
38 28 33
28 39 51
39 28 67
28 40 65
40 28 57
28 41 28
41 28 53
28 42 76
42 28 55
28 43 51
43 28 43
28 44 28
44 28 42
28 45 30
45 28 28
28 46 43
46 28 37
28 47 25
47 28 34
28 48 18
48 28 22
28 49 16
49 28 11
28 50 32
50 28 29
29 30 40
30 29 47
29 31 32
31 29 28
29 32 15
32 29 21
29 33 8
33 29 7
29 34 37
34 29 36
29 35 47
35 29 42
29 36 18
36 29 26
29 37 16
37 29 15
29 38 17
38 29 12
29 39 75
39 29 57
29 40 30
40 29 49
29 41 40
41 29 41
29 42 92
42 29 64
29 43 24
43 29 30
29 44 29
44 29 25
29 45 17
45 29 29
29 46 37
46 29 33
29 47 58
47 29 43
29 48 7
48 29 10
29 49 12
49 29 10
29 50 35
50 29 31
30 31 25
31 30 23
30 32 46
32 30 60
30 33 26
33 30 43
30 34 19
34 30 26
30 35 26
35 30 26
30 36 58
36 30 47
30 37 18
37 30 35
30 38 82
38 30 58
30 39 68
39 30 71
30 40 47
40 30 59
30 41 75
41 30 61
30 42 37
42 30 32
30 43 52
43 30 54
30 44 62
44 30 59
30 45 28
45 30 30
30 46 24
46 30 39
30 47 18
47 30 18
30 48 27
48 30 42
30 49 23
49 30 37
30 50 25
50 30 30
31 32 42
32 31 37
31 33 19
33 31 26
31 34 33
34 31 29
31 35 44
35 31 34
31 36 19
36 31 25
31 37 16
37 31 13
31 38 48
38 31 37
31 39 34
39 31 52
31 40 30
40 31 40
31 41 52
41 31 40
31 42 28
42 31 38
31 43 31
43 31 32
31 44 43
44 31 36
31 45 13
45 31 9
31 46 23
46 31 19
31 47 13
47 31 16
31 48 22
48 31 21
31 49 20
49 31 20
31 50 7
50 31 10
32 33 23
33 32 27
32 34 61
34 32 55
32 35 48
35 32 61
32 36 21
36 32 18
32 37 17
37 32 25
32 38 14
38 32 14
32 39 60
39 32 41
32 40 38
40 32 37
32 41 23
41 32 25
32 42 87
42 32 68
32 43 18
43 32 17
32 44 8
44 32 7
32 45 26
45 32 32
32 46 16
46 32 30
32 47 46
47 32 49
32 48 15
48 32 18
32 49 15
49 32 29
32 50 18
50 32 34
33 34 18
34 33 30
33 35 48
35 33 36
33 36 32
36 33 31
33 37 10
37 33 16
33 38 25
38 33 18
33 39 84
39 33 62
33 40 45
40 33 53
33 41 54
41 33 46
33 42 33
42 33 64
33 43 22
43 33 36
33 44 22
44 33 32
33 45 42
45 33 30
33 46 19
46 33 36
33 47 61
47 33 42
33 48 17
48 33 14
33 49 6
49 33 6
33 50 42
50 33 32
34 35 6
35 34 6
34 36 33
36 34 51
34 37 30
37 34 33
34 38 60
38 34 48
34 39 109
39 34 81
34 40 51
40 34 69
34 41 50
41 34 67
34 42 52
42 34 57
34 43 31
43 34 58
34 44 54
44 34 58
34 45 52
45 34 38
34 46 62
46 34 48
34 47 21
47 34 38
34 48 41
48 34 38
34 49 16
49 34 27
34 50 48
50 34 39
35 36 49
36 35 56
35 37 37
37 35 38
35 38 58
38 35 54
35 39 112
39 35 86
35 40 52
40 35 74
35 41 95
41 35 72
35 42 65
42 35 58
35 43 68
43 35 63
35 44 38
44 35 64
35 45 63
45 35 43
35 46 79
46 35 53
35 47 21
47 35 40
35 48 56
48 35 44
35 49 35
49 35 33
35 50 57
50 35 44
36 37 19
37 36 18
36 38 31
38 36 28
36 39 16
39 36 31
36 40 33
40 36 23
36 41 19
41 36 16
36 42 65
42 36 50
36 43 9
43 36 7
36 44 8
44 36 14
36 45 25
45 36 17
36 46 10
46 36 12
36 47 41
47 36 34
36 48 23
48 36 17
36 49 31
49 36 28
36 50 26
50 36 18
37 38 29
38 37 24
37 39 35
39 37 49
37 40 42
40 37 39
37 41 51
41 37 35
37 42 53
42 37 49
37 43 25
43 37 25
37 44 36
44 37 26
37 45 9
45 37 14
37 46 28
46 37 20
37 47 40
47 37 28
37 48 10
48 37 8
37 49 11
49 37 11
37 50 19
50 37 16
38 39 71
39 38 55
38 40 26
40 38 49
38 41 50
41 38 38
38 42 40
42 38 73
38 43 17
43 38 29
38 44 29
44 38 21
38 45 20
45 38 36
38 46 25
46 38 38
38 47 35
47 38 52
38 48 24
48 38 17
38 49 19
49 38 22
38 50 50
50 38 38
39 40 12
40 39 12
39 41 18
41 39 16
39 42 40
42 39 58
39 43 38
43 39 26
39 44 26
44 39 34
39 45 59
45 39 43
39 46 44
46 39 33
39 47 47
47 39 53
39 48 59
48 39 48
39 49 59
49 39 60
39 50 36
50 39 42
40 41 15
41 40 13
40 42 35
42 40 47
40 43 28
43 40 20
40 44 41
44 40 30
40 45 20
45 40 31
40 46 20
46 40 21
40 47 45
47 40 41
40 48 45
48 40 40
40 49 41
49 40 50
40 50 39
50 40 30
41 42 69
42 41 56
41 43 8
43 41 10
41 44 21
44 41 18
41 45 20
45 41 31
41 46 15
46 41 22
41 47 37
47 41 45
41 48 35
48 41 32
41 49 42
49 41 44
41 50 29
50 41 31
42 43 39
43 42 55
42 44 85
44 42 64
42 45 41
45 42 37
42 46 28
46 42 38
42 47 23
47 42 22
42 48 83
48 42 56
42 49 62
49 42 58
42 50 19
50 42 35
43 44 5
44 43 10
43 45 24
45 43 24
43 46 12
46 43 18
43 47 31
47 43 40
43 48 14
48 43 22
43 49 22
49 43 34
43 50 13
50 43 25
44 45 30
45 44 30
44 46 35
46 44 26
44 47 49
47 44 47
44 48 14
48 44 20
44 49 16
49 44 32
44 50 25
50 44 31
45 46 11
46 45 10
45 47 10
47 45 17
45 48 26
48 45 19
45 49 24
49 45 24
45 50 1
50 45 2
46 47 21
47 46 23
46 48 13
48 46 23
46 49 40
49 46 31
46 50 9
50 46 9
47 48 42
48 47 35
47 49 19
49 47 36
47 50 14
50 47 16
48 49 10
49 48 12
48 50 15
50 48 22
49 50 22
50 49 26
