1 28 28 19 5700

277 290

1 5 7 22 22

2 9 36 26
3 9 21 45
4 8 45 35
8 9 55 45
11 12 55 65
12 9 35 51
13 11 62 35
15 12 62 24
16 10 21 36
17 12 33 44
19 11 62 48
20 11 66 14
21 12 44 13
23 10 11 28
25 11 17 64
27 9 55 34
28 9 35 16
35 10 55 50
40 11 30 50
42 9 15 14
43 12 16 19
44 12 21 48
46 10 51 42
47 8 50 15
49 12 12 38
54 11 67 41
56 9 6 25
57 8 65 27
5 8 55 20
6 10 33 34
7 10 50 50
9 9 26 59
10 10 40 66
14 11 62 57
18 10 9 56
22 12 26 13
24 12 7 43
26 10 41 46
29 10 52 26
30 12 43 26
31 12 31 76
32 11 22 53
33 10 26 29
34 12 50 40
36 10 54 10
37 9 60 15
38 12 47 66
39 9 30 60
41 10 12 17
45 12 50 30
48 12 48 21
50 12 15 56
51 9 29 39
52 10 54 38
53 10 55 57
55 10 10 70

58 40 60
59 70 64
60 64 4
61 36 6
62 30 20
63 20 30
64 15 5
65 50 70
66 57 72
67 45 42
68 38 33
69 50 4
70 66 8
71 59 5
72 35 60
73 27 24
74 40 20
75 40 37
76 40 40

1 2 19
2 1 15
1 3 21
3 1 23
1 4 20
4 1 26
1 8 58
8 1 40
1 11 43
11 1 54
1 12 25
12 1 32
1 13 34
13 1 42
1 15 21
15 1 40
1 16 20
16 1 14
1 17 15
17 1 25
1 19 32
19 1 47
1 20 55
20 1 45
1 21 16
21 1 24
1 23 8
23 1 13
1 25 41
25 1 42
1 27 40
27 1 35
1 28 8
28 1 14
1 35 42
35 1 43
1 40 17
40 1 29
1 42 13
42 1 11
1 43 7
43 1 7
1 44 31
44 1 26
1 46 51
46 1 35
1 47 18
47 1 29
1 49 10
49 1 19
1 54 35
54 1 48
1 56 14
56 1 16
1 57 64
57 1 43
1 5 28
5 1 33
1 6 17
6 1 16
1 7 51
7 1 39
1 9 46
9 1 37
1 10 24
10 1 48
1 14 57
14 1 53
1 18 22
18 1 36
1 22 11
22 1 10
1 24 17
24 1 26
1 26 25
26 1 30
1 29 21
29 1 30
1 30 23
30 1 21
1 31 77
31 1 55
1 32 44
32 1 31
1 33 8
33 1 8
1 34 33
34 1 33
1 36 42
36 1 34
1 37 38
37 1 39
1 38 70
38 1 51
1 39 58
39 1 39
1 41 9
41 1 11
1 45 34
45 1 29
1 48 36
48 1 26
1 50 37
50 1 35
1 51 15
51 1 18
1 52 30
52 1 35
1 53 65
53 1 48
1 55 48
55 1 49
1 58 23
58 1 42
1 59 65
59 1 63
1 60 25
60 1 45
1 61 26
61 1 21
1 62 6
62 1 8
1 63 5
63 1 8
1 64 26
64 1 18
1 65 33
65 1 55
1 66 36
66 1 61
1 67 35
67 1 30
1 68 22
68 1 19
1 69 24
69 1 33
1 70 34
70 1 46
1 71 27
71 1 40
1 72 37
72 1 40
1 73 6
73 1 5
1 74 14
74 1 18
1 75 21
75 1 23
1 76 34
76 1 25
2 3 26
3 2 24
2 4 18
4 2 13
2 8 38
8 2 27
2 11 62
11 2 43
2 12 25
12 2 25
2 13 36
13 2 28
2 15 25
15 2 26
2 16 11
16 2 18
2 17 10
17 2 18
2 19 49
19 2 34
2 20 35
20 2 32
2 21 22
21 2 15
2 23 34
23 2 25
2 25 27
25 2 42
2 27 23
27 2 21
2 28 6
28 2 10
2 35 38
35 2 31
2 40 31
40 2 25
2 42 24
42 2 24
2 43 15
43 2 21
2 44 16
44 2 27
2 46 19
46 2 22
2 47 14
47 2 18
2 49 14
49 2 27
2 54 50
54 2 34
2 56 44
56 2 30
2 57 42
57 2 29
2 5 10
5 2 20
2 6 9
6 2 9
2 7 20
7 2 28
2 9 19
9 2 34
2 10 24
10 2 40
2 14 49
14 2 40
2 18 55
18 2 40
2 22 13
22 2 16
2 24 42
24 2 34
2 26 30
26 2 21
2 29 16
29 2 16
2 30 8
30 2 7
2 31 55
31 2 50
2 32 23
32 2 30
2 33 14
33 2 10
2 34 19
34 2 20
2 36 12
36 2 24
2 37 13
37 2 26
2 38 32
38 2 41
2 39 17
39 2 34
2 41 15
41 2 26
2 45 8
45 2 15
2 48 14
48 2 13
2 50 52
50 2 37
2 51 10
51 2 15
2 52 11
52 2 22
2 53 28
53 2 36
2 55 31
55 2 51
2 58 34
58 2 34
2 59 53
59 2 51
2 60 47
60 2 36
2 61 12
61 2 20
2 62 9
62 2 8
2 63 13
63 2 16
2 64 38
64 2 29
2 65 38
65 2 46
2 66 25
66 2 50
2 67 24
67 2 18
2 68 8
68 2 7
2 69 24
69 2 26
2 70 48
70 2 35
2 71 27
71 2 31
2 72 25
72 2 34
2 73 12
73 2 9
2 74 5
74 2 7
2 75 15
75 2 11
2 76 18
76 2 14
3 4 20
4 3 26
3 8 35
8 3 34
3 11 48
11 3 39
3 12 13
12 3 15
3 13 53
13 3 42
3 15 58
15 3 46
3 16 9
16 3 9
3 17 16
17 3 12
3 19 47
19 3 41
3 20 82
20 3 55
3 21 54
21 3 39
3 23 19
23 3 20
3 25 21
25 3 19
3 27 31
27 3 36
3 28 17
28 3 32
3 35 49
35 3 34
3 40 13
40 3 10
3 42 23
42 3 32
3 43 31
43 3 26
3 44 4
44 3 3
3 46 41
46 3 30
3 47 29
47 3 41
3 49 6
49 3 11
3 54 61
54 3 46
3 56 20
56 3 25
3 57 65
57 3 48
3 5 34
5 3 42
3 6 22
6 3 16
3 7 32
7 3 29
3 9 14
9 3 15
3 10 31
10 3 28
3 14 53
14 3 43
3 18 13
18 3 16
3 22 28
22 3 32
3 24 7
24 3 14
3 26 23
26 3 20
3 29 36
29 3 36
3 30 33
30 3 29
3 31 36
31 3 33
3 32 6
32 3 8
3 33 18
33 3 17
3 34 39
34 3 29
3 36 30
36 3 48
3 37 35
37 3 49
3 38 28
38 3 33
3 39 24
39 3 17
3 41 30
41 3 29
3 45 35
45 3 33
3 48 43
48 3 36
3 50 19
50 3 13
3 51 13
51 3 10
3 52 36
52 3 33
3 53 53
53 3 36
3 55 34
55 3 27
3 58 18
58 3 24
3 59 67
59 3 52
3 60 53
60 3 59
3 61 56
61 3 42
3 62 18
62 3 27
3 63 21
63 3 15
3 64 41
64 3 40
3 65 52
65 3 38
3 66 23
66 3 45
3 67 33
67 3 24
3 68 19
68 3 21
3 69 47
69 3 50
3 70 43
70 3 58
3 71 44
71 3 54
3 72 17
72 3 21
3 73 25
73 3 22
3 74 34
74 3 31
3 75 24
75 3 21
3 76 26
76 3 20
4 8 12
8 4 14
4 11 28
11 4 32
4 12 26
12 4 19
4 13 12
13 4 17
4 15 26
15 4 20
4 16 14
16 4 24
4 17 9
17 4 15
4 19 27
19 4 21
4 20 16
20 4 30
4 21 17
21 4 22
4 23 32
23 4 35
4 25 20
25 4 40
4 27 5
27 4 10
4 28 12
28 4 21
4 35 13
35 4 18
4 40 11
40 4 21
4 42 37
42 4 37
4 43 20
43 4 33
4 44 39
44 4 27
4 46 5
46 4 9
4 47 20
47 4 21
4 49 35
49 4 33
4 54 30
54 4 22
4 56 43
56 4 40
4 57 27
57 4 22
4 5 24
5 4 18
4 6 11
6 4 12
4 7 11
7 4 16
4 9 40
9 4 31
4 10 18
10 4 31
4 14 32
14 4 28
4 18 52
18 4 42
4 22 17
22 4 29
4 24 35
24 4 39
4 26 12
26 4 12
4 29 10
29 4 11
4 30 13
30 4 9
4 31 22
31 4 43
4 32 30
32 4 29
4 33 28
33 4 20
4 34 4
34 4 7
4 36 16
36 4 27
4 37 21
37 4 25
4 38 25
38 4 31
4 39 29
39 4 29
4 41 36
41 4 38
4 45 5
45 4 7
4 48 12
48 4 14
4 50 49
50 4 37
4 51 9
51 4 16
4 52 6
52 4 9
4 53 19
53 4 24
4 55 71
55 4 49
4 58 35
58 4 25
4 59 32
59 4 38
4 60 18
60 4 36
4 61 21
61 4 30
4 62 11
62 4 21
4 63 25
63 4 25
4 64 34
64 4 42
4 65 34
65 4 35
4 66 36
66 4 39
4 67 9
67 4 7
4 68 4
68 4 7
4 69 42
69 4 31
4 70 38
70 4 34
4 71 42
71 4 33
4 72 35
72 4 27
4 73 31
73 4 21
4 74 8
74 4 16
4 75 7
75 4 5
4 76 6
76 4 7
8 11 22
11 8 20
8 12 14
12 8 21
8 13 17
13 8 12
8 15 24
15 8 22
8 16 38
16 8 35
8 17 12
17 8 22
8 19 6
19 8 8
8 20 21
20 8 33
8 21 22
21 8 34
8 23 49
23 8 47
8 25 51
25 8 42
8 27 9
27 8 11
8 28 33
28 8 35
8 35 7
35 8 5
8 40 31
40 8 25
8 42 31
42 8 51
8 43 34
43 8 47
8 44 27
44 8 34
8 46 5
46 8 5
8 47 26
47 8 30
8 49 47
49 8 44
8 54 11
54 8 13
8 56 78
56 8 53
8 57 28
57 8 21
8 5 37
5 8 25
8 6 15
6 8 25
8 7 6
7 8 7
8 9 40
9 8 32
8 10 30
10 8 26
8 14 15
14 8 14
8 18 54
18 8 47
8 22 55
22 8 43
8 24 41
24 8 48
8 26 13
26 8 14
8 29 24
29 8 19
8 30 16
30 8 22
8 31 36
31 8 39
8 32 24
32 8 34
8 33 23
33 8 33
8 34 5
34 8 7
8 36 38
36 8 35
8 37 17
37 8 30
8 38 19
38 8 22
8 39 40
39 8 29
8 41 35
41 8 51
8 45 20
45 8 16
8 48 37
48 8 25
8 50 39
50 8 41
8 51 28
51 8 27
8 52 9
52 8 7
8 53 15
53 8 12
8 55 74
55 8 51
8 58 24
58 8 21
8 59 17
59 8 24
8 60 57
60 8 42
8 61 22
61 8 43
8 62 28
62 8 35
8 63 40
63 8 38
8 64 79
64 8 56
8 65 36
65 8 25
8 66 37
66 8 27
8 67 9
67 8 10
8 68 22
68 8 21
8 69 28
69 8 41
8 70 23
70 8 38
8 71 29
71 8 40
8 72 27
72 8 25
8 73 42
73 8 35
8 74 37
74 8 29
8 75 20
75 8 17
8 76 8
76 8 15
11 12 19
12 11 24
11 13 40
13 11 31
11 15 35
15 11 42
11 16 62
16 11 45
11 17 16
17 11 30
11 19 26
19 11 18
11 20 43
20 11 52
11 21 30
21 11 53
11 23 31
23 11 57
11 25 26
25 11 38
11 27 33
27 11 31
11 28 30
28 11 53
11 35 18
35 11 15
11 40 29
40 11 29
11 42 79
42 11 65
11 43 42
43 11 60
11 44 39
44 11 38
11 46 16
46 11 23
11 47 26
47 11 50
11 49 48
49 11 50
11 54 31
54 11 27
11 56 61
56 11 63
11 57 48
57 11 39
11 5 35
5 11 45
11 6 36
6 11 38
11 7 17
7 11 16
11 9 24
9 11 30
11 10 21
10 11 15
11 14 9
14 11 11
11 18 48
18 11 47
11 22 44
22 11 60
11 24 75
24 11 53
11 26 17
26 11 24
11 29 39
29 11 39
11 30 31
30 11 41
11 31 25
31 11 26
11 32 28
32 11 35
11 33 28
33 11 46
11 34 16
34 11 25
11 36 32
36 11 55
11 37 48
37 11 50
11 38 5
38 11 8
11 39 32
39 11 25
11 41 54
41 11 64
11 45 19
45 11 35
11 48 49
48 11 44
11 50 61
50 11 41
11 51 26
51 11 36
11 52 23
52 11 27
11 53 7
53 11 8
11 55 55
55 11 45
11 58 20
58 11 16
11 59 19
59 11 15
11 60 40
60 11 62
11 61 71
61 11 62
11 62 48
62 11 51
11 63 45
63 11 49
11 64 41
64 11 72
11 65 5
65 11 7
11 66 4
66 11 7
11 67 19
67 11 25
11 68 50
68 11 36
11 69 78
69 11 61
11 70 48
70 11 58
11 71 80
71 11 60
11 72 20
72 11 21
11 73 62
73 11 50
11 74 68
74 11 47
11 75 46
75 11 32
11 76 33
76 11 29
12 13 42
13 12 31
12 15 43
15 12 38
12 16 26
16 12 21
12 17 4
17 12 7
12 19 19
19 12 27
12 20 28
20 12 48
12 21 52
21 12 39
12 23 33
23 12 33
12 25 17
25 12 22
12 27 37
27 12 26
12 28 23
28 12 35
12 35 11
35 12 20
12 40 6
40 12 5
12 42 54
42 12 42
12 43 47
43 12 37
12 44 20
44 12 14
12 46 13
46 12 18
12 47 40
47 12 39
12 49 33
49 12 26
12 54 40
54 12 34
12 56 37
56 12 39
12 57 27
57 12 38
12 5 51
5 12 37
12 6 24
6 12 17
12 7 22
7 12 15
12 9 15
9 12 12
12 10 18
10 12 16
12 14 24
14 12 28
12 18 18
18 12 26
12 22 47
22 12 39
12 24 24
24 12 29
12 26 11
26 12 8
12 29 30
29 12 30
12 30 16
30 12 26
12 31 21
31 12 25
12 32 16
32 12 13
12 33 33
33 12 24
12 34 17
34 12 19
12 36 38
36 12 45
12 37 50
37 12 44
12 38 10
38 12 19
12 39 10
39 12 10
12 41 28
41 12 41
12 45 21
45 12 26
12 48 30
48 12 33
12 50 24
50 12 21
12 51 9
51 12 13
12 52 16
52 12 23
12 53 27
53 12 21
12 55 26
55 12 31
12 58 8
58 12 10
12 59 47
59 12 37
12 60 46
60 12 55
12 61 51
61 12 45
12 62 25
62 12 31
12 63 14
63 12 26
12 64 49
64 12 50
12 65 17
65 12 24
12 66 38
66 12 30
12 67 13
67 12 13
12 68 19
68 12 18
12 69 59
69 12 49
12 70 50
70 12 53
12 71 32
71 12 52
12 72 5
72 12 9
12 73 25
73 12 28
12 74 35
74 12 31
12 75 14
75 12 15
12 76 12
76 12 12
13 15 9
15 13 11
13 16 28
16 13 41
13 17 36
17 13 30
13 19 8
19 13 13
13 20 26
20 13 21
13 21 35
21 13 28
13 23 61
23 13 51
13 25 55
25 13 54
13 27 6
27 13 7
13 28 26
28 13 33
13 35 25
35 13 17
13 40 29
40 13 35
13 42 62
42 13 51
13 43 33
43 13 49
13 44 25
44 13 43
13 46 18
46 13 13
13 47 22
47 13 23
13 49 59
49 13 50
13 54 6
54 13 8
13 56 64
56 13 56
13 57 6
57 13 9
13 5 12
5 13 17
13 6 24
6 13 29
13 7 11
7 13 19
13 9 35
9 13 43
13 10 41
10 13 38
13 14 32
14 13 22
13 18 47
18 13 57
13 22 31
22 13 42
13 24 58
24 13 56
13 26 31
26 13 24
13 29 10
29 13 13
13 30 18
30 13 21
13 31 46
31 13 51
13 32 24
32 13 44
13 33 23
33 13 36
13 34 7
34 13 13
13 36 37
36 13 26
13 37 28
37 13 20
13 38 35
38 13 34
13 39 42
39 13 41
13 41 41
41 13 53
13 45 18
45 13 13
13 48 15
48 13 19
13 50 67
50 13 51
13 51 45
51 13 33
13 52 13
52 13 9
13 53 34
53 13 23
13 55 73
55 13 63
13 58 44
58 13 33
13 59 43
59 13 30
13 60 46
60 13 31
13 61 53
61 13 38
13 62 50
62 13 35
13 63 32
63 13 42
13 64 45
64 13 56
13 65 26
65 13 37
13 66 38
66 13 37
13 67 11
67 13 18
13 68 34
68 13 24
13 69 44
69 13 33
13 70 33
70 13 27
13 71 30
71 13 30
13 72 44
72 13 37
13 73 36
73 13 37
13 74 18
74 13 26
13 75 26
75 13 22
13 76 26
76 13 23
15 16 51
16 15 43
15 17 18
17 15 35
15 19 17
19 15 24
15 20 9
20 15 11
15 21 15
21 15 21
15 23 26
23 15 51
15 25 84
25 15 60
15 27 13
27 15 12
15 28 25
28 15 28
15 35 40
35 15 27
15 40 40
40 15 41
15 42 32
42 15 48
15 43 55
43 15 46
15 44 57
44 15 48
15 46 28
46 15 21
15 47 10
47 15 15
15 49 74
49 15 52
15 54 19
54 15 18
15 56 61
56 15 56
15 57 4
57 15 4
15 5 11
5 15 8
15 6 35
6 15 31
15 7 24
7 15 29
15 9 30
9 15 50
15 10 25
10 15 47
15 14 48
14 15 33
15 18 59
18 15 62
15 22 40
22 15 38
15 24 82
24 15 58
15 26 30
26 15 30
15 29 14
29 15 10
15 30 22
30 15 19
15 31 88
31 15 60
15 32 29
32 15 49
15 33 52
33 15 36
15 34 24
34 15 20
15 36 22
36 15 16
15 37 11
37 15 9
15 38 38
38 15 45
15 39 34
39 15 48
15 41 27
41 15 50
15 45 8
45 15 13
15 48 7
48 15 14
15 50 45
50 15 57
15 51 31
51 15 36
15 52 13
52 15 16
15 53 37
53 15 34
15 55 94
55 15 69
15 58 24
58 15 42
15 59 49
59 15 41
15 60 18
60 15 20
15 61 18
61 15 32
15 62 40
62 15 32
15 63 39
63 15 42
15 64 55
64 15 51
15 65 44
65 15 48
15 66 71
66 15 48
15 67 33
67 15 25
15 68 29
68 15 25
15 69 17
69 15 23
15 70 19
70 15 16
15 71 14
71 15 19
15 72 50
72 15 45
15 73 31
73 15 35
15 74 16
74 15 22
15 75 21
75 15 25
15 76 20
76 15 27
16 17 17
17 16 14
16 19 40
19 16 43
16 20 57
20 16 50
16 21 37
21 16 33
16 23 15
23 16 13
16 25 35
25 16 28
16 27 32
27 16 34
16 28 17
28 16 24
16 35 44
35 16 37
16 40 24
40 16 17
16 42 27
42 16 23
16 43 23
43 16 18
16 44 11
44 16 12
16 46 26
46 16 31
16 47 50
47 16 36
16 49 9
49 16 9
16 54 39
54 16 46
16 56 24
56 16 19
16 57 24
57 16 45
16 5 29
5 16 38
16 6 16
6 16 12
16 7 40
7 16 32
16 9 17
9 16 24
16 10 51
10 16 36
16 14 26
14 16 46
16 18 16
18 16 23
16 22 32
22 16 24
16 24 13
24 16 16
16 26 18
26 16 22
16 29 47
29 16 33
16 30 24
30 16 24
16 31 47
31 16 41
16 32 19
32 16 17
16 33 9
33 16 9
16 34 29
34 16 29
16 36 51
36 16 42
16 37 44
37 16 44
16 38 26
38 16 40
16 39 19
39 16 26
16 41 13
41 16 21
16 45 28
45 16 30
16 48 38
48 16 31
16 50 23
50 16 21
16 51 13
51 16 9
16 52 37
52 16 33
16 53 58
53 16 40
16 55 53
55 16 36
16 58 42
58 16 31
16 59 45
59 16 56
16 60 75
60 16 54
16 61 17
61 16 34
16 62 26
62 16 18
16 63 8
63 16 6
16 64 37
64 16 31
16 65 43
65 16 45
16 66 64
66 16 51
16 67 21
67 16 25
16 68 11
68 16 17
16 69 49
69 16 43
16 70 58
70 16 53
16 71 29
71 16 49
16 72 28
72 16 28
16 73 14
73 16 13
16 74 20
74 16 25
16 75 26
75 16 19
16 76 18
76 16 19
17 19 40
19 17 29
17 20 60
20 17 45
17 21 48
21 17 33
17 23 38
23 17 27
17 25 38
25 17 26
17 27 19
27 17 24
17 28 35
28 17 28
17 35 21
35 17 23
17 40 7
40 17 7
17 42 27
42 17 35
17 43 26
43 17 30
17 44 10
44 17 13
17 46 20
46 17 18
17 47 49
47 17 34
17 49 28
49 17 22
17 54 25
54 17 34
17 56 25
56 17 33
17 57 41
57 17 36
17 5 18
5 17 33
17 6 7
6 17 10
17 7 21
7 17 18
17 9 13
9 17 17
17 10 14
10 17 23
17 14 36
14 17 32
17 18 23
18 17 27
17 22 42
22 17 32
17 24 37
24 17 26
17 26 7
26 17 8
17 29 34
29 17 26
17 30 14
30 17 21
17 31 18
31 17 32
17 32 15
32 17 14
17 33 21
33 17 17
17 34 10
34 17 17
17 36 59
36 17 40
17 37 24
37 17 40
17 38 19
38 17 26
17 39 23
39 17 16
17 41 34
41 17 34
17 45 25
45 17 22
17 48 35
48 17 27
17 50 27
50 17 22
17 51 8
51 17 6
17 52 21
52 17 21
17 53 28
53 17 26
17 55 49
55 17 35
17 58 12
58 17 17
17 59 61
59 17 42
17 60 37
60 17 50
17 61 51
61 17 38
17 62 20
62 17 24
17 63 25
63 17 19
17 64 61
64 17 43
17 65 19
65 17 31
17 66 44
66 17 37
17 67 8
67 17 12
17 68 7
68 17 12
17 69 30
69 17 43
17 70 31
70 17 49
17 71 66
71 17 46
17 72 8
72 17 16
17 73 23
73 17 21
17 74 17
74 17 25
17 75 12
75 17 10
17 76 11
76 17 8
19 20 26
20 19 34
19 21 46
21 19 39
19 23 61
23 19 55
19 25 48
25 19 48
19 27 13
27 19 16
19 28 61
28 19 42
19 35 8
35 19 7
19 40 40
40 19 32
19 42 84
42 19 58
19 43 39
43 19 54
19 44 55
44 19 41
19 46 19
46 19 13
19 47 25
47 19 35
19 49 69
49 19 51
19 54 11
54 19 9
19 56 79
56 19 60
19 57 30
57 19 21
19 5 29
5 19 29
19 6 21
6 19 32
19 7 6
7 19 12
19 9 27
9 19 38
19 10 37
10 19 28
19 14 6
14 19 9
19 18 44
18 19 54
19 22 55
22 19 50
19 24 68
24 19 55
19 26 25
26 19 21
19 29 14
29 19 24
19 30 15
30 19 29
19 31 54
31 19 42
19 32 25
32 19 40
19 33 25
33 19 41
19 34 19
34 19 14
19 36 38
36 19 39
19 37 22
37 19 33
19 38 17
38 19 23
19 39 39
39 19 34
19 41 73
41 19 58
19 45 31
45 19 22
19 48 16
48 19 30
19 50 55
50 19 47
19 51 48
51 19 34
19 52 15
52 19 13
19 53 14
53 19 11
19 55 72
55 19 56
19 58 27
58 19 25
19 59 9
59 19 18
19 60 45
60 19 44
19 61 43
61 19 49
19 62 42
62 19 42
19 63 45
63 19 46
19 64 57
64 19 63
19 65 20
65 19 25
19 66 35
66 19 25
19 67 13
67 19 18
19 68 34
68 19 28
19 69 54
69 19 46
19 70 47
70 19 40
19 71 22
71 19 43
19 72 23
72 19 29
19 73 60
73 19 42
19 74 32
74 19 36
19 75 22
75 19 24
19 76 22
76 19 23
20 21 24
21 20 22
20 23 45
23 20 57
20 25 81
25 20 70
20 27 22
27 20 23
20 28 22
28 20 31
20 35 50
35 20 38
20 40 30
40 20 51
20 42 69
42 20 51
20 43 48
43 20 50
20 44 66
44 20 56
20 46 45
46 20 32
20 47 19
47 20 16
20 49 88
49 20 59
20 54 31
54 20 27
20 56 69
56 20 61
20 57 15
57 20 13
20 5 12
5 20 13
20 6 38
6 20 39
20 7 22
7 20 39
20 9 59
9 20 60
20 10 52
10 20 58
20 14 48
14 20 43
20 18 60
18 20 71
20 22 48
22 20 40
20 24 78
24 20 66
20 26 55
26 20 41
20 29 15
29 20 18
20 30 20
30 20 26
20 31 41
31 20 71
20 32 50
32 20 58
20 33 53
33 20 43
20 34 26
34 20 31
20 36 10
36 20 13
20 37 5
37 20 6
20 38 41
38 20 55
20 39 32
39 20 58
20 41 41
41 20 54
20 45 23
45 20 22
20 48 22
48 20 19
20 50 58
50 20 66
20 51 32
51 20 44
20 52 22
52 20 27
20 53 49
53 20 44
20 55 79
55 20 79
20 58 41
58 20 53
20 59 49
59 20 50
20 60 7
60 20 10
20 61 23
61 20 31
20 62 31
62 20 36
20 63 39
63 20 48
20 64 67
64 20 52
20 65 83
65 20 58
20 66 32
66 20 59
20 67 35
67 20 35
20 68 33
68 20 34
20 69 12
69 20 19
20 70 6
70 20 6
20 71 9
71 20 11
20 72 70
72 20 55
20 73 33
73 20 40
20 74 38
74 20 27
20 75 20
75 20 34
20 76 43
76 20 36
21 23 18
23 21 36
21 25 40
25 21 58
21 27 16
27 21 24
21 28 8
28 21 9
21 35 49
35 21 39
21 40 53
40 21 40
21 42 29
42 21 29
21 43 33
43 21 28
21 44 31
44 21 42
21 46 21
46 21 30
21 47 7
47 21 6
21 49 23
49 21 41
21 54 37
54 21 36
21 56 33
56 21 39
21 57 24
57 21 25
21 5 10
5 21 13
21 6 28
6 21 24
21 7 21
7 21 37
21 9 56
9 21 49
21 10 70
10 21 53
21 14 47
14 21 48
21 18 75
18 21 55
21 22 12
22 21 18
21 24 55
24 21 48
21 26 33
26 21 33
21 29 13
29 21 15
21 30 14
30 21 13
21 31 44
31 21 64
21 32 27
32 21 46
21 33 22
33 21 24
21 34 26
34 21 28
21 36 9
36 21 10
21 37 17
37 21 16
21 38 42
38 21 53
21 39 52
39 21 49
21 41 27
41 21 32
21 45 10
45 21 18
21 48 12
48 21 9
21 50 53
50 21 52
21 51 40
51 21 30
21 52 21
52 21 27
21 53 48
53 21 45
21 55 62
55 21 66
21 58 45
58 21 47
21 59 31
59 21 57
21 60 25
60 21 22
21 61 7
61 21 11
21 62 18
62 21 15
21 63 15
63 21 29
21 64 34
64 21 30
21 65 31
65 21 57
21 66 49
66 21 60
21 67 33
67 21 29
21 68 24
68 21 21
21 69 6
69 21 11
21 70 20
70 21 22
21 71 16
71 21 17
21 72 69
72 21 48
21 73 10
73 21 20
21 74 10
74 21 8
21 75 19
75 21 24
21 76 38
76 21 27
23 25 35
25 23 36
23 27 23
27 23 44
23 28 15
28 23 27
23 35 47
35 23 49
23 40 23
40 23 29
23 42 22
42 23 15
23 43 13
43 23 10
23 44 22
44 23 22
23 46 52
46 23 42
23 47 32
47 23 41
23 49 10
49 23 10
23 54 70
54 23 57
23 56 5
56 23 6
23 57 78
57 23 54
23 5 31
5 23 45
23 6 21
6 23 23
23 7 41
7 23 45
23 9 23
9 23 34
23 10 33
10 23 48
23 14 37
14 23 59
23 18 23
18 23 28
23 22 27
22 23 21
23 24 14
24 23 16
23 26 35
26 23 35
23 29 44
29 23 41
23 30 28
30 23 32
23 31 46
31 23 52
23 32 33
32 23 27
23 33 13
33 23 15
23 34 52
34 23 41
23 36 35
36 23 47
23 37 60
37 23 51
23 38 51
38 23 52
23 39 44
39 23 37
23 41 14
41 23 11
23 45 27
45 23 39
23 48 40
48 23 38
23 50 18
50 23 28
23 51 31
51 23 21
23 52 27
52 23 44
23 53 42
53 23 53
23 55 33
55 23 42
23 58 60
58 23 43
23 59 61
59 23 69
23 60 57
60 23 58
23 61 39
61 23 33
23 62 24
62 23 21
23 63 9
63 23 9
23 64 24
64 23 23
23 65 79
65 23 57
23 66 95
66 23 64
23 67 30
67 23 37
23 68 33
68 23 27
23 69 60
69 23 46
23 70 37
70 23 58
23 71 70
71 23 53
23 72 35
72 23 40
23 73 9
73 23 16
23 74 19
74 23 30
23 75 22
75 23 30
23 76 37
76 23 31
25 27 45
27 25 48
25 28 28
28 25 51
25 35 36
35 25 40
25 40 24
40 25 19
25 42 57
42 25 50
25 43 59
43 25 45
25 44 20
44 25 16
25 46 59
46 25 40
25 47 47
47 25 59
25 49 36
49 25 26
25 54 60
54 25 55
25 56 59
56 25 40
25 57 87
57 25 60
25 5 53
5 25 58
25 6 29
6 25 34
25 7 27
7 25 36
25 9 11
9 25 10
25 10 29
10 25 23
25 14 47
14 25 46
25 18 13
18 25 11
25 22 66
22 25 52
25 24 28
24 25 23
25 26 15
26 25 30
25 29 62
29 25 52
25 30 68
30 25 46
25 31 17
31 25 18
25 32 7
32 25 12
25 33 53
33 25 36
25 34 53
34 25 41
25 36 94
36 25 65
25 37 38
37 25 65
25 38 23
38 25 30
25 39 20
39 25 14
25 41 70
41 25 47
25 45 31
45 25 47
25 48 61
48 25 53
25 50 8
50 25 8
25 51 25
51 25 28
25 52 34
52 25 45
25 53 53
53 25 39
25 55 10
55 25 9
25 58 23
58 25 23
25 59 71
59 25 53
25 60 85
60 25 76
25 61 62
61 25 61
25 62 31
62 25 45
25 63 19
63 25 34
25 64 35
64 25 59
25 65 39
65 25 34
25 66 54
66 25 41
25 67 34
67 25 36
25 68 47
68 25 37
25 69 45
69 25 68
25 70 42
70 25 74
25 71 52
71 25 72
25 72 21
72 25 18
25 73 58
73 25 41
25 74 50
74 25 50
25 75 47
75 25 35
25 76 45
76 25 33
27 28 33
28 27 27
27 35 19
35 27 16
27 40 21
40 27 30
27 42 62
42 27 44
27 43 37
43 27 42
27 44 42
44 27 37
27 46 10
46 27 9
27 47 21
47 27 20
27 49 52
49 27 43
27 54 7
54 27 14
27 56 62
56 27 49
27 57 9
57 27 12
27 5 7
5 27 14
27 6 25
6 27 22
27 7 25
7 27 17
27 9 28
9 27 38
27 10 43
10 27 35
27 14 13
14 27 24
27 18 28
18 27 51
27 22 39
22 27 36
27 24 25
24 27 49
27 26 23
26 27 18
27 29 12
29 27 9
27 30 19
30 27 14
27 31 51
31 27 48
27 32 33
32 27 38
27 33 15
33 27 29
27 34 4
34 27 8
27 36 35
36 27 24
27 37 13
37 27 20
27 38 20
38 27 33
27 39 48
39 27 36
27 41 40
41 27 46
27 45 4
45 27 6
27 48 17
48 27 15
27 50 27
50 27 46
27 51 25
51 27 26
27 52 3
52 27 4
27 53 29
53 27 23
27 55 59
55 27 58
27 58 39
58 27 30
27 59 18
59 27 34
27 60 32
60 27 31
27 61 27
61 27 34
27 62 32
62 27 28
27 63 27
63 27 35
27 64 70
64 27 49
27 65 51
65 27 36
27 66 21
66 27 38
27 67 17
67 27 13
27 68 19
68 27 17
27 69 37
69 27 30
27 70 32
70 27 28
27 71 34
71 27 29
27 72 45
72 27 33
27 73 43
73 27 30
27 74 22
74 27 20
27 75 11
75 27 15
27 76 18
76 27 16
28 35 23
35 28 39
28 40 41
40 28 34
28 42 10
42 28 20
28 43 21
43 28 19
28 44 38
44 28 35
28 46 31
46 28 30
28 47 16
47 28 15
28 49 39
49 28 32
28 54 46
54 28 41
28 56 30
56 28 30
28 57 19
57 28 32
28 5 12
5 28 20
28 6 25
6 28 18
28 7 23
7 28 37
28 9 35
9 28 44
28 10 63
10 28 50
28 14 39
14 28 49
28 18 42
18 28 48
28 22 9
22 28 9
28 24 35
24 28 39
28 26 29
26 28 31
28 29 13
29 28 20
28 30 9
30 28 13
28 31 39
31 28 60
28 32 47
32 28 39
28 33 16
33 28 16
28 34 17
34 28 28
28 36 11
36 28 20
28 37 23
37 28 25
28 38 38
38 28 51
28 39 57
39 28 44
28 41 16
41 28 23
28 45 21
45 28 21
28 48 13
48 28 14
28 50 56
50 28 45
28 51 31
51 28 24
28 52 40
52 28 29
28 53 66
53 28 46
28 55 41
55 28 60
28 58 24
58 28 44
28 59 62
59 28 59
28 60 33
60 28 31
28 61 6
61 28 10
28 62 8
62 28 6
28 63 21
63 28 20
28 64 17
64 28 23
28 65 45
65 28 56
28 66 73
66 28 60
28 67 40
67 28 28
28 68 14
68 28 17
28 69 26
69 28 19
28 70 47
70 28 32
28 71 37
71 28 26
28 72 48
72 28 44
28 73 8
73 28 11
28 74 7
74 28 6
28 75 12
75 28 21
28 76 15
76 28 24
35 40 36
40 35 25
35 42 71
42 35 54
35 43 56
43 35 50
35 44 34
44 35 34
35 46 8
46 35 9
35 47 29
47 35 35
35 49 43
49 35 45
35 54 19
54 35 15
35 56 30
56 35 55
35 57 23
57 35 25
35 5 33
5 35 30
35 6 31
6 35 27
35 7 4
7 35 5
35 9 19
9 35 30
35 10 20
10 35 22
35 14 8
14 35 10
35 18 24
18 35 46
35 22 34
22 35 47
35 24 40
24 35 49
35 26 22
26 35 15
35 29 23
29 35 24
35 30 31
30 35 27
35 31 47
31 35 35
35 32 45
32 35 33
35 33 39
33 35 36
35 34 7
34 35 11
35 36 56
36 35 40
35 37 51
37 35 35
35 38 12
38 35 18
35 39 33
39 35 27
35 41 70
41 35 54
35 45 12
45 35 21
35 48 39
48 35 30
35 50 53
50 35 40
35 51 41
51 35 28
35 52 6
52 35 12
35 53 7
53 35 7
35 55 39
55 35 49
35 58 23
58 35 18
35 59 20
59 35 21
35 60 30
60 35 47
35 61 34
61 35 48
35 62 58
62 35 39
35 63 49
63 35 40
35 64 59
64 35 60
35 65 13
65 35 21
35 66 23
66 35 22
35 67 16
67 35 13
35 68 21
68 35 24
35 69 51
69 35 46
35 70 25
70 35 43
35 71 29
71 35 45
35 72 30
72 35 22
35 73 38
73 35 38
35 74 44
74 35 34
35 75 15
75 35 20
35 76 11
76 35 18
40 42 56
42 40 39
40 43 27
43 40 34
40 44 9
44 40 9
40 46 13
46 40 22
40 47 52
47 40 40
40 49 30
49 40 22
40 54 53
54 40 38
40 56 21
56 40 35
40 57 40
57 40 42
40 5 41
5 40 39
40 6 18
6 40 16
40 7 25
7 40 20
40 9 12
9 40 10
40 10 26
10 40 19
40 14 21
14 40 33
40 18 21
18 40 22
40 22 55
22 40 37
40 24 34
24 40 24
40 26 10
26 40 12
40 29 21
29 40 33
40 30 29
30 40 27
40 31 18
31 40 26
40 32 6
32 40 9
40 33 28
33 40 21
40 34 16
34 40 22
40 36 49
36 40 47
40 37 58
37 40 46
40 38 33
38 40 23
40 39 6
39 40 10
40 41 22
41 40 38
40 45 39
45 40 28
40 48 45
48 40 34
40 50 21
50 40 16
40 51 10
51 40 11
40 52 37
52 40 27
40 53 23
53 40 26
40 55 31
55 40 28
40 58 19
58 40 14
40 59 30
59 40 42
40 60 42
60 40 57
40 61 36
61 40 44
40 62 24
62 40 30
40 63 11
63 40 22
40 64 59
64 40 47
40 65 24
65 40 28
40 66 50
66 40 35
40 67 18
67 40 17
40 68 27
68 40 19
40 69 37
69 40 50
40 70 51
70 40 55
40 71 75
71 40 53
40 72 7
72 40 11
40 73 18
73 40 26
40 74 16
74 40 32
40 75 13
75 40 16
40 76 10
76 40 14
42 43 5
43 42 5
42 44 22
44 42 34
42 46 36
46 42 46
42 47 31
47 42 35
42 49 20
49 42 24
42 54 58
54 42 58
42 56 10
56 42 14
42 57 59
57 42 52
42 5 40
5 42 40
42 6 31
6 42 27
42 7 54
7 42 50
42 9 52
9 42 46
42 10 71
10 42 58
42 14 82
14 42 64
42 18 58
18 42 42
42 22 10
22 42 11
42 24 34
24 42 30
42 26 40
26 42 41
42 29 40
29 42 39
42 30 15
30 42 30
42 31 81
31 42 64
42 32 32
32 42 40
42 33 20
33 42 19
42 34 51
34 42 44
42 36 22
36 42 39
42 37 47
37 42 45
42 38 42
38 42 61
42 39 62
39 42 48
42 41 4
41 42 4
42 45 27
45 42 38
42 48 32
48 42 34
42 50 22
50 42 42
42 51 25
51 42 29
42 52 53
52 42 46
42 53 74
53 42 59
42 55 66
55 42 56
42 58 72
58 42 52
42 59 52
59 42 74
42 60 65
60 42 50
42 61 26
61 42 22
42 62 8
62 42 16
42 63 16
63 42 17
42 64 13
64 42 9
42 65 57
65 42 66
42 66 63
66 42 72
42 67 41
67 42 41
42 68 43
68 42 30
42 69 48
69 42 36
42 70 40
70 42 51
42 71 59
71 42 45
42 72 58
72 42 50
42 73 9
73 42 16
42 74 29
74 42 26
42 75 18
75 42 34
42 76 32
76 42 36
43 44 20
44 43 29
43 46 38
46 43 42
43 47 48
47 43 34
43 49 20
49 43 19
43 54 77
54 43 55
43 56 14
56 43 12
43 57 37
57 43 50
43 5 45
5 43 39
43 6 28
6 43 23
43 7 65
7 43 46
43 9 33
9 43 41
43 10 60
10 43 53
43 14 59
14 43 60
43 18 32
18 43 38
43 22 15
22 43 12
43 24 22
24 43 26
43 26 45
26 43 37
43 29 39
29 43 37
43 30 33
30 43 28
43 31 42
31 43 59
43 32 33
32 43 35
43 33 7
33 43 14
43 34 49
34 43 40
43 36 28
36 43 39
43 37 62
37 43 44
43 38 61
38 43 56
43 39 60
39 43 43
43 41 2
41 43 4
43 45 48
45 43 36
43 48 40
48 43 32
43 50 36
50 43 37
43 51 35
51 43 24
43 52 55
52 43 42
43 53 74
53 43 54
43 55 36
55 43 51
43 58 51
58 43 48
43 59 104
59 43 70
43 60 62
60 43 50
43 61 28
61 43 24
43 62 14
62 43 14
43 63 8
63 43 12
43 64 19
64 43 14
43 65 31
65 43 61
43 66 87
66 43 67
43 67 34
67 43 37
43 68 29
68 43 26
43 69 49
69 43 37
43 70 52
70 43 51
43 71 27
71 43 45
43 72 66
72 43 45
43 73 9
73 43 12
43 74 30
74 43 24
43 75 21
75 43 30
43 76 42
76 43 32
44 46 18
46 44 31
44 47 35
47 44 44
44 49 18
49 44 13
44 54 32
54 44 47
44 56 30
56 44 27
44 57 49
57 44 49
44 5 39
5 44 44
44 6 11
6 44 18
44 7 24
7 44 29
44 9 8
9 44 12
44 10 14
10 44 26
44 14 39
14 44 42
44 18 15
18 44 14
44 22 22
22 44 35
44 24 18
24 44 15
44 26 10
26 44 20
44 29 35
29 44 38
44 30 16
30 44 31
44 31 24
31 44 30
44 32 3
32 44 5
44 33 24
33 44 20
44 34 26
34 44 30
44 36 29
36 44 50
44 37 46
37 44 51
44 38 45
38 44 32
44 39 16
39 44 15
44 41 26
41 44 32
44 45 50
45 44 34
44 48 29
48 44 38
44 50 7
50 44 10
44 51 10
51 44 12
44 52 18
52 44 34
44 53 49
53 44 35
44 55 36
55 44 25
44 58 32
58 44 22
44 59 61
59 44 52
44 60 91
60 44 61
44 61 43
61 44 45
44 62 35
62 44 29
44 63 17
63 44 18
44 64 24
64 44 43
44 65 35
65 44 36
44 66 60
66 44 43
44 67 21
67 44 25
44 68 15
68 44 23
44 69 63
69 44 53
44 70 31
70 44 60
44 71 74
71 44 57
44 72 24
72 44 18
44 73 15
73 44 25
44 74 39
74 44 34
44 75 28
75 44 22
44 76 23
76 44 21
46 47 28
47 46 27
46 49 21
49 46 39
46 54 11
54 46 16
46 56 60
56 46 48
46 57 15
57 46 21
46 5 17
5 46 22
46 6 28
6 46 20
46 7 8
7 46 8
46 9 26
9 46 30
46 10 29
10 46 26
46 14 13
14 46 19
46 18 65
18 46 44
46 22 36
22 46 38
46 24 29
24 46 44
46 26 14
26 46 11
46 29 13
29 46 16
46 30 13
30 46 18
46 31 55
31 46 39
46 32 21
32 46 31
46 33 22
33 46 28
46 34 1
34 46 2
46 36 34
36 46 32
46 37 41
37 46 28
46 38 35
38 46 24
46 39 35
39 46 28
46 41 59
41 46 46
46 45 15
45 46 12
46 48 14
48 46 21
46 50 26
50 46 39
46 51 17
51 46 22
46 52 4
52 46 5
46 53 19
53 46 16
46 55 62
55 46 50
46 58 11
58 46 21
46 59 39
59 46 29
46 60 46
60 46 40
46 61 35
61 46 39
46 62 22
62 46 30
46 63 27
63 46 33
46 64 44
64 46 51
46 65 21
65 46 28
46 66 21
66 46 31
46 67 5
67 46 6
46 68 17
68 46 16
46 69 23
69 46 38
46 70 24
70 46 37
46 71 24
71 46 38
46 72 16
72 46 24
46 73 35
73 46 30
46 74 34
74 46 25
46 75 7
75 46 12
46 76 7
76 46 11
47 49 42
49 47 44
47 54 45
54 47 31
47 56 23
56 47 45
47 57 13
57 47 19
47 5 8
5 47 7
47 6 20
6 47 25
47 7 43
7 47 35
47 9 36
9 47 50
47 10 63
10 47 52
47 14 45
14 47 44
47 18 43
18 47 58
47 22 30
22 47 24
47 24 54
24 47 51
47 26 16
26 47 32
47 29 7
29 47 11
47 30 16
30 47 13
47 31 48
31 47 64
47 32 64
32 47 47
47 33 31
33 47 28
47 34 30
34 47 25
47 36 5
36 47 6
47 37 11
37 47 10
47 38 47
38 47 51
47 39 25
39 47 49
47 41 22
41 47 38
47 45 20
45 47 15
47 48 6
48 47 6
47 50 38
50 47 54
47 51 16
51 47 32
47 52 16
52 47 23
47 53 58
53 47 42
47 55 73
55 47 68
47 58 44
58 47 46
47 59 75
59 47 53
47 60 24
60 47 18
47 61 15
61 47 17
47 62 12
62 47 21
47 63 19
63 47 34
47 64 45
64 47 36
47 65 64
65 47 55
47 66 52
66 47 57
47 67 19
67 47 27
47 68 11
68 47 22
47 69 9
69 47 11
47 70 17
70 47 17
47 71 19
71 47 13
47 72 63
72 47 47
47 73 20
73 47 25
47 74 8
74 47 11
47 75 32
75 47 24
47 76 28
76 47 27
49 54 51
54 49 55
49 56 16
56 49 14
49 57 36
57 49 54
49 5 30
5 49 46
49 6 16
6 49 21
49 7 48
7 49 40
49 9 26
9 49 25
49 10 53
10 49 39
49 14 46
14 49 53
49 18 20
18 49 18
49 22 41
22 49 29
49 24 5
24 49 7
49 26 28
26 49 30
49 29 27
29 49 42
49 30 49
30 49 33
49 31 56
31 49 42
49 32 17
32 49 18
49 33 12
33 49 17
49 34 46
34 49 38
49 36 27
36 49 50
49 37 51
37 49 53
49 38 53
38 49 45
49 39 33
39 49 28
49 41 29
41 49 21
49 45 40
45 49 39
49 48 58
48 49 40
49 50 15
50 49 18
49 51 16
51 49 17
49 52 27
52 49 42
49 53 66
53 49 47
49 55 44
55 49 32
49 58 50
58 49 36
49 59 54
59 49 64
49 60 85
60 49 62
49 61 46
61 49 40
49 62 23
62 49 25
49 63 9
63 49 11
49 64 44
64 49 33
49 65 58
65 49 50
49 66 79
66 49 56
49 67 18
67 49 33
49 68 14
68 49 26
49 69 54
69 49 51
49 70 65
70 49 62
49 71 64
71 49 57
49 72 22
72 49 32
49 73 21
73 49 20
49 74 34
74 49 33
49 75 29
75 49 28
49 76 30
76 49 28
54 56 38
56 54 63
54 57 17
57 54 14
54 5 23
5 54 24
54 6 24
6 54 34
54 7 16
7 54 19
54 9 43
9 54 45
54 10 40
10 54 37
54 14 16
14 54 17
54 18 67
18 54 60
54 22 39
22 54 49
54 24 61
24 54 60
54 26 18
26 54 26
54 29 27
29 54 21
54 30 34
30 54 28
54 31 43
31 54 50
54 32 44
32 54 47
54 33 44
33 54 42
54 34 16
34 54 17
54 36 19
36 54 34
54 37 23
37 54 27
54 38 46
38 54 32
54 39 55
39 54 42
54 41 46
41 54 59
54 45 10
45 54 20
54 48 24
48 54 28
54 50 61
50 54 54
54 51 54
51 54 38
54 52 14
52 54 13
54 53 26
53 54 20
54 55 34
55 54 64
54 58 38
58 54 33
54 59 31
59 54 23
54 60 45
60 54 37
54 61 24
61 54 47
54 62 60
62 54 43
54 63 27
63 54 48
54 64 73
64 54 63
54 65 28
65 54 34
54 66 44
66 54 33
54 67 21
67 54 22
54 68 26
68 54 30
54 69 58
69 54 41
54 70 45
70 54 33
54 71 40
71 54 37
54 72 39
72 54 37
54 73 29
73 54 43
54 74 37
74 54 34
54 75 29
75 54 27
54 76 25
76 54 27
56 57 53
57 56 59
56 5 56
5 56 49
56 6 24
6 56 28
56 7 73
7 56 51
56 9 40
9 56 39
56 10 42
10 56 53
56 14 83
14 56 64
56 18 26
18 56 31
56 22 14
22 56 23
56 24 20
24 56 18
56 26 39
26 56 41
56 29 50
29 56 46
56 30 34
30 56 37
56 31 63
31 56 56
56 32 44
32 56 32
56 33 11
33 56 20
56 34 33
34 56 46
56 36 43
36 56 50
56 37 49
37 56 55
56 38 39
38 56 58
56 39 55
39 56 42
56 41 10
41 56 10
56 45 50
45 56 44
56 48 43
48 56 42
56 50 45
50 56 32
56 51 39
51 56 27
56 52 57
52 56 50
56 53 33
53 56 59
56 55 61
55 56 45
56 58 68
58 56 49
56 59 80
59 56 75
56 60 81
60 56 62
56 61 18
61 56 36
56 62 32
62 56 25
56 63 10
63 56 15
56 64 17
64 56 22
56 65 88
65 56 63
56 66 81
66 56 69
56 67 53
67 56 43
56 68 19
68 56 33
56 69 59
69 56 49
56 70 81
70 56 62
56 71 67
71 56 57
56 72 56
72 56 45
56 73 26
73 56 21
56 74 28
74 56 34
56 75 51
75 56 36
56 76 51
76 56 37
57 5 8
5 57 12
57 6 21
6 57 32
57 7 14
7 57 27
57 9 63
9 57 50
57 10 27
10 57 46
57 14 43
14 57 30
57 18 62
18 57 63
57 22 61
22 57 41
57 24 56
24 57 60
57 26 23
26 57 30
57 29 16
29 57 13
57 30 22
30 57 22
57 31 88
31 57 60
57 32 48
32 57 50
57 33 45
33 57 39
57 34 26
34 57 20
57 36 21
36 57 20
57 37 14
37 57 13
57 38 55
38 57 43
57 39 55
39 57 48
57 41 55
41 57 54
57 45 19
45 57 15
57 48 25
48 57 18
57 50 56
50 57 58
57 51 43
51 57 38
57 52 17
52 57 16
57 53 25
53 57 32
57 55 49
55 57 70
57 58 46
58 57 41
57 59 30
59 57 37
57 60 17
60 57 23
57 61 46
61 57 36
57 62 33
62 57 36
57 63 47
63 57 45
57 64 43
64 57 55
57 65 51
65 57 46
57 66 64
66 57 46
57 67 13
67 57 25
57 68 32
68 57 28
57 69 18
69 57 27
57 70 28
70 57 19
57 71 27
71 57 23
57 72 63
72 57 45
57 73 22
73 57 38
57 74 30
74 57 26
57 75 17
75 57 27
57 76 22
76 57 28
5 6 21
6 5 26
5 7 26
7 5 30
5 9 54
9 5 49
5 10 51
10 5 48
5 14 49
14 5 38
5 18 55
18 5 58
5 22 33
22 5 30
5 24 35
24 5 53
5 26 32
26 5 30
5 29 10
29 5 7
5 30 11
30 5 13
5 31 39
31 5 61
5 32 33
32 5 47
5 33 24
33 5 30
5 34 17
34 5 21
5 36 10
36 5 10
5 37 4
37 5 7
5 38 35
38 5 46
5 39 69
39 5 47
5 41 40
41 5 43
5 45 7
45 5 11
5 48 10
48 5 7
5 50 56
50 5 54
5 51 29
51 5 32
5 52 26
52 5 18
5 53 23
53 5 37
5 55 45
55 5 67
5 58 47
58 5 43
5 59 36
59 5 46
5 60 26
60 5 18
5 61 22
61 5 24
5 62 26
62 5 25
5 63 38
63 5 36
5 64 59
64 5 43
5 65 72
65 5 50
5 66 56
66 5 52
5 67 17
67 5 24
5 68 15
68 5 21
5 69 25
69 5 17
5 70 18
70 5 16
5 71 15
71 5 16
5 72 60
72 5 45
5 73 38
73 5 28
5 74 21
74 5 15
5 75 33
75 5 23
5 76 31
76 5 25
6 7 31
7 6 23
6 9 22
9 6 26
6 10 44
10 6 33
6 14 29
14 6 37
6 18 35
18 6 33
6 22 17
22 6 22
6 24 18
24 6 28
6 26 17
26 6 14
6 29 15
29 6 21
6 30 8
30 6 13
6 31 23
31 6 42
6 32 20
32 6 22
6 33 11
33 6 9
6 34 19
34 6 18
6 36 43
36 6 32
6 37 39
37 6 33
6 38 52
38 6 35
6 39 17
39 6 26
6 41 19
41 6 27
6 45 12
45 6 17
6 48 14
48 6 20
6 50 28
50 6 28
6 51 8
51 6 6
6 52 21
52 6 21
6 53 45
53 6 32
6 55 38
55 6 42
6 58 33
58 6 27
6 59 41
59 6 47
6 60 61
60 6 43
6 61 19
61 6 28
6 62 13
62 6 14
6 63 14
63 6 14
6 64 20
64 6 34
6 65 38
65 6 40
6 66 51
66 6 45
6 67 19
67 6 14
6 68 4
68 6 5
6 69 38
69 6 34
6 70 50
70 6 42
6 71 56
71 6 38
6 72 29
72 6 26
6 73 17
73 6 12
6 74 9
74 6 16
6 75 7
75 6 8
6 76 9
76 6 9
7 9 36
9 7 26
7 10 19
10 7 19
7 14 11
14 7 14
7 18 36
18 7 41
7 22 44
22 7 44
7 24 36
24 7 44
7 26 11
26 7 10
7 29 14
29 7 24
7 30 24
30 7 25
7 31 24
31 7 32
7 32 31
32 7 28
7 33 44
33 7 32
7 34 10
34 7 10
7 36 50
36 7 40
7 37 47
37 7 36
7 38 12
38 7 16
7 39 16
39 7 22
7 41 66
41 7 50
7 45 26
45 7 20
7 48 35
48 7 29
7 50 30
50 7 36
7 51 12
51 7 24
7 52 10
52 7 13
7 53 13
53 7 9
7 55 25
55 7 44
7 58 19
58 7 14
7 59 23
59 7 24
7 60 37
60 7 48
7 61 58
61 7 46
7 62 34
62 7 36
7 63 33
63 7 36
7 64 72
64 7 57
7 65 29
65 7 20
7 66 22
66 7 23
7 67 13
67 7 9
7 68 28
68 7 20
7 69 62
69 7 46
7 70 30
70 7 45
7 71 23
71 7 46
7 72 23
72 7 18
7 73 28
73 7 34
7 74 39
74 7 32
7 75 18
75 7 16
7 76 15
76 7 14
9 10 8
10 9 16
9 14 21
14 9 36
9 18 11
18 9 17
9 22 59
22 9 46
9 24 33
24 9 25
9 26 22
26 9 20
9 29 34
29 9 42
9 30 52
30 9 37
9 31 13
31 9 18
9 32 5
32 9 7
9 33 23
33 9 30
9 34 46
34 9 31
9 36 54
36 9 56
9 37 67
37 9 56
9 38 28
38 9 22
9 39 5
39 9 4
9 41 31
41 9 44
9 45 47
45 9 38
9 48 22
48 9 44
9 50 13
50 9 11
9 51 19
51 9 20
9 52 19
52 9 35
9 53 31
53 9 29
9 55 20
55 9 19
9 58 12
58 9 14
9 59 50
59 9 44
9 60 88
60 9 67
9 61 54
61 9 54
9 62 31
62 9 39
9 63 38
63 9 30
9 64 63
64 9 55
9 65 31
65 9 26
9 66 29
66 9 33
9 67 22
67 9 25
9 68 38
68 9 29
9 69 74
69 9 60
9 70 55
70 9 65
9 71 56
71 9 63
9 72 12
72 9 9
9 73 37
73 9 35
9 74 36
74 9 41
9 75 13
75 9 26
9 76 28
76 9 24
10 14 32
14 10 24
10 18 42
18 10 33
10 22 28
22 10 55
10 24 35
24 10 40
10 26 14
26 10 20
10 29 38
29 10 42
10 30 28
30 10 40
10 31 8
31 10 13
10 32 14
32 10 22
10 33 48
33 10 40
10 34 38
34 10 28
10 36 72
36 10 58
10 37 53
37 10 55
10 38 9
38 10 7
10 39 10
39 10 12
10 41 80
41 10 56
10 45 29
45 10 37
10 48 25
48 10 46
10 50 26
50 10 27
10 51 30
51 10 29
10 52 43
52 10 31
10 53 16
53 10 17
10 55 40
55 10 30
10 58 4
58 10 6
10 59 15
59 10 30
10 60 69
60 10 66
10 61 74
61 10 60
10 62 39
62 10 47
10 63 35
63 10 41
10 64 68
64 10 66
10 65 16
65 10 11
10 66 25
66 10 18
10 67 16
67 10 25
10 68 40
68 10 33
10 69 79
69 10 63
10 70 88
70 10 63
10 71 69
71 10 64
10 72 5
72 10 8
10 73 58
73 10 44
10 74 64
74 10 46
10 75 37
75 10 29
10 76 23
76 10 26
14 18 48
18 14 53
14 22 44
22 14 57
14 24 30
24 14 57
14 26 34
26 14 24
14 29 21
29 14 33
14 30 34
30 14 36
14 31 35
31 14 36
14 32 30
32 14 40
14 33 39
33 14 46
14 34 17
34 14 21
14 36 41
36 14 48
14 37 61
37 14 42
14 38 22
38 14 17
14 39 29
39 14 32
14 41 82
41 14 64
14 45 16
45 14 30
14 48 31
48 14 39
14 50 58
50 14 47
14 51 45
51 14 38
14 52 20
52 14 21
14 53 9
53 14 7
14 55 78
55 14 54
14 58 22
58 14 22
14 59 11
59 14 11
14 60 58
60 14 53
14 61 52
61 14 57
14 62 65
62 14 49
14 63 38
63 14 50
14 64 97
64 14 70
14 65 16
65 14 18
14 66 22
66 14 16
14 67 28
67 14 23
14 68 25
68 14 34
14 69 50
69 14 54
14 70 72
70 14 49
14 71 28
71 14 52
14 72 40
72 14 27
14 73 58
73 14 48
14 74 46
74 14 43
14 75 43
75 14 30
14 76 28
76 14 28
18 22 57
22 18 46
18 24 15
24 18 13
18 26 47
26 18 34
18 29 75
29 18 52
18 30 42
30 18 45
18 31 42
31 18 29
18 32 14
32 18 13
18 33 38
33 18 32
18 34 40
34 18 44
18 36 33
36 18 64
18 37 55
37 18 65
18 38 35
38 18 39
18 39 23
39 18 21
18 41 57
41 18 39
18 45 28
45 18 48
18 48 26
48 18 52
18 50 6
50 18 6
18 51 33
51 18 26
18 52 58
52 18 48
18 53 64
53 18 46
18 55 16
55 18 14
18 58 44
58 18 31
18 59 42
59 18 61
18 60 75
60 18 75
18 61 42
61 18 57
18 62 56
62 18 42
18 63 17
63 18 28
18 64 36
64 18 51
18 65 33
65 18 43
18 66 33
66 18 50
18 67 34
67 18 38
18 68 40
68 18 37
18 69 75
69 18 66
18 70 42
70 18 74
18 71 80
71 18 71
18 72 15
72 18 26
18 73 39
73 18 37
18 74 61
74 18 48
18 75 36
75 18 36
18 76 36
76 18 35
22 24 43
24 22 36
22 26 19
26 22 36
22 29 39
29 22 29
22 30 20
30 22 21
22 31 81
31 22 63
22 32 55
32 22 40
22 33 10
33 22 16
22 34 46
34 22 36
22 36 21
36 22 28
22 37 33
37 22 34
22 38 52
38 22 57
22 39 29
39 22 47
22 41 19
41 22 15
22 45 37
45 22 29
22 48 27
48 22 23
22 50 28
50 22 44
22 51 27
51 22 26
22 52 29
52 22 37
22 53 75
53 22 53
22 55 52
55 22 59
22 58 27
58 22 49
22 59 72
59 22 67
22 60 22
60 22 39
22 61 9
61 22 12
22 62 10
62 22 8
22 63 22
63 22 18
22 64 10
64 22 14
22 65 41
65 22 62
22 66 77
66 22 67
22 67 40
67 22 35
22 68 19
68 22 23
22 69 19
69 22 26
22 70 44
70 22 40
22 71 22
71 22 34
22 72 24
72 22 48
22 73 15
73 22 11
22 74 21
74 22 15
22 75 24
75 22 27
22 76 16
76 22 30
24 26 43
26 24 34
24 29 38
29 24 48
24 30 43
30 24 40
24 31 52
31 24 41
24 32 20
32 24 18
24 33 30
33 24 24
24 34 49
34 24 43
24 36 81
36 24 57
24 37 48
37 24 60
24 38 57
38 24 46
24 39 42
39 24 29
24 41 19
41 24 26
24 45 56
45 24 45
24 48 59
48 24 47
24 50 20
50 24 15
24 51 32
51 24 22
24 52 38
52 24 47
24 53 51
53 24 50
24 55 33
55 24 27
24 58 37
58 24 37
24 59 98
59 24 66
24 60 77
60 24 69
24 61 48
61 24 47
24 62 28
62 24 32
24 63 9
63 24 18
24 64 32
64 24 38
24 65 38
65 24 51
24 66 76
66 24 58
24 67 40
67 24 38
24 68 44
68 24 33
24 69 70
69 24 58
24 70 39
70 24 68
24 71 55
71 24 64
24 72 25
72 24 33
24 73 34
73 24 27
24 74 52
74 24 40
24 75 37
75 24 33
24 76 20
76 24 33
26 29 13
29 26 23
26 30 22
30 26 20
26 31 30
31 26 32
26 32 26
32 26 20
26 33 24
33 26 23
26 34 7
34 26 11
26 36 41
36 26 38
26 37 24
37 26 36
26 38 29
38 26 21
26 39 16
39 26 18
26 41 47
41 26 41
26 45 18
45 26 18
26 48 31
48 26 26
26 50 34
50 26 28
26 51 16
51 26 14
26 52 21
52 26 15
26 53 13
53 26 18
26 55 50
55 26 39
26 58 19
58 26 14
26 59 25
59 26 34
26 60 70
60 26 48
26 61 55
61 26 40
26 62 17
62 26 28
26 63 35
63 26 26
26 64 34
64 26 49
26 65 29
65 26 26
26 66 16
66 26 31
26 67 5
67 26 6
26 68 15
68 26 13
26 69 63
69 26 43
26 70 65
70 26 45
26 71 44
71 26 45
26 72 8
72 26 15
26 73 26
73 26 26
26 74 32
74 26 26
26 75 5
75 26 9
26 76 6
76 26 6
29 30 12
30 29 9
29 31 35
31 29 54
29 32 22
32 29 40
29 33 34
33 29 26
29 34 12
34 29 14
29 36 12
36 29 16
29 37 20
37 29 14
29 38 46
38 29 40
29 39 43
39 29 40
29 41 27
41 29 41
29 45 5
45 29 4
29 48 3
48 29 6
29 50 44
50 29 48
29 51 23
51 29 26
29 52 13
52 29 12
29 53 37
53 29 31
29 55 83
55 29 61
29 58 33
58 29 36
29 59 26
59 29 42
29 60 15
60 29 25
29 61 24
61 29 25
29 62 33
62 29 23
29 63 35
63 29 32
29 64 52
64 29 43
29 65 56
65 29 44
29 66 46
66 29 46
29 67 18
67 29 17
29 68 11
68 29 16
29 69 23
69 29 22
29 70 16
70 29 23
29 71 26
71 29 22
29 72 27
72 29 38
29 73 23
73 29 25
29 74 9
74 29 13
29 75 11
75 29 16
29 76 12
76 29 18
30 31 72
31 30 51
30 32 20
32 30 34
30 33 10
33 30 17
30 34 9
34 30 16
30 36 22
36 30 19
30 37 16
37 30 20
30 38 45
38 30 40
30 39 33
39 30 36
30 41 25
41 30 32
30 45 8
45 30 8
30 48 7
48 30 7
30 50 26
50 30 41
30 51 26
51 30 19
30 52 11
52 30 16
30 53 40
53 30 33
30 55 37
55 30 55
30 58 38
58 30 34
30 59 65
59 30 47
30 60 40
60 30 30
30 61 30
61 30 21
30 62 9
62 30 14
30 63 20
63 30 23
30 64 19
64 30 35
30 65 50
65 30 45
30 66 62
66 30 48
30 67 8
67 30 16
30 68 10
68 30 9
30 69 32
69 30 23
30 70 32
70 30 29
30 71 23
71 30 26
30 72 41
72 30 35
30 73 12
73 30 16
30 74 4
74 30 7
30 75 16
75 30 11
30 76 18
76 30 14
31 32 21
32 31 25
31 33 28
33 31 47
31 34 35
34 31 41
31 36 100
36 31 70
31 37 73
37 31 68
31 38 26
38 31 19
31 39 19
39 31 16
31 41 37
41 31 62
31 45 73
45 31 50
31 48 60
48 31 58
31 50 35
50 31 26
31 51 55
51 31 37
31 52 63
52 31 44
31 53 19
53 31 31
31 55 14
55 31 22
31 58 13
58 31 18
31 59 26
59 31 41
31 60 82
60 31 79
31 61 73
61 31 70
31 62 34
62 31 56
31 63 64
63 31 47
31 64 82
64 31 72
31 65 19
65 31 20
31 66 22
66 31 26
31 67 39
67 31 37
31 68 41
68 31 44
31 69 74
69 31 74
31 70 63
70 31 76
31 71 94
71 31 76
31 72 9
72 31 16
31 73 53
73 31 52
31 74 83
74 31 56
31 75 56
75 31 40
31 76 37
76 31 37
32 33 14
33 32 24
32 34 35
34 32 31
32 36 56
36 32 54
32 37 73
37 32 54
32 38 16
38 32 28
32 39 11
39 32 11
32 41 49
41 32 37
32 45 20
45 32 36
32 48 27
48 32 41
32 50 6
50 32 8
32 51 16
51 32 16
32 52 34
52 32 35
32 53 19
53 32 33
32 55 12
55 32 21
32 58 28
58 32 19
32 59 66
59 32 49
32 60 57
60 32 64
32 61 51
61 32 49
32 62 41
62 32 34
32 63 29
63 32 23
32 64 61
64 32 48
32 65 35
65 32 33
32 66 53
66 32 40
32 67 13
67 32 25
32 68 18
68 32 26
32 69 66
69 32 56
32 70 85
70 32 63
32 71 50
71 32 60
32 72 16
72 32 15
32 73 39
73 32 29
32 74 28
74 32 38
32 75 26
75 32 24
32 76 21
76 32 22
33 34 19
34 33 26
33 36 27
36 33 34
33 37 24
37 33 37
33 38 30
38 33 43
33 39 31
39 33 31
33 41 17
41 33 18
33 45 18
45 33 24
33 48 17
48 33 23
33 50 22
50 33 29
33 51 8
51 33 10
33 52 19
52 33 29
33 53 33
53 33 40
33 55 41
55 33 44
33 58 24
58 33 34
33 59 59
59 33 56
33 60 54
60 33 45
33 61 22
61 33 25
33 62 12
62 33 10
33 63 5
63 33 6
33 64 17
64 33 26
33 65 41
65 33 47
33 66 54
66 33 53
33 67 23
67 33 23
33 68 18
68 33 13
33 69 19
69 33 35
33 70 27
70 33 45
33 71 29
71 33 41
33 72 16
72 33 32
33 73 4
73 33 5
33 74 20
74 33 17
33 75 19
75 33 16
33 76 19
76 33 18
34 36 29
36 34 30
34 37 36
37 34 27
34 38 13
38 34 26
34 39 26
39 34 28
34 41 33
41 34 44
34 45 9
45 34 10
34 48 24
48 34 19
34 50 19
50 34 38
34 51 31
51 34 21
34 52 3
52 34 4
34 53 22
53 34 18
34 55 27
55 34 50
34 58 21
58 34 22
34 59 30
59 34 31
34 60 58
60 34 39
34 61 39
61 34 37
34 62 27
62 34 28
34 63 36
63 34 32
34 64 36
64 34 49
34 65 26
65 34 30
34 66 34
66 34 33
34 67 6
67 34 5
34 68 14
68 34 14
34 69 28
69 34 36
34 70 38
70 34 36
34 71 29
71 34 36
34 72 14
72 34 25
34 73 25
73 34 28
34 74 21
74 34 22
34 75 11
75 34 10
34 76 10
76 34 10
36 37 8
37 36 8
36 38 57
38 36 56
36 39 81
39 36 55
36 41 23
41 36 43
36 45 26
45 36 20
36 48 8
48 36 12
36 50 55
50 36 60
36 51 20
51 36 38
36 52 20
52 36 28
36 53 28
53 36 47
36 55 76
55 36 74
36 58 33
58 36 52
36 59 39
59 36 56
36 60 16
60 36 12
36 61 12
61 36 18
36 62 19
62 36 26
36 63 53
63 36 39
36 64 34
64 36 39
36 65 60
65 36 60
36 66 81
66 36 62
36 67 37
67 36 33
36 68 28
68 36 28
36 69 10
69 36 7
36 70 10
70 36 12
36 71 7
71 36 7
36 72 79
72 36 53
36 73 37
73 36 30
36 74 19
74 36 17
36 75 27
75 36 30
36 76 44
76 36 33
37 38 27
38 37 53
37 39 39
39 37 54
37 41 40
41 37 48
37 45 16
45 37 18
37 48 10
48 37 13
37 50 74
50 37 61
37 51 41
51 37 39
37 52 19
52 37 24
37 53 30
53 37 42
37 55 66
55 37 74
37 58 37
58 37 49
37 59 65
59 37 50
37 60 13
60 37 12
37 61 23
61 37 26
37 62 16
62 37 30
37 63 42
63 37 42
37 64 34
64 37 46
37 65 68
65 37 56
37 66 51
66 37 57
37 67 26
67 37 31
37 68 24
68 37 28
37 69 22
69 37 15
37 70 9
70 37 9
37 71 12
71 37 10
37 72 30
72 37 51
37 73 30
73 37 34
37 74 12
74 37 21
37 75 36
75 37 30
37 76 40
76 37 32
38 39 11
39 38 18
38 41 66
41 38 60
38 45 31
45 38 36
38 48 30
48 38 45
38 50 34
50 38 34
38 51 24
51 38 32
38 52 19
52 38 29
38 53 9
53 38 12
38 55 24
55 38 37
38 58 13
58 38 9
38 59 15
59 38 23
38 60 52
60 38 64
38 61 80
61 38 61
38 62 70
62 38 49
38 63 62
63 38 45
38 64 58
64 38 69
38 65 6
65 38 5
38 66 13
66 38 12
38 67 18
67 38 24
38 68 21
68 38 34
38 69 82
69 38 62
38 70 83
70 38 61
38 71 78
71 38 62
38 72 8
72 38 13
38 73 24
73 38 47
38 74 64
74 38 47
38 75 26
75 38 30
38 76 29
76 38 27
39 41 61
41 39 47
39 45 19
45 39 36
39 48 40
48 39 43
39 50 16
50 39 16
39 51 31
51 39 21
39 52 38
52 39 33
39 53 22
53 39 25
39 55 20
55 39 22
39 58 14
58 39 10
39 59 23
59 39 40
39 60 66
60 39 66
39 61 35
61 39 54
39 62 30
62 39 40
39 63 40
63 39 32
39 64 75
64 39 57
39 65 22
65 39 22
39 66 22
66 39 29
39 67 24
67 39 23
39 68 17
68 39 28
39 69 47
69 39 59
39 70 61
70 39 63
39 71 48
71 39 62
39 72 4
72 39 5
39 73 45
73 39 36
39 74 23
74 39 41
39 75 32
75 39 25
39 76 15
76 39 22
41 45 49
45 41 40
41 48 31
48 41 36
41 50 24
50 41 39
41 51 32
51 41 28
41 52 67
52 41 46
41 53 30
53 41 58
41 55 42
55 41 53
41 58 53
58 41 51
41 59 85
59 41 74
41 60 43
60 41 54
41 61 24
61 41 26
41 62 24
62 41 18
41 63 8
63 41 15
41 64 8
64 41 12
41 65 64
65 41 65
41 66 53
66 41 71
41 67 37
67 41 41
41 68 20
68 41 30
41 69 37
69 41 40
41 70 49
70 41 55
41 71 64
71 41 49
41 72 59
72 41 49
41 73 11
73 41 16
41 74 28
74 41 28
41 75 29
75 41 34
41 76 46
76 41 36
45 48 9
48 45 9
45 50 46
50 45 44
45 51 19
51 45 23
45 52 8
52 45 9
45 53 17
53 45 27
45 55 68
55 45 57
45 58 43
58 45 32
45 59 43
59 45 39
45 60 19
60 45 30
45 61 39
61 45 28
45 62 13
62 45 22
45 63 20
63 45 30
45 64 24
64 45 43
45 65 52
65 45 40
45 66 47
66 45 42
45 67 18
67 45 13
45 68 10
68 45 12
45 69 34
69 45 26
45 70 29
70 45 27
45 71 23
71 45 27
45 72 47
72 45 34
45 73 24
73 45 24
45 74 20
74 45 14
45 75 15
75 45 12
45 76 13
76 45 14
48 50 44
50 48 48
48 51 13
51 48 26
48 52 23
52 48 18
48 53 26
53 48 37
48 55 59
55 48 62
48 58 46
58 48 40
48 59 28
59 48 48
48 60 26
60 48 23
48 61 12
61 48 19
48 62 19
62 48 18
48 63 25
63 48 29
48 64 28
64 48 37
48 65 48
65 48 49
48 66 66
66 48 52
48 67 22
67 48 21
48 68 18
68 48 16
48 69 13
69 48 17
48 70 29
70 48 22
48 71 20
71 48 19
48 72 61
72 48 41
48 73 12
73 48 21
48 74 6
74 48 8
48 75 20
75 48 18
48 76 11
76 48 21
50 51 21
51 50 22
50 52 56
52 50 43
50 53 44
53 50 40
50 55 8
55 50 15
50 58 14
58 50 25
50 59 37
59 50 55
50 60 54
60 50 71
50 61 30
61 50 54
50 62 56
62 50 39
50 63 23
63 50 26
50 64 57
64 50 51
50 65 54
65 50 38
50 66 47
66 50 45
50 67 31
67 50 33
50 68 27
68 50 33
50 69 58
69 50 63
50 70 43
70 50 70
50 71 47
71 50 67
50 72 16
72 50 20
50 73 24
73 50 34
50 74 25
74 50 44
50 75 43
75 50 31
50 76 34
76 50 30
51 52 27
52 51 25
51 53 26
53 51 32
51 55 38
55 51 36
51 58 33
58 51 24
51 59 58
59 51 48
51 60 37
60 51 49
51 61 23
61 51 34
51 62 18
62 51 19
51 63 14
63 51 13
51 64 22
64 51 37
51 65 35
65 51 37
51 66 25
66 51 43
51 67 23
67 51 16
51 68 7
68 51 11
51 69 23
69 51 41
51 70 37
70 51 48
51 71 48
71 51 45
51 72 23
72 51 22
51 73 10
73 51 15
51 74 23
74 51 22
51 75 9
75 51 11
51 76 14
76 51 11
52 53 12
53 52 19
52 55 75
55 52 54
52 58 16
58 52 26
52 59 38
59 52 31
52 60 34
60 52 35
52 61 25
61 52 37
52 62 35
62 52 30
52 63 22
63 52 35
52 64 52
64 52 51
52 65 34
65 52 32
52 66 49
66 52 34
52 67 5
67 52 10
52 68 18
68 52 17
52 69 40
69 52 34
52 70 34
70 52 32
52 71 43
71 52 33
52 72 27
72 52 29
52 73 35
73 52 30
52 74 27
74 52 23
52 75 12
75 52 14
52 76 15
76 52 14
53 55 59
55 53 47
53 58 9
58 53 15
53 59 13
59 53 17
53 60 44
60 53 54
53 61 30
61 53 54
53 62 55
62 53 45
53 63 37
63 53 44
53 64 60
64 53 66
53 65 9
65 53 14
53 66 14
66 53 15
53 67 20
67 53 18
53 68 31
68 53 29
53 69 46
69 53 53
53 70 30
70 53 50
53 71 31
71 53 52
53 72 12
72 53 20
53 73 22
73 53 43
53 74 47
74 53 40
53 75 27
75 53 25
53 76 19
76 53 23
55 58 40
58 55 32
55 59 37
59 55 60
55 60 103
60 55 85
55 61 73
61 55 69
55 62 79
62 55 54
55 63 43
63 55 41
55 64 59
64 55 65
55 65 49
65 55 40
55 66 27
66 55 47
55 67 49
67 55 45
55 68 26
68 55 46
55 69 90
69 55 77
55 70 110
70 55 84
55 71 85
71 55 81
55 72 38
72 55 27
55 73 62
73 55 49
55 74 73
74 55 58
55 75 34
75 55 45
55 76 53
76 55 42
58 59 20
59 58 30
58 60 83
60 58 61
58 61 76
61 58 54
58 62 38
62 58 41
58 63 19
63 58 36
58 64 52
64 58 60
58 65 17
65 58 14
58 66 20
66 58 21
58 67 18
67 58 19
58 68 26
68 58 27
58 69 82
69 58 57
58 70 35
70 58 58
58 71 33
71 58 58
58 72 5
72 58 5
58 73 39
73 58 38
58 74 25
74 58 40
58 75 13
75 58 23
58 76 18
76 58 20
59 60 51
60 59 60
59 61 97
61 59 67
59 62 61
62 59 59
59 63 39
63 59 60
59 64 115
64 59 80
59 65 17
65 59 21
59 66 15
66 59 15
59 67 45
67 59 33
59 68 52
68 59 44
59 69 77
69 59 63
59 70 64
70 59 56
59 71 56
71 59 60
59 72 30
72 59 35
59 73 64
73 59 58
59 74 64
74 59 53
59 75 35
75 59 40
59 76 26
76 59 38
60 61 33
61 60 28
60 62 26
62 60 38
60 63 55
63 60 51
60 64 55
64 60 49
60 65 86
65 60 67
60 66 91
66 60 68
60 67 49
67 60 42
60 68 42
68 60 39
60 69 13
69 60 14
60 70 2
70 60 4
60 71 4
71 60 5
60 72 46
72 60 63
60 73 46
73 60 42
60 74 38
74 60 29
60 75 55
75 60 41
60 76 29
76 60 43
61 62 12
62 61 15
61 63 41
63 61 29
61 64 17
64 61 21
61 65 75
65 61 66
61 66 35
66 61 69
61 67 55
67 61 37
61 68 30
68 61 27
61 69 12
69 61 14
61 70 26
70 61 30
61 71 25
71 61 23
61 72 77
72 61 54
61 73 14
73 61 20
61 74 13
74 61 15
61 75 32
75 61 31
61 76 50
76 61 34
62 63 18
63 62 14
62 64 30
64 62 21
62 65 71
65 62 54
62 66 43
66 62 59
62 67 15
67 62 27
62 68 19
68 62 15
62 69 29
69 62 26
62 70 27
70 62 38
62 71 40
71 62 33
62 72 33
72 62 40
62 73 4
73 62 5
62 74 12
74 62 10
62 75 24
75 62 19
62 76 11
76 62 22
63 64 34
64 63 25
63 65 63
65 63 50
63 66 72
66 63 56
63 67 38
67 63 28
63 68 12
68 63 18
63 69 49
69 63 40
63 70 43
70 63 51
63 71 59
71 63 46
63 72 44
72 63 34
63 73 5
73 63 9
63 74 21
74 63 22
63 75 13
75 63 21
63 76 19
76 63 22
64 65 86
65 64 74
64 66 40
66 64 79
64 67 32
67 64 48
64 68 27
68 64 36
64 69 48
69 64 35
64 70 34
70 64 51
64 71 62
71 64 44
64 72 57
72 64 59
64 73 16
73 64 22
64 74 21
74 64 29
64 75 27
75 64 40
64 76 41
76 64 43
65 66 5
66 65 7
65 67 17
67 65 28
65 68 44
68 65 39
65 69 56
69 65 66
65 70 94
70 65 64
65 71 72
71 65 66
65 72 14
72 65 18
65 73 52
73 65 51
65 74 35
74 65 51
65 75 32
75 65 34
65 76 35
76 65 32
66 67 33
67 66 32
66 68 46
68 66 43
66 69 40
69 66 68
66 70 77
70 66 65
66 71 40
71 66 67
66 72 35
72 66 25
66 73 66
73 66 57
66 74 31
74 66 55
66 75 28
75 66 39
66 76 25
76 66 36
67 68 10
68 67 11
67 69 34
69 67 38
67 70 25
70 67 40
67 71 31
71 67 40
67 72 17
72 67 21
67 73 30
73 67 25
67 74 13
74 67 23
67 75 5
75 67 7
67 76 3
76 67 5
68 69 46
69 68 31
68 70 30
70 68 38
68 71 30
71 68 35
68 72 31
72 68 27
68 73 16
73 68 14
68 74 17
74 68 13
68 75 5
75 68 4
68 76 10
76 68 7
69 70 13
70 69 16
69 71 10
71 69 9
69 72 33
72 69 58
69 73 32
73 69 30
69 74 17
74 69 19
69 75 25
75 69 34
69 76 50
76 69 37
70 71 7
71 70 8
70 72 59
72 70 61
70 73 40
73 70 42
70 74 31
74 70 29
70 75 53
75 70 39
70 76 61
76 70 41
71 72 59
72 71 60
71 73 40
73 71 37
71 74 35
74 71 24
71 75 40
75 71 37
71 76 55
76 71 40
72 73 53
73 72 37
72 74 36
74 72 40
72 75 18
75 72 24
72 76 21
76 72 21
73 74 12
74 73 14
73 75 12
75 73 18
73 76 22
76 73 21
74 75 9
75 74 17
74 76 23
76 74 20
75 76 4
76 75 3
