1 28 28 19 5700

239 290

1 3 12 22 22

3 9 21 45
5 9 55 20
7 8 50 50
10 9 40 66
11 12 55 65
16 9 21 36
17 11 33 44
18 12 9 56
19 10 62 48
23 12 11 28
24 11 7 43
28 11 35 16
31 12 31 76
35 10 55 50
36 11 54 10
37 9 60 15
38 9 47 66
39 10 30 60
40 11 30 50
42 9 15 14
44 12 21 48
45 12 50 30
46 10 51 42
50 8 15 56
52 12 54 38
53 11 55 57
54 9 67 41
56 8 6 25
2 8 36 26
4 10 45 35
6 10 33 34
8 9 55 45
9 10 26 59
12 11 35 51
13 10 62 35
14 12 62 57
15 12 62 24
20 10 66 14
21 10 44 13
22 12 26 13
25 12 17 64
26 11 41 46
27 10 55 34
29 12 52 26
30 10 43 26
32 9 22 53
33 12 26 29
34 9 50 40
41 10 12 17
43 12 16 19
47 12 50 15
48 12 48 21
49 9 12 38
51 10 29 39
55 10 10 70
57 10 65 27

58 40 60
59 70 64
60 64 4
61 36 6
62 30 20
63 20 30
64 15 5
65 50 70
66 57 72
67 45 42
68 38 33
69 50 4
70 66 8
71 59 5
72 35 60
73 27 24
74 40 20
75 40 37
76 40 40

1 3 30
3 1 23
1 5 48
5 1 33
1 7 40
7 1 39
1 10 30
10 1 48
1 11 43
11 1 54
1 16 14
16 1 14
1 17 19
17 1 25
1 18 43
18 1 36
1 19 58
19 1 47
1 23 11
23 1 13
1 24 34
24 1 26
1 28 17
28 1 14
1 31 45
31 1 55
1 35 28
35 1 43
1 36 49
36 1 34
1 37 46
37 1 39
1 38 58
38 1 51
1 39 56
39 1 39
1 40 17
40 1 29
1 42 13
42 1 11
1 44 38
44 1 26
1 45 17
45 1 29
1 46 51
46 1 35
1 50 39
50 1 35
1 52 26
52 1 35
1 53 35
53 1 48
1 54 46
54 1 48
1 56 13
56 1 16
1 2 16
2 1 15
1 4 34
4 1 26
1 6 20
6 1 16
1 8 50
8 1 40
1 9 48
9 1 37
1 12 32
12 1 32
1 13 49
13 1 42
1 14 72
14 1 53
1 15 30
15 1 40
1 20 48
20 1 45
1 21 18
21 1 24
1 22 8
22 1 10
1 25 36
25 1 42
1 26 39
26 1 30
1 27 49
27 1 35
1 29 31
29 1 30
1 30 19
30 1 21
1 32 34
32 1 31
1 33 6
33 1 8
1 34 43
34 1 33
1 41 9
41 1 11
1 43 8
43 1 7
1 47 34
47 1 29
1 48 24
48 1 26
1 49 28
49 1 19
1 51 18
51 1 18
1 55 44
55 1 49
1 57 55
57 1 43
1 58 23
58 1 42
1 59 65
59 1 63
1 60 25
60 1 45
1 61 26
61 1 21
1 62 6
62 1 8
1 63 5
63 1 8
1 64 26
64 1 18
1 65 33
65 1 55
1 66 36
66 1 61
1 67 35
67 1 30
1 68 22
68 1 19
1 69 24
69 1 33
1 70 34
70 1 46
1 71 27
71 1 40
1 72 37
72 1 40
1 73 6
73 1 5
1 74 14
74 1 18
1 75 21
75 1 23
1 76 34
76 1 25
3 5 59
5 3 42
3 7 29
7 3 29
3 10 19
10 3 28
3 11 23
11 3 39
3 16 11
16 3 9
3 17 16
17 3 12
3 18 16
18 3 16
3 19 44
19 3 41
3 23 25
23 3 20
3 24 11
24 3 14
3 28 35
28 3 32
3 31 19
31 3 33
3 35 23
35 3 34
3 36 60
36 3 48
3 37 44
37 3 49
3 38 48
38 3 33
3 39 11
39 3 17
3 40 13
40 3 10
3 42 36
42 3 32
3 44 3
44 3 3
3 45 49
45 3 33
3 46 33
46 3 30
3 50 17
50 3 13
3 52 38
52 3 33
3 53 43
53 3 36
3 54 26
54 3 46
3 56 23
56 3 25
3 2 20
2 3 24
3 4 22
4 3 26
3 6 22
6 3 16
3 8 19
8 3 34
3 9 17
9 3 15
3 12 12
12 3 15
3 13 24
13 3 42
3 14 62
14 3 43
3 15 48
15 3 46
3 20 82
20 3 55
3 21 58
21 3 39
3 22 34
22 3 32
3 25 13
25 3 19
3 26 28
26 3 20
3 27 23
27 3 36
3 29 19
29 3 36
3 30 42
30 3 29
3 32 6
32 3 8
3 33 12
33 3 17
3 34 22
34 3 29
3 41 27
41 3 29
3 43 16
43 3 26
3 47 30
47 3 41
3 48 20
48 3 36
3 49 12
49 3 11
3 51 13
51 3 10
3 55 24
55 3 27
3 57 35
57 3 48
3 58 25
58 3 24
3 59 54
59 3 52
3 60 81
60 3 59
3 61 53
61 3 42
3 62 18
62 3 27
3 63 10
63 3 15
3 64 32
64 3 40
3 65 40
65 3 38
3 66 58
66 3 45
3 67 15
67 3 24
3 68 22
68 3 21
3 69 26
69 3 50
3 70 30
70 3 58
3 71 61
71 3 54
3 72 22
72 3 21
3 73 17
73 3 22
3 74 20
74 3 31
3 75 15
75 3 21
3 76 19
76 3 20
5 7 26
7 5 30
5 10 32
10 5 48
5 11 51
11 5 45
5 16 50
16 5 38
5 17 19
17 5 33
5 18 46
18 5 58
5 19 29
19 5 29
5 23 51
23 5 45
5 24 54
24 5 53
5 28 29
28 5 20
5 31 65
31 5 61
5 35 34
35 5 30
5 36 11
36 5 10
5 37 8
37 5 7
5 38 54
38 5 46
5 39 63
39 5 47
5 40 55
40 5 39
5 42 35
42 5 40
5 44 52
44 5 44
5 45 16
45 5 11
5 46 11
46 5 22
5 50 74
50 5 54
5 52 18
52 5 18
5 53 43
53 5 37
5 54 20
54 5 24
5 56 26
56 5 49
5 2 11
2 5 20
5 4 21
4 5 18
5 6 26
6 5 26
5 8 34
8 5 25
5 9 49
9 5 49
5 12 41
12 5 37
5 13 13
13 5 17
5 14 55
14 5 38
5 15 8
15 5 8
5 20 9
20 5 13
5 21 18
21 5 13
5 22 20
22 5 30
5 25 49
25 5 58
5 26 19
26 5 30
5 27 19
27 5 14
5 29 10
29 5 7
5 30 12
30 5 13
5 32 27
32 5 47
5 33 32
33 5 30
5 34 22
34 5 21
5 41 30
41 5 43
5 43 56
43 5 39
5 47 7
47 5 7
5 48 8
48 5 7
5 49 43
49 5 46
5 51 29
51 5 32
5 55 55
55 5 67
5 57 14
57 5 12
5 58 28
58 5 43
5 59 26
59 5 46
5 60 23
60 5 18
5 61 35
61 5 24
5 62 31
62 5 25
5 63 25
63 5 36
5 64 54
64 5 43
5 65 28
65 5 50
5 66 59
66 5 52
5 67 33
67 5 24
5 68 19
68 5 21
5 69 10
69 5 17
5 70 16
70 5 16
5 71 11
71 5 16
5 72 26
72 5 45
5 73 32
73 5 28
5 74 18
74 5 15
5 75 12
75 5 23
5 76 34
76 5 25
7 10 18
10 7 19
7 11 20
11 7 16
7 16 23
16 7 32
7 17 20
17 7 18
7 18 29
18 7 41
7 19 8
19 7 12
7 23 24
23 7 45
7 24 36
24 7 44
7 28 42
28 7 37
7 31 42
31 7 32
7 35 7
35 7 5
7 36 20
36 7 40
7 37 46
37 7 36
7 38 10
38 7 16
7 39 17
39 7 22
7 40 26
40 7 20
7 42 68
42 7 50
7 44 16
44 7 29
7 45 12
45 7 20
7 46 9
46 7 8
7 50 39
50 7 36
7 52 19
52 7 13
7 53 9
53 7 9
7 54 11
54 7 19
7 56 43
56 7 51
7 2 25
2 7 28
7 4 17
4 7 16
7 6 18
6 7 23
7 8 8
8 7 7
7 9 27
9 7 26
7 12 13
12 7 15
7 13 27
13 7 19
7 14 20
14 7 14
7 15 27
15 7 29
7 20 53
20 7 39
7 21 52
21 7 37
7 22 34
22 7 44
7 25 32
25 7 36
7 26 5
26 7 10
7 27 12
27 7 17
7 29 25
29 7 24
7 30 15
30 7 25
7 32 32
32 7 28
7 33 47
33 7 32
7 34 12
34 7 10
7 41 52
41 7 50
7 43 68
43 7 46
7 47 44
47 7 35
7 48 33
48 7 29
7 49 53
49 7 40
7 51 25
51 7 24
7 55 25
55 7 44
7 57 24
57 7 27
7 58 17
58 7 14
7 59 19
59 7 24
7 60 36
60 7 48
7 61 39
61 7 46
7 62 48
62 7 36
7 63 51
63 7 36
7 64 72
64 7 57
7 65 26
65 7 20
7 66 28
66 7 23
7 67 5
67 7 9
7 68 15
68 7 20
7 69 66
69 7 46
7 70 42
70 7 45
7 71 50
71 7 46
7 72 21
72 7 18
7 73 34
73 7 34
7 74 16
74 7 32
7 75 22
75 7 16
7 76 16
76 7 14
10 11 10
11 10 15
10 16 33
16 10 36
10 17 26
17 10 23
10 18 19
18 10 33
10 19 41
19 10 28
10 23 39
23 10 48
10 24 54
24 10 40
10 28 66
28 10 50
10 31 16
31 10 13
10 35 20
35 10 22
10 36 31
36 10 58
10 37 53
37 10 55
10 38 5
38 10 7
10 39 13
39 10 12
10 40 24
40 10 19
10 42 42
42 10 58
10 44 31
44 10 26
10 45 20
45 10 37
10 46 33
46 10 26
10 50 19
50 10 27
10 52 45
52 10 31
10 53 25
53 10 17
10 54 26
54 10 37
10 56 78
56 10 53
10 2 44
2 10 40
10 4 32
4 10 31
10 6 32
6 10 33
10 8 17
8 10 26
10 9 19
9 10 16
10 12 10
12 10 16
10 13 48
13 10 38
10 14 20
14 10 24
10 15 33
15 10 47
10 20 59
20 10 58
10 21 39
21 10 53
10 22 55
22 10 55
10 25 12
25 10 23
10 26 23
26 10 20
10 27 49
27 10 35
10 29 57
29 10 42
10 30 35
30 10 40
10 32 27
32 10 22
10 33 44
33 10 40
10 34 41
34 10 28
10 41 59
41 10 56
10 43 63
43 10 53
10 47 51
47 10 52
10 48 54
48 10 46
10 49 52
49 10 39
10 51 15
51 10 29
10 55 18
55 10 30
10 57 62
57 10 46
10 58 4
58 10 6
10 59 38
59 10 30
10 60 51
60 10 66
10 61 82
61 10 60
10 62 62
62 10 47
10 63 45
63 10 41
10 64 76
64 10 66
10 65 16
65 10 11
10 66 14
66 10 18
10 67 17
67 10 25
10 68 19
68 10 33
10 69 68
69 10 63
10 70 33
70 10 63
10 71 65
71 10 64
10 72 8
72 10 8
10 73 29
73 10 44
10 74 24
74 10 46
10 75 20
75 10 29
10 76 35
76 10 26
11 16 48
16 11 45
11 17 18
17 11 30
11 18 66
18 11 47
11 19 21
19 11 18
11 23 36
23 11 57
11 24 44
24 11 53
11 28 54
28 11 53
11 31 35
31 11 26
11 35 22
35 11 15
11 36 77
36 11 55
11 37 64
37 11 50
11 38 5
38 11 8
11 39 33
39 11 25
11 40 29
40 11 29
11 42 79
42 11 65
11 44 23
44 11 38
11 45 45
45 11 35
11 46 16
46 11 23
11 50 33
50 11 41
11 52 19
52 11 27
11 53 4
53 11 8
11 54 16
54 11 27
11 56 60
56 11 63
11 2 42
2 11 43
11 4 47
4 11 32
11 6 46
6 11 38
11 8 19
8 11 20
11 9 43
9 11 30
11 12 20
12 11 24
11 13 33
13 11 31
11 14 7
14 11 11
11 15 55
15 11 42
11 20 71
20 11 52
11 21 45
21 11 53
11 22 58
22 11 60
11 25 33
25 11 38
11 26 23
26 11 24
11 27 42
27 11 31
11 29 45
29 11 39
11 30 52
30 11 41
11 32 26
32 11 35
11 33 34
33 11 46
11 34 32
34 11 25
11 41 54
41 11 64
11 43 61
43 11 60
11 47 30
47 11 50
11 48 43
48 11 44
11 49 59
49 11 50
11 51 18
51 11 36
11 55 43
55 11 45
11 57 55
57 11 39
11 58 20
58 11 16
11 59 19
59 11 15
11 60 40
60 11 62
11 61 71
61 11 62
11 62 48
62 11 51
11 63 45
63 11 49
11 64 41
64 11 72
11 65 5
65 11 7
11 66 4
66 11 7
11 67 19
67 11 25
11 68 50
68 11 36
11 69 78
69 11 61
11 70 48
70 11 58
11 71 80
71 11 60
11 72 20
72 11 21
11 73 62
73 11 50
11 74 68
74 11 47
11 75 46
75 11 32
11 76 33
76 11 29
16 17 17
17 16 14
16 18 13
18 16 23
16 19 24
19 16 43
16 23 8
23 16 13
16 24 23
24 16 16
16 28 16
28 16 24
16 31 38
31 16 41
16 35 44
35 16 37
16 36 31
36 16 42
16 37 44
37 16 44
16 38 30
38 16 40
16 39 18
39 16 26
16 40 12
40 16 17
16 42 31
42 16 23
16 44 16
44 16 12
16 45 34
45 16 30
16 46 27
46 16 31
16 50 25
50 16 21
16 52 40
52 16 33
16 53 51
53 16 40
16 54 37
54 16 46
16 56 18
56 16 19
16 2 22
2 16 18
16 4 21
4 16 24
16 6 14
6 16 12
16 8 48
8 16 35
16 9 14
9 16 24
16 12 28
12 16 21
16 13 34
13 16 41
16 14 66
14 16 46
16 15 60
15 16 43
16 20 34
20 16 50
16 21 47
21 16 33
16 22 13
22 16 24
16 25 16
25 16 28
16 26 12
26 16 22
16 27 38
27 16 34
16 29 20
29 16 33
16 30 30
30 16 24
16 32 12
32 16 17
16 33 7
33 16 9
16 34 34
34 16 29
16 41 30
41 16 21
16 43 19
43 16 18
16 47 49
47 16 36
16 48 27
48 16 31
16 49 6
49 16 9
16 51 11
51 16 9
16 55 19
55 16 36
16 57 54
57 16 45
16 58 27
58 16 31
16 59 33
59 16 56
16 60 76
60 16 54
16 61 45
61 16 34
16 62 19
62 16 18
16 63 4
63 16 6
16 64 42
64 16 31
16 65 61
65 16 45
16 66 67
66 16 51
16 67 31
67 16 25
16 68 12
68 16 17
16 69 34
69 16 43
16 70 50
70 16 53
16 71 56
71 16 49
16 72 22
72 16 28
16 73 11
73 16 13
16 74 17
74 16 25
16 75 19
75 16 19
16 76 20
76 16 19
17 18 24
18 17 27
17 19 29
19 17 29
17 23 20
23 17 27
17 24 27
24 17 26
17 28 15
28 17 28
17 31 17
31 17 32
17 35 19
35 17 23
17 36 42
36 17 40
17 37 24
37 17 40
17 38 24
38 17 26
17 39 15
39 17 16
17 40 8
40 17 7
17 42 26
42 17 35
17 44 12
44 17 13
17 45 18
45 17 22
17 46 13
46 17 18
17 50 13
50 17 22
17 52 21
52 17 21
17 53 31
53 17 26
17 54 25
54 17 34
17 56 48
56 17 33
17 2 11
2 17 18
17 4 14
4 17 15
17 6 6
6 17 10
17 8 16
8 17 22
17 9 13
9 17 17
17 12 6
12 17 7
17 13 24
13 17 30
17 14 46
14 17 32
17 15 41
15 17 35
17 20 42
20 17 45
17 21 24
21 17 33
17 22 22
22 17 32
17 25 29
25 17 26
17 26 6
26 17 8
17 27 17
27 17 24
17 29 26
29 17 26
17 30 19
30 17 21
17 32 17
32 17 14
17 33 10
33 17 17
17 34 11
34 17 17
17 41 43
41 17 34
17 43 37
43 17 30
17 47 44
47 17 34
17 48 28
48 17 27
17 49 17
49 17 22
17 51 5
51 17 6
17 55 51
55 17 35
17 57 50
57 17 36
17 58 21
58 17 17
17 59 49
59 17 42
17 60 45
60 17 50
17 61 53
61 17 38
17 62 22
62 17 24
17 63 13
63 17 19
17 64 23
64 17 43
17 65 46
65 17 31
17 66 38
66 17 37
17 67 14
67 17 12
17 68 16
68 17 12
17 69 47
69 17 43
17 70 31
70 17 49
17 71 44
71 17 46
17 72 10
72 17 16
17 73 13
73 17 21
17 74 20
74 17 25
17 75 6
75 17 10
17 76 9
76 17 8
18 19 33
19 18 54
18 23 28
23 18 28
18 24 13
24 18 13
18 28 33
28 18 48
18 31 24
31 18 29
18 35 42
35 18 46
18 36 90
36 18 64
18 37 34
37 18 65
18 38 45
38 18 39
18 39 13
39 18 21
18 40 24
40 18 22
18 42 41
42 18 42
18 44 9
44 18 14
18 45 57
45 18 48
18 46 22
46 18 44
18 50 5
50 18 6
18 52 60
52 18 48
18 53 37
53 18 46
18 54 39
54 18 60
18 56 19
56 18 31
18 2 43
2 18 40
18 4 30
4 18 42
18 6 21
6 18 33
18 8 69
8 18 47
18 9 24
9 18 17
18 12 16
12 18 26
18 13 35
13 18 57
18 14 66
14 18 53
18 15 86
15 18 62
18 20 64
20 18 71
18 21 52
21 18 55
18 22 53
22 18 46
18 25 7
25 18 11
18 26 37
26 18 34
18 27 27
27 18 51
18 29 68
29 18 52
18 30 63
30 18 45
18 32 16
32 18 13
18 33 23
33 18 32
18 34 60
34 18 44
18 41 24
41 18 39
18 43 33
43 18 38
18 47 41
47 18 58
18 48 44
48 18 52
18 49 22
49 18 18
18 51 34
51 18 26
18 55 7
55 18 14
18 57 58
57 18 63
18 58 17
58 18 31
18 59 52
59 18 61
18 60 41
60 18 75
18 61 44
61 18 57
18 62 27
62 18 42
18 63 18
63 18 28
18 64 55
64 18 51
18 65 23
65 18 43
18 66 44
66 18 50
18 67 36
67 18 38
18 68 45
68 18 37
18 69 48
69 18 66
18 70 68
70 18 74
18 71 62
71 18 71
18 72 28
72 18 26
18 73 24
73 18 37
18 74 27
74 18 48
18 75 53
75 18 36
18 76 36
76 18 35
19 23 46
23 19 55
19 24 63
24 19 55
19 28 31
28 19 42
19 31 23
31 19 42
19 35 9
35 19 7
19 36 41
36 19 39
19 37 44
37 19 33
19 38 26
38 19 23
19 39 43
39 19 34
19 40 20
40 19 32
19 42 37
42 19 58
19 44 50
44 19 41
19 45 16
45 19 22
19 46 16
46 19 13
19 50 58
50 19 47
19 52 12
52 19 13
19 53 16
53 19 11
19 54 6
54 19 9
19 56 31
56 19 60
19 2 19
2 19 34
19 4 15
4 19 21
19 6 40
6 19 32
19 8 9
8 19 8
19 9 48
9 19 38
19 12 15
12 19 27
19 13 12
13 19 13
19 14 7
14 19 9
19 15 25
15 19 24
19 20 26
20 19 34
19 21 50
21 19 39
19 22 39
22 19 50
19 25 54
25 19 48
19 26 22
26 19 21
19 27 11
27 19 16
19 29 21
29 19 24
19 30 22
30 19 29
19 32 42
32 19 40
19 33 34
33 19 41
19 34 11
34 19 14
19 41 54
41 19 58
19 43 58
43 19 54
19 47 41
47 19 35
19 48 27
48 19 30
19 49 61
49 19 51
19 51 23
51 19 34
19 55 82
55 19 56
19 57 31
57 19 21
19 58 26
58 19 25
19 59 14
59 19 18
19 60 36
60 19 44
19 61 63
61 19 49
19 62 44
62 19 42
19 63 38
63 19 46
19 64 54
64 19 63
19 65 28
65 19 25
19 66 24
66 19 25
19 67 12
67 19 18
19 68 16
68 19 28
19 69 27
69 19 46
19 70 53
70 19 40
19 71 37
71 19 43
19 72 18
72 19 29
19 73 56
73 19 42
19 74 32
74 19 36
19 75 12
75 19 24
19 76 22
76 19 23
23 24 8
24 23 16
23 28 24
28 23 27
23 31 45
31 23 52
23 35 55
35 23 49
23 36 49
36 23 47
23 37 60
37 23 51
23 38 59
38 23 52
23 39 36
39 23 37
23 40 26
40 23 29
23 42 17
42 23 15
23 44 26
44 23 22
23 45 23
45 23 39
23 46 56
46 23 42
23 50 14
50 23 28
23 52 61
52 23 44
23 53 28
53 23 53
23 54 73
54 23 57
23 56 8
56 23 6
23 2 30
2 23 25
23 4 25
4 23 35
23 6 31
6 23 23
23 8 31
8 23 47
23 9 48
9 23 34
23 12 42
12 23 33
23 13 53
13 23 51
23 14 83
14 23 59
23 15 31
15 23 51
23 20 49
20 23 57
23 21 19
21 23 36
23 22 14
22 23 21
23 25 20
25 23 36
23 26 33
26 23 35
23 27 48
27 23 44
23 29 21
29 23 41
23 30 47
30 23 32
23 32 32
32 23 27
23 33 8
33 23 15
23 34 26
34 23 41
23 41 15
41 23 11
23 43 5
43 23 10
23 47 31
47 23 41
23 48 23
48 23 38
23 49 14
49 23 10
23 51 21
51 23 21
23 55 62
55 23 42
23 57 27
57 23 54
23 58 61
58 23 43
23 59 90
59 23 69
23 60 49
60 23 58
23 61 33
61 23 33
23 62 16
62 23 21
23 63 8
63 23 9
23 64 33
64 23 23
23 65 52
65 23 57
23 66 40
66 23 64
23 67 42
67 23 37
23 68 39
68 23 27
23 69 64
69 23 46
23 70 61
70 23 58
23 71 74
71 23 53
23 72 36
72 23 40
23 73 22
73 23 16
23 74 34
74 23 30
23 75 22
75 23 30
23 76 42
76 23 31
24 28 38
28 24 39
24 31 34
31 24 41
24 35 44
35 24 49
24 36 71
36 24 57
24 37 63
37 24 60
24 38 31
38 24 46
24 39 16
39 24 29
24 40 28
40 24 24
24 42 16
42 24 30
24 44 20
44 24 15
24 45 49
45 24 45
24 46 54
46 24 44
24 50 10
50 24 15
24 52 36
52 24 47
24 53 49
53 24 50
24 54 79
54 24 60
24 56 19
56 24 18
24 2 30
2 24 34
24 4 20
4 24 39
24 6 18
6 24 28
24 8 68
8 24 48
24 9 25
9 24 25
24 12 18
12 24 29
24 13 83
13 24 56
24 14 56
14 24 57
24 15 78
15 24 58
24 20 38
20 24 66
24 21 26
21 24 48
24 22 48
22 24 36
24 25 23
25 24 23
24 26 48
26 24 34
24 27 61
27 24 49
24 29 54
29 24 48
24 30 33
30 24 40
24 32 11
32 24 18
24 33 19
33 24 24
24 34 60
34 24 43
24 41 13
41 24 26
24 43 25
43 24 26
24 47 66
47 24 51
24 48 55
48 24 47
24 49 4
49 24 7
24 51 12
51 24 22
24 55 30
55 24 27
24 57 46
57 24 60
24 58 53
58 24 37
24 59 45
59 24 66
24 60 40
60 24 69
24 61 28
61 24 47
24 62 21
62 24 32
24 63 19
63 24 18
24 64 50
64 24 38
24 65 38
65 24 51
24 66 74
66 24 58
24 67 31
67 24 38
24 68 21
68 24 33
24 69 66
69 24 58
24 70 69
70 24 68
24 71 46
71 24 64
24 72 41
72 24 33
24 73 38
73 24 27
24 74 54
74 24 40
24 75 42
75 24 33
24 76 43
76 24 33
28 31 83
31 28 60
28 35 48
35 28 39
28 36 16
36 28 20
28 37 13
37 28 25
28 38 48
38 28 51
28 39 65
39 28 44
28 40 21
40 28 34
28 42 11
42 28 20
28 44 51
44 28 35
28 45 28
45 28 21
28 46 26
46 28 30
28 50 67
50 28 45
28 52 40
52 28 29
28 53 65
53 28 46
28 54 39
54 28 41
28 56 21
56 28 30
28 2 12
2 28 10
28 4 29
4 28 21
28 6 17
6 28 18
28 8 52
8 28 35
28 9 43
9 28 44
28 12 51
12 28 35
28 13 30
13 28 33
28 14 68
14 28 49
28 15 25
15 28 28
28 20 33
20 28 31
28 21 11
21 28 9
28 22 9
22 28 9
28 25 45
25 28 51
28 26 19
26 28 31
28 27 31
27 28 27
28 29 16
29 28 20
28 30 10
30 28 13
28 32 52
32 28 39
28 33 14
33 28 16
28 34 37
34 28 28
28 41 31
41 28 23
28 43 23
43 28 19
28 47 9
47 28 15
28 48 10
48 28 14
28 49 46
49 28 32
28 51 23
51 28 24
28 55 77
55 28 60
28 57 34
57 28 32
28 58 26
58 28 44
28 59 79
59 28 59
28 60 38
60 28 31
28 61 13
61 28 10
28 62 4
62 28 6
28 63 21
63 28 20
28 64 16
64 28 23
28 65 68
65 28 56
28 66 63
66 28 60
28 67 24
67 28 28
28 68 25
68 28 17
28 69 12
69 28 19
28 70 47
70 28 32
28 71 28
71 28 26
28 72 53
72 28 44
28 73 6
73 28 11
28 74 6
74 28 6
28 75 16
75 28 21
28 76 13
76 28 24
31 35 52
35 31 35
31 36 50
36 31 70
31 37 54
37 31 68
31 38 18
38 31 19
31 39 16
39 31 16
31 40 38
40 31 26
31 42 48
42 31 64
31 44 36
44 31 30
31 45 43
45 31 50
31 46 53
46 31 39
31 50 25
50 31 26
31 52 49
52 31 44
31 53 18
53 31 31
31 54 34
54 31 50
31 56 76
56 31 56
31 2 40
2 31 50
31 4 45
4 31 43
31 6 39
6 31 42
31 8 28
8 31 39
31 9 12
9 31 18
31 12 22
12 31 25
31 13 69
13 31 51
31 14 39
14 31 36
31 15 85
15 31 60
31 20 59
20 31 71
31 21 56
21 31 64
31 22 56
22 31 63
31 25 23
25 31 18
31 26 44
26 31 32
31 27 58
27 31 48
31 29 45
29 31 54
31 30 49
30 31 51
31 32 35
32 31 25
31 33 47
33 31 47
31 34 51
34 31 41
31 41 46
41 31 62
31 43 41
43 31 59
31 47 33
47 31 64
31 48 40
48 31 58
31 49 34
49 31 42
31 51 53
51 31 37
31 55 26
55 31 22
31 57 53
57 31 60
31 58 12
58 31 18
31 59 56
59 31 41
31 60 67
60 31 79
31 61 92
61 31 70
31 62 38
62 31 56
31 63 69
63 31 47
31 64 37
64 31 72
31 65 13
65 31 20
31 66 22
66 31 26
31 67 42
67 31 37
31 68 27
68 31 44
31 69 63
69 31 74
31 70 55
70 31 76
31 71 65
71 31 76
31 72 21
72 31 16
31 73 58
73 31 52
31 74 42
74 31 56
31 75 43
75 31 40
31 76 25
76 31 37
35 36 29
36 35 40
35 37 43
37 35 35
35 38 19
38 35 18
35 39 40
39 35 27
35 40 36
40 35 25
35 42 38
42 35 54
35 44 33
44 35 34
35 45 29
45 35 21
35 46 12
46 35 9
35 50 43
50 35 40
35 52 9
52 35 12
35 53 10
53 35 7
35 54 10
54 35 15
35 56 30
56 35 55
35 2 33
2 35 31
35 4 20
4 35 18
35 6 23
6 35 27
35 8 5
8 35 5
35 9 36
9 35 30
35 12 17
12 35 20
35 13 9
13 35 17
35 14 6
14 35 10
35 15 25
15 35 27
35 20 50
20 35 38
35 21 44
21 35 39
35 22 64
22 35 47
35 25 48
25 35 40
35 26 9
26 35 15
35 27 10
27 35 16
35 29 29
29 35 24
35 30 33
30 35 27
35 32 21
32 35 33
35 33 51
33 35 36
35 34 16
34 35 11
35 41 60
41 35 54
35 43 35
43 35 50
35 47 29
47 35 35
35 48 27
48 35 30
35 49 43
49 35 45
35 51 19
51 35 28
35 55 65
55 35 49
35 57 21
57 35 25
35 58 15
58 35 18
35 59 22
59 35 21
35 60 27
60 35 47
35 61 67
61 35 48
35 62 54
62 35 39
35 63 45
63 35 40
35 64 34
64 35 60
35 65 31
65 35 21
35 66 30
66 35 22
35 67 17
67 35 13
35 68 31
68 35 24
35 69 60
69 35 46
35 70 53
70 35 43
35 71 46
71 35 45
35 72 30
72 35 22
35 73 42
73 35 38
35 74 19
74 35 34
35 75 27
75 35 20
35 76 15
76 35 18
36 37 9
37 36 8
36 38 42
38 36 56
36 39 64
39 36 55
36 40 30
40 36 47
36 42 49
42 36 39
36 44 66
44 36 50
36 45 14
45 36 20
36 46 39
46 36 32
36 50 57
50 36 60
36 52 31
52 36 28
36 53 24
53 36 47
36 54 40
54 36 34
36 56 62
56 36 50
36 2 24
2 36 24
36 4 36
4 36 27
36 6 41
6 36 32
36 8 19
8 36 35
36 9 63
9 36 56
36 12 57
12 36 45
36 13 22
13 36 26
36 14 52
14 36 48
36 15 15
15 36 16
36 20 8
20 36 13
36 21 7
21 36 10
36 22 23
22 36 28
36 25 63
25 36 65
36 26 54
26 36 38
36 27 35
27 36 24
36 29 23
29 36 16
36 30 18
30 36 19
36 32 48
32 36 54
36 33 49
33 36 34
36 34 38
34 36 30
36 41 39
41 36 43
36 43 22
43 36 39
36 47 5
47 36 6
36 48 6
48 36 12
36 49 74
49 36 50
36 51 54
51 36 38
36 55 44
55 36 74
36 57 13
57 36 20
36 58 76
58 36 52
36 59 34
59 36 56
36 60 13
60 36 12
36 61 24
61 36 18
36 62 18
62 36 26
36 63 21
63 36 39
36 64 39
64 36 39
36 65 56
65 36 60
36 66 68
66 36 62
36 67 42
67 36 33
36 68 35
68 36 28
36 69 7
69 36 7
36 70 17
70 36 12
36 71 5
71 36 7
36 72 65
72 36 53
36 73 30
73 36 30
36 74 15
74 36 17
36 75 34
75 36 30
36 76 45
76 36 33
37 38 54
38 37 53
37 39 54
39 37 54
37 40 45
40 37 46
37 42 56
42 37 45
37 44 66
44 37 51
37 45 17
45 37 18
37 46 14
46 37 28
37 50 33
50 37 61
37 52 23
52 37 24
37 53 35
53 37 42
37 54 27
54 37 27
37 56 39
56 37 55
37 2 21
2 37 26
37 4 13
4 37 25
37 6 19
6 37 33
37 8 28
8 37 30
37 9 67
9 37 56
37 12 51
12 37 44
37 13 24
13 37 20
37 14 36
14 37 42
37 15 12
15 37 9
37 20 5
20 37 6
37 21 22
21 37 16
37 22 29
22 37 34
37 25 79
25 37 65
37 26 44
26 37 36
37 27 28
27 37 20
37 29 7
29 37 14
37 30 29
30 37 20
37 32 40
32 37 54
37 33 31
33 37 37
37 34 35
34 37 27
37 41 63
41 37 48
37 43 63
43 37 44
37 47 9
47 37 10
37 48 16
48 37 13
37 49 41
49 37 53
37 51 54
51 37 39
37 55 106
55 37 74
37 57 19
57 37 13
37 58 44
58 37 49
37 59 36
59 37 50
37 60 15
60 37 12
37 61 37
61 37 26
37 62 37
62 37 30
37 63 51
63 37 42
37 64 65
64 37 46
37 65 81
65 37 56
37 66 50
66 37 57
37 67 45
67 37 31
37 68 27
68 37 28
37 69 15
69 37 15
37 70 7
70 37 9
37 71 12
71 37 10
37 72 30
72 37 51
37 73 43
73 37 34
37 74 21
74 37 21
37 75 18
75 37 30
37 76 42
76 37 32
38 39 24
39 38 18
38 40 18
40 38 23
38 42 73
42 38 61
38 44 36
44 38 32
38 45 50
45 38 36
38 46 28
46 38 24
38 50 19
50 38 34
38 52 43
52 38 29
38 53 8
53 38 12
38 54 35
54 38 32
38 56 70
56 38 58
38 2 22
2 38 41
38 4 30
4 38 31
38 6 35
6 38 35
38 8 24
8 38 22
38 9 13
9 38 22
38 12 16
12 38 19
38 13 47
13 38 34
38 14 11
14 38 17
38 15 62
15 38 45
38 20 72
20 38 55
38 21 69
21 38 53
38 22 61
22 38 57
38 25 24
25 38 30
38 26 14
26 38 21
38 27 48
27 38 33
38 29 35
29 38 40
38 30 21
30 38 40
38 32 24
32 38 28
38 33 47
33 38 43
38 34 24
34 38 26
38 41 70
41 38 60
38 43 73
43 38 56
38 47 63
47 38 51
38 48 56
48 38 45
38 49 51
49 38 45
38 51 18
51 38 32
38 55 52
55 38 37
38 57 41
57 38 43
38 58 12
58 38 9
38 59 28
59 38 23
38 60 94
60 38 64
38 61 85
61 38 61
38 62 42
62 38 49
38 63 49
63 38 45
38 64 40
64 38 69
38 65 7
65 38 5
38 66 13
66 38 12
38 67 22
67 38 24
38 68 22
68 38 34
38 69 34
69 38 62
38 70 48
70 38 61
38 71 73
71 38 62
38 72 13
72 38 13
38 73 37
73 38 47
38 74 63
74 38 47
38 75 25
75 38 30
38 76 38
76 38 27
39 40 13
40 39 10
39 42 50
42 39 48
39 44 19
44 39 15
39 45 37
45 39 36
39 46 22
46 39 28
39 50 10
50 39 16
39 52 31
52 39 33
39 53 14
53 39 25
39 54 32
54 39 42
39 56 23
56 39 42
39 2 39
2 39 34
39 4 22
4 39 29
39 6 37
6 39 26
39 8 33
8 39 29
39 9 3
9 39 4
39 12 8
12 39 10
39 13 60
13 39 41
39 14 41
14 39 32
39 15 66
15 39 48
39 20 35
20 39 58
39 21 67
21 39 49
39 22 26
22 39 47
39 25 8
25 39 14
39 26 16
26 39 18
39 27 39
27 39 36
39 29 58
29 39 40
39 30 38
30 39 36
39 32 10
32 39 11
39 33 42
33 39 31
39 34 27
34 39 28
39 41 56
41 39 47
39 43 45
43 39 43
39 47 69
47 39 49
39 48 58
48 39 43
39 49 41
49 39 28
39 51 17
51 39 21
39 55 27
55 39 22
39 57 34
57 39 48
39 58 9
58 39 10
39 59 47
59 39 40
39 60 53
60 39 66
39 61 31
61 39 54
39 62 46
62 39 40
39 63 37
63 39 32
39 64 79
64 39 57
39 65 18
65 39 22
39 66 34
66 39 29
39 67 24
67 39 23
39 68 15
68 39 28
39 69 65
69 39 59
39 70 68
70 39 63
39 71 75
71 39 62
39 72 4
72 39 5
39 73 29
73 39 36
39 74 49
74 39 41
39 75 23
75 39 25
39 76 21
76 39 22
40 42 56
42 40 39
40 44 8
44 40 9
40 45 15
45 40 28
40 46 13
46 40 22
40 50 8
50 40 16
40 52 38
52 40 27
40 53 29
53 40 26
40 54 37
54 40 38
40 56 23
56 40 35
40 2 23
2 40 25
40 4 20
4 40 21
40 6 23
6 40 16
40 8 15
8 40 25
40 9 9
9 40 10
40 12 3
12 40 5
40 13 42
13 40 35
40 14 48
14 40 33
40 15 50
15 40 41
40 20 33
20 40 51
40 21 20
21 40 40
40 22 48
22 40 37
40 25 11
25 40 19
40 26 7
26 40 12
40 27 32
27 40 30
40 29 22
29 40 33
40 30 30
30 40 27
40 32 5
32 40 9
40 33 16
33 40 21
40 34 14
34 40 22
40 41 22
41 40 38
40 43 38
43 40 34
40 47 54
47 40 40
40 48 44
48 40 34
40 49 26
49 40 22
40 51 13
51 40 11
40 55 30
55 40 28
40 57 38
57 40 42
40 58 19
58 40 14
40 59 30
59 40 42
40 60 42
60 40 57
40 61 36
61 40 44
40 62 24
62 40 30
40 63 11
63 40 22
40 64 59
64 40 47
40 65 24
65 40 28
40 66 50
66 40 35
40 67 18
67 40 17
40 68 27
68 40 19
40 69 37
69 40 50
40 70 51
70 40 55
40 71 75
71 40 53
40 72 7
72 40 11
40 73 18
73 40 26
40 74 16
74 40 32
40 75 13
75 40 16
40 76 10
76 40 14
42 44 18
44 42 34
42 45 46
45 42 38
42 46 36
46 42 46
42 50 48
50 42 42
42 52 45
52 42 46
42 53 45
53 42 59
42 54 70
54 42 58
42 56 12
56 42 14
42 2 16
2 42 24
42 4 43
4 42 37
42 6 17
6 42 27
42 8 51
8 42 51
42 9 55
9 42 46
42 12 31
12 42 42
42 13 63
13 42 51
42 14 42
14 42 64
42 15 61
15 42 48
42 20 52
20 42 51
42 21 36
21 42 29
42 22 14
22 42 11
42 25 68
25 42 50
42 26 44
26 42 41
42 27 25
27 42 44
42 29 50
29 42 39
42 30 29
30 42 30
42 32 54
32 42 40
42 33 23
33 42 19
42 34 36
34 42 44
42 41 4
41 42 4
42 43 4
43 42 5
42 47 29
47 42 35
42 48 38
48 42 34
42 49 26
49 42 24
42 51 27
51 42 29
42 55 33
55 42 56
42 57 48
57 42 52
42 58 72
58 42 52
42 59 52
59 42 74
42 60 65
60 42 50
42 61 26
61 42 22
42 62 8
62 42 16
42 63 16
63 42 17
42 64 13
64 42 9
42 65 57
65 42 66
42 66 63
66 42 72
42 67 41
67 42 41
42 68 43
68 42 30
42 69 48
69 42 36
42 70 40
70 42 51
42 71 59
71 42 45
42 72 58
72 42 50
42 73 9
73 42 16
42 74 29
74 42 26
42 75 18
75 42 34
42 76 32
76 42 36
44 45 44
45 44 34
44 46 19
46 44 31
44 50 12
50 44 10
44 52 24
52 44 34
44 53 37
53 44 35
44 54 69
54 44 47
44 56 24
56 44 27
44 2 39
2 44 27
44 4 14
4 44 27
44 6 15
6 44 18
44 8 34
8 44 34
44 9 13
9 44 12
44 12 20
12 44 14
44 13 26
13 44 43
44 14 24
14 44 42
44 15 47
15 44 48
44 20 65
20 44 56
44 21 55
21 44 42
44 22 51
22 44 35
44 25 18
25 44 16
44 26 25
26 44 20
44 27 33
27 44 37
44 29 54
29 44 38
44 30 40
30 44 31
44 32 5
32 44 5
44 33 23
33 44 20
44 34 25
34 44 30
44 41 32
41 44 32
44 43 34
43 44 29
44 47 38
47 44 44
44 48 31
48 44 38
44 49 14
49 44 13
44 51 10
51 44 12
44 55 34
55 44 25
44 57 33
57 44 49
44 58 14
58 44 22
44 59 47
59 44 52
44 60 45
60 44 61
44 61 60
61 44 45
44 62 31
62 44 29
44 63 17
63 44 18
44 64 55
64 44 43
44 65 27
65 44 36
44 66 34
66 44 43
44 67 25
67 44 25
44 68 31
68 44 23
44 69 77
69 44 53
44 70 38
70 44 60
44 71 48
71 44 57
44 72 16
72 44 18
44 73 32
73 44 25
44 74 23
74 44 34
44 75 25
75 44 22
44 76 28
76 44 21
45 46 15
46 45 12
45 50 35
50 45 44
45 52 7
52 45 9
45 53 23
53 45 27
45 54 10
54 45 20
45 56 43
56 45 44
45 2 20
2 45 15
45 4 6
4 45 7
45 6 9
6 45 17
45 8 14
8 45 16
45 9 54
9 45 38
45 12 33
12 45 26
45 13 10
13 45 13
45 14 19
14 45 30
45 15 7
15 45 13
45 20 13
20 45 22
45 21 15
21 45 18
45 22 25
22 45 29
45 25 53
25 45 47
45 26 18
26 45 18
45 27 7
27 45 6
45 29 3
29 45 4
45 30 4
30 45 8
45 32 38
32 45 36
45 33 25
33 45 24
45 34 8
34 45 10
45 41 54
41 45 40
45 43 31
43 45 36
45 47 21
47 45 15
45 48 7
48 45 9
45 49 30
49 45 39
45 51 33
51 45 23
45 55 83
55 45 57
45 57 21
57 45 15
45 58 27
58 45 32
45 59 42
59 45 39
45 60 22
60 45 30
45 61 41
61 45 28
45 62 29
62 45 22
45 63 23
63 45 30
45 64 24
64 45 43
45 65 41
65 45 40
45 66 46
66 45 42
45 67 18
67 45 13
45 68 15
68 45 12
45 69 17
69 45 26
45 70 21
70 45 27
45 71 35
71 45 27
45 72 32
72 45 34
45 73 33
73 45 24
45 74 11
74 45 14
45 75 17
75 45 12
45 76 12
76 45 14
46 50 31
50 46 39
46 52 3
52 46 5
46 53 11
53 46 16
46 54 12
54 46 16
46 56 67
56 46 48
46 2 17
2 46 22
46 4 5
4 46 9
46 6 14
6 46 20
46 8 4
8 46 5
46 9 33
9 46 30
46 12 25
12 46 18
46 13 14
13 46 13
46 14 27
14 46 19
46 15 28
15 46 21
46 20 44
20 46 32
46 21 38
21 46 30
46 22 25
22 46 38
46 25 26
25 46 40
46 26 10
26 46 11
46 27 11
27 46 9
46 29 14
29 46 16
46 30 11
30 46 18
46 32 40
32 46 31
46 33 17
33 46 28
46 34 2
34 46 2
46 41 59
41 46 46
46 43 36
43 46 42
46 47 17
47 46 27
46 48 23
48 46 21
46 49 32
49 46 39
46 51 23
51 46 22
46 55 54
55 46 50
46 57 23
57 46 21
46 58 11
58 46 21
46 59 39
59 46 29
46 60 46
60 46 40
46 61 35
61 46 39
46 62 22
62 46 30
46 63 27
63 46 33
46 64 44
64 46 51
46 65 21
65 46 28
46 66 21
66 46 31
46 67 5
67 46 6
46 68 17
68 46 16
46 69 23
69 46 38
46 70 24
70 46 37
46 71 24
71 46 38
46 72 16
72 46 24
46 73 35
73 46 30
46 74 34
74 46 25
46 75 7
75 46 12
46 76 7
76 46 11
50 52 32
52 50 43
50 53 42
53 50 40
50 54 45
54 50 54
50 56 36
56 50 32
50 2 25
2 50 37
50 4 38
4 50 37
50 6 39
6 50 28
50 8 21
8 50 41
50 9 11
9 50 11
50 12 27
12 50 21
50 13 40
13 50 51
50 14 39
14 50 47
50 15 51
15 50 57
50 20 59
20 50 66
50 21 76
21 50 52
50 22 49
22 50 44
50 25 4
25 50 8
50 26 21
26 50 28
50 27 58
27 50 46
50 29 38
29 50 48
50 30 49
30 50 41
50 32 8
32 50 8
50 33 17
33 50 29
50 34 36
34 50 38
50 41 47
41 50 39
50 43 33
43 50 37
50 47 30
47 50 54
50 48 59
48 50 48
50 49 15
49 50 18
50 51 26
51 50 22
50 55 18
55 50 15
50 57 32
57 50 58
50 58 18
58 50 25
50 59 58
59 50 55
50 60 39
60 50 71
50 61 59
61 50 54
50 62 42
62 50 39
50 63 13
63 50 26
50 64 35
64 50 51
50 65 47
65 50 38
50 66 40
66 50 45
50 67 25
67 50 33
50 68 28
68 50 33
50 69 42
69 50 63
50 70 45
70 50 70
50 71 81
71 50 67
50 72 23
72 50 20
50 73 25
73 50 34
50 74 57
74 50 44
50 75 20
75 50 31
50 76 41
76 50 30
52 53 25
53 52 19
52 54 13
54 52 13
52 56 66
56 52 50
52 2 16
2 52 22
52 4 10
4 52 9
52 6 18
6 52 21
52 8 7
8 52 7
52 9 21
9 52 35
52 12 20
12 52 23
52 13 7
13 52 9
52 14 23
14 52 21
52 15 19
15 52 16
52 20 36
20 52 27
52 21 32
21 52 27
52 22 35
22 52 37
52 25 28
25 52 45
52 26 16
26 52 15
52 27 5
27 52 4
52 29 15
29 52 12
52 30 10
30 52 16
52 32 31
32 52 35
52 33 25
33 52 29
52 34 5
34 52 4
52 41 54
41 52 46
52 43 32
43 52 42
52 47 27
47 52 23
52 48 15
48 52 18
52 49 28
49 52 42
52 51 31
51 52 25
52 55 28
55 52 54
52 57 20
57 52 16
52 58 27
58 52 26
52 59 42
59 52 31
52 60 40
60 52 35
52 61 41
61 52 37
52 62 25
62 52 30
52 63 40
63 52 35
52 64 56
64 52 51
52 65 25
65 52 32
52 66 50
66 52 34
52 67 7
67 52 10
52 68 17
68 52 17
52 69 45
69 52 34
52 70 34
70 52 32
52 71 19
71 52 33
52 72 17
72 52 29
52 73 16
73 52 30
52 74 13
74 52 23
52 75 8
75 52 14
52 76 9
76 52 14
53 54 25
54 53 20
53 56 40
56 53 59
53 2 29
2 53 36
53 4 33
4 53 24
53 6 30
6 53 32
53 8 14
8 53 12
53 9 42
9 53 29
53 12 13
12 53 21
53 13 29
13 53 23
53 14 4
14 53 7
53 15 18
15 53 34
53 20 45
20 53 44
53 21 24
21 53 45
53 22 52
22 53 53
53 25 35
25 53 39
53 26 14
26 53 18
53 27 26
27 53 23
53 29 46
29 53 31
53 30 17
30 53 33
53 32 32
32 53 33
53 33 26
33 53 40
53 34 25
34 53 18
53 41 57
41 53 58
53 43 53
43 53 54
53 47 45
47 53 42
53 48 29
48 53 37
53 49 43
49 53 47
53 51 37
51 53 32
53 55 54
55 53 47
53 57 18
57 53 32
53 58 14
58 53 15
53 59 23
59 53 17
53 60 57
60 53 54
53 61 28
61 53 54
53 62 62
62 53 45
53 63 41
63 53 44
53 64 53
64 53 66
53 65 10
65 53 14
53 66 17
66 53 15
53 67 23
67 53 18
53 68 40
68 53 29
53 69 39
69 53 53
53 70 42
70 53 50
53 71 69
71 53 52
53 72 29
72 53 20
53 73 29
73 53 43
53 74 38
74 53 40
53 75 13
75 53 25
53 76 29
76 53 23
54 56 93
56 54 63
54 2 17
2 54 34
54 4 17
4 54 22
54 6 30
6 54 34
54 8 14
8 54 13
54 9 44
9 54 45
54 12 46
12 54 34
54 13 4
13 54 8
54 14 20
14 54 17
54 15 20
15 54 18
54 20 34
20 54 27
54 21 47
21 54 36
54 22 25
22 54 49
54 25 75
25 54 55
54 26 35
26 54 26
54 27 18
27 54 14
54 29 26
29 54 21
54 30 18
30 54 28
54 32 63
32 54 47
54 33 27
33 54 42
54 34 20
34 54 17
54 41 38
41 54 59
54 43 67
43 54 55
54 47 26
47 54 31
54 48 31
48 54 28
54 49 58
49 54 55
54 51 35
51 54 38
54 55 33
55 54 64
54 57 12
57 54 14
54 58 48
58 54 33
54 59 31
59 54 23
54 60 43
60 54 37
54 61 63
61 54 47
54 62 30
62 54 43
54 63 65
63 54 48
54 64 78
64 54 63
54 65 18
65 54 34
54 66 33
66 54 33
54 67 22
67 54 22
54 68 38
68 54 30
54 69 51
69 54 41
54 70 39
70 54 33
54 71 44
71 54 37
54 72 54
72 54 37
54 73 26
73 54 43
54 74 28
74 54 34
54 75 29
75 54 27
54 76 24
76 54 27
56 2 29
2 56 30
56 4 49
4 56 40
56 6 27
6 56 28
56 8 54
8 56 53
56 9 51
9 56 39
56 12 54
12 56 39
56 13 44
13 56 56
56 14 55
14 56 64
56 15 54
15 56 56
56 20 77
20 56 61
56 21 29
21 56 39
56 22 22
22 56 23
56 25 58
25 56 40
56 26 32
26 56 41
56 27 62
27 56 49
56 29 47
29 56 46
56 30 49
30 56 37
56 32 30
32 56 32
56 33 27
33 56 20
56 34 34
34 56 46
56 41 5
41 56 10
56 43 17
43 56 12
56 47 57
47 56 45
56 48 34
48 56 42
56 49 11
49 56 14
56 51 38
51 56 27
56 55 53
55 56 45
56 57 40
57 56 59
56 58 59
58 56 49
56 59 40
59 56 75
56 60 89
60 56 62
56 61 46
61 56 36
56 62 17
62 56 25
56 63 17
63 56 15
56 64 15
64 56 22
56 65 92
65 56 63
56 66 76
66 56 69
56 67 61
67 56 43
56 68 42
68 56 33
56 69 53
69 56 49
56 70 80
70 56 62
56 71 40
71 56 57
56 72 63
72 56 45
56 73 19
73 56 21
56 74 48
74 56 34
56 75 21
75 56 36
56 76 32
76 56 37
2 4 15
4 2 13
2 6 13
6 2 9
2 8 26
8 2 27
2 9 18
9 2 34
2 12 19
12 2 25
2 13 36
13 2 28
2 14 48
14 2 40
2 15 31
15 2 26
2 20 33
20 2 32
2 21 12
21 2 15
2 22 13
22 2 16
2 25 36
25 2 42
2 26 24
26 2 21
2 27 26
27 2 21
2 29 11
29 2 16
2 30 6
30 2 7
2 32 41
32 2 30
2 33 9
33 2 10
2 34 19
34 2 20
2 41 22
41 2 26
2 43 15
43 2 21
2 47 17
47 2 18
2 48 12
48 2 13
2 49 21
49 2 27
2 51 13
51 2 15
2 55 56
55 2 51
2 57 21
57 2 29
2 58 49
58 2 34
2 59 61
59 2 51
2 60 35
60 2 36
2 61 24
61 2 20
2 62 4
62 2 8
2 63 16
63 2 16
2 64 27
64 2 29
2 65 30
65 2 46
2 66 29
66 2 50
2 67 20
67 2 18
2 68 8
68 2 7
2 69 38
69 2 26
2 70 45
70 2 35
2 71 22
71 2 31
2 72 18
72 2 34
2 73 9
73 2 9
2 74 6
74 2 7
2 75 9
75 2 11
2 76 9
76 2 14
4 6 7
6 4 12
4 8 12
8 4 14
4 9 27
9 4 31
4 12 11
12 4 19
4 13 25
13 4 17
4 14 38
14 4 28
4 15 22
15 4 20
4 20 15
20 4 30
4 21 24
21 4 22
4 22 15
22 4 29
4 25 34
25 4 40
4 26 7
26 4 12
4 27 13
27 4 10
4 29 11
29 4 11
4 30 8
30 4 9
4 32 16
32 4 29
4 33 14
33 4 20
4 34 5
34 4 7
4 41 46
41 4 38
4 43 17
43 4 33
4 47 19
47 4 21
4 48 7
48 4 14
4 49 43
49 4 33
4 51 14
51 4 16
4 55 26
55 4 49
4 57 14
57 4 22
4 58 18
58 4 25
4 59 40
59 4 38
4 60 48
60 4 36
4 61 40
61 4 30
4 62 24
62 4 21
4 63 13
63 4 25
4 64 56
64 4 42
4 65 26
65 4 35
4 66 57
66 4 39
4 67 9
67 4 7
4 68 8
68 4 7
4 69 16
69 4 31
4 70 30
70 4 34
4 71 29
71 4 33
4 72 23
72 4 27
4 73 28
73 4 21
4 74 9
74 4 16
4 75 7
75 4 5
4 76 9
76 4 7
6 8 35
8 6 25
6 9 14
9 6 26
6 12 13
12 6 17
6 13 29
13 6 29
6 14 21
14 6 37
6 15 29
15 6 31
6 20 27
20 6 39
6 21 14
21 6 24
6 22 11
22 6 22
6 25 27
25 6 34
6 26 10
26 6 14
6 27 31
27 6 22
6 29 18
29 6 21
6 30 11
30 6 13
6 32 22
32 6 22
6 33 5
33 6 9
6 34 18
34 6 18
6 41 29
41 6 27
6 43 23
43 6 23
6 47 29
47 6 25
6 48 14
48 6 20
6 49 11
49 6 21
6 51 3
51 6 6
6 55 26
55 6 42
6 57 19
57 6 32
6 58 21
58 6 27
6 59 54
59 6 47
6 60 38
60 6 43
6 61 23
61 6 28
6 62 9
62 6 14
6 63 12
63 6 14
6 64 26
64 6 34
6 65 59
65 6 40
6 66 48
66 6 45
6 67 9
67 6 14
6 68 6
68 6 5
6 69 26
69 6 34
6 70 40
70 6 42
6 71 45
71 6 38
6 72 35
72 6 26
6 73 13
73 6 12
6 74 15
74 6 16
6 75 6
75 6 8
6 76 10
76 6 9
8 9 32
9 8 32
8 12 23
12 8 21
8 13 14
13 8 12
8 14 7
14 8 14
8 15 21
15 8 22
8 20 41
20 8 33
8 21 20
21 8 34
8 22 33
22 8 43
8 25 37
25 8 42
8 26 8
26 8 14
8 27 14
27 8 11
8 29 20
29 8 19
8 30 25
30 8 22
8 32 20
32 8 34
8 33 45
33 8 33
8 34 6
34 8 7
8 41 69
41 8 51
8 43 43
43 8 47
8 47 21
47 8 30
8 48 14
48 8 25
8 49 23
49 8 44
8 51 19
51 8 27
8 55 75
55 8 51
8 57 21
57 8 21
8 58 16
58 8 21
8 59 20
59 8 24
8 60 21
60 8 42
8 61 35
61 8 43
8 62 30
62 8 35
8 63 20
63 8 38
8 64 64
64 8 56
8 65 26
65 8 25
8 66 14
66 8 27
8 67 14
67 8 10
8 68 26
68 8 21
8 69 39
69 8 41
8 70 29
70 8 38
8 71 59
71 8 40
8 72 37
72 8 25
8 73 37
73 8 35
8 74 27
74 8 29
8 75 22
75 8 17
8 76 9
76 8 15
9 12 14
12 9 12
9 13 47
13 9 43
9 14 44
14 9 36
9 15 30
15 9 50
9 20 74
20 9 60
9 21 49
21 9 49
9 22 47
22 9 46
9 25 9
25 9 10
9 26 11
26 9 20
9 27 45
27 9 38
9 29 45
29 9 42
9 30 43
30 9 37
9 32 9
32 9 7
9 33 40
33 9 30
9 34 17
34 9 31
9 41 46
41 9 44
9 43 58
43 9 41
9 47 69
47 9 50
9 48 52
48 9 44
9 49 14
49 9 25
9 51 15
51 9 20
9 55 26
55 9 19
9 57 40
57 9 50
9 58 8
58 9 14
9 59 50
59 9 44
9 60 40
60 9 67
9 61 71
61 9 54
9 62 52
62 9 39
9 63 17
63 9 30
9 64 63
64 9 55
9 65 17
65 9 26
9 66 24
66 9 33
9 67 16
67 9 25
9 68 16
68 9 29
9 69 83
69 9 60
9 70 52
70 9 65
9 71 42
71 9 63
9 72 13
72 9 9
9 73 39
73 9 35
9 74 56
74 9 41
9 75 33
75 9 26
9 76 20
76 9 24
12 13 29
13 12 31
12 14 32
14 12 28
12 15 20
15 12 38
12 20 46
20 12 48
12 21 33
21 12 39
12 22 36
22 12 39
12 25 28
25 12 22
12 26 6
26 12 8
12 27 23
27 12 26
12 29 39
29 12 30
12 30 24
30 12 26
12 32 15
32 12 13
12 33 16
33 12 24
12 34 20
34 12 19
12 41 34
41 12 41
12 43 39
43 12 37
12 47 31
47 12 39
12 48 23
48 12 33
12 49 13
49 12 26
12 51 19
51 12 13
12 55 21
55 12 31
12 57 20
57 12 38
12 58 8
58 12 10
12 59 44
59 12 37
12 60 47
60 12 55
12 61 25
61 12 45
12 62 42
62 12 31
12 63 36
63 12 26
12 64 27
64 12 50
12 65 25
65 12 24
12 66 43
66 12 30
12 67 7
67 12 13
12 68 25
68 12 18
12 69 54
69 12 49
12 70 69
70 12 53
12 71 28
71 12 52
12 72 13
72 12 9
12 73 20
73 12 28
12 74 44
74 12 31
12 75 21
75 12 15
12 76 16
76 12 12
13 14 25
14 13 22
13 15 15
15 13 11
13 20 14
20 13 21
13 21 39
21 13 28
13 22 37
22 13 42
13 25 29
25 13 54
13 26 15
26 13 24
13 27 6
27 13 7
13 29 18
29 13 13
13 30 24
30 13 21
13 32 37
32 13 44
13 33 39
33 13 36
13 34 17
34 13 13
13 41 36
41 13 53
13 43 34
43 13 49
13 47 14
47 13 23
13 48 15
48 13 19
13 49 27
49 13 50
13 51 48
51 13 33
13 55 53
55 13 63
13 57 6
57 13 9
13 58 45
58 13 33
13 59 41
59 13 30
13 60 30
60 13 31
13 61 32
61 13 38
13 62 39
62 13 35
13 63 38
63 13 42
13 64 40
64 13 56
13 65 26
65 13 37
13 66 37
66 13 37
13 67 12
67 13 18
13 68 29
68 13 24
13 69 26
69 13 33
13 70 27
70 13 27
13 71 19
71 13 30
13 72 34
72 13 37
13 73 39
73 13 37
13 74 38
74 13 26
13 75 17
75 13 22
13 76 33
76 13 23
14 15 33
15 14 33
14 20 50
20 14 43
14 21 57
21 14 48
14 22 56
22 14 57
14 25 58
25 14 46
14 26 31
26 14 24
14 27 22
27 14 24
14 29 39
29 14 33
14 30 29
30 14 36
14 32 50
32 14 40
14 33 59
33 14 46
14 34 21
34 14 21
14 41 70
41 14 64
14 43 50
43 14 60
14 47 54
47 14 44
14 48 27
48 14 39
14 49 71
49 14 53
14 51 44
51 14 38
14 55 31
55 14 54
14 57 35
57 14 30
14 58 26
58 14 22
14 59 11
59 14 11
14 60 34
60 14 53
14 61 53
61 14 57
14 62 37
62 14 49
14 63 46
63 14 50
14 64 52
64 14 70
14 65 11
65 14 18
14 66 22
66 14 16
14 67 14
67 14 23
14 68 34
68 14 34
14 69 37
69 14 54
14 70 25
70 14 49
14 71 31
71 14 52
14 72 20
72 14 27
14 73 63
73 14 48
14 74 64
74 14 43
14 75 31
75 14 30
14 76 27
76 14 28
15 20 8
20 15 11
15 21 16
21 15 21
15 22 32
22 15 38
15 25 62
25 15 60
15 26 20
26 15 30
15 27 12
27 15 12
15 29 13
29 15 10
15 30 24
30 15 19
15 32 29
32 15 49
15 33 38
33 15 36
15 34 15
34 15 20
15 41 37
41 15 50
15 43 65
43 15 46
15 47 14
47 15 15
15 48 17
48 15 14
15 49 27
49 15 52
15 51 50
51 15 36
15 55 73
55 15 69
15 57 4
57 15 4
15 58 56
58 15 42
15 59 51
59 15 41
15 60 19
60 15 20
15 61 37
61 15 32
15 62 28
62 15 32
15 63 33
63 15 42
15 64 30
64 15 51
15 65 48
65 15 48
15 66 49
66 15 48
15 67 19
67 15 25
15 68 35
68 15 25
15 69 15
69 15 23
15 70 9
70 15 16
15 71 23
71 15 19
15 72 49
72 15 45
15 73 51
73 15 35
15 74 23
74 15 22
15 75 23
75 15 25
15 76 35
76 15 27
20 21 20
21 20 22
20 22 52
22 20 40
20 25 63
25 20 70
20 26 29
26 20 41
20 27 24
27 20 23
20 29 14
29 20 18
20 30 23
30 20 26
20 32 61
32 20 58
20 33 42
33 20 43
20 34 41
34 20 31
20 41 77
41 20 54
20 43 34
43 20 50
20 47 10
47 20 16
20 48 11
48 20 19
20 49 62
49 20 59
20 51 55
51 20 44
20 55 89
55 20 79
20 57 11
57 20 13
20 58 40
58 20 53
20 59 47
59 20 50
20 60 11
60 20 10
20 61 45
61 20 31
20 62 41
62 20 36
20 63 48
63 20 48
20 64 39
64 20 52
20 65 69
65 20 58
20 66 53
66 20 59
20 67 26
67 20 35
20 68 17
68 20 34
20 69 17
69 20 19
20 70 3
70 20 6
20 71 11
71 20 11
20 72 78
72 20 55
20 73 39
73 20 40
20 74 38
74 20 27
20 75 30
75 20 34
20 76 51
76 20 36
21 22 16
22 21 18
21 25 35
25 21 58
21 26 19
26 21 33
21 27 29
27 21 24
21 29 10
29 21 15
21 30 17
30 21 13
21 32 40
32 21 46
21 33 22
33 21 24
21 34 33
34 21 28
21 41 21
41 21 32
21 43 25
43 21 28
21 47 3
47 21 6
21 48 10
48 21 9
21 49 22
49 21 41
21 51 40
51 21 30
21 55 79
55 21 66
21 57 16
57 21 25
21 58 29
58 21 47
21 59 85
59 21 57
21 60 18
60 21 22
21 61 15
61 21 11
21 62 12
62 21 15
21 63 24
63 21 29
21 64 38
64 21 30
21 65 49
65 21 57
21 66 85
66 21 60
21 67 43
67 21 29
21 68 14
68 21 21
21 69 7
69 21 11
21 70 12
70 21 22
21 71 21
71 21 17
21 72 54
72 21 48
21 73 15
73 21 20
21 74 7
74 21 8
21 75 31
75 21 24
21 76 17
76 21 27
22 25 61
25 22 52
22 26 45
26 22 36
22 27 46
27 22 36
22 29 36
29 22 29
22 30 22
30 22 21
22 32 26
32 22 40
22 33 17
33 22 16
22 34 33
34 22 36
22 41 16
41 22 15
22 43 14
43 22 12
22 47 16
47 22 24
22 48 31
48 22 23
22 49 24
49 22 29
22 51 20
51 22 26
22 55 34
55 22 59
22 57 39
57 22 41
22 58 39
58 22 49
22 59 94
59 22 67
22 60 36
60 22 39
22 61 16
61 22 12
22 62 6
62 22 8
22 63 9
63 22 18
22 64 8
64 22 14
22 65 31
65 22 62
22 66 80
66 22 67
22 67 31
67 22 35
22 68 31
68 22 23
22 69 29
69 22 26
22 70 21
70 22 40
22 71 47
71 22 34
22 72 57
72 22 48
22 73 9
73 22 11
22 74 15
74 22 15
22 75 28
75 22 27
22 76 42
76 22 30
25 26 18
26 25 30
25 27 24
27 25 48
25 29 44
29 25 52
25 30 52
30 25 46
25 32 17
32 25 12
25 33 50
33 25 36
25 34 49
34 25 41
25 41 42
41 25 47
25 43 36
43 25 45
25 47 82
47 25 59
25 48 30
48 25 53
25 49 23
49 25 26
25 51 27
51 25 28
25 55 9
55 25 9
25 57 45
57 25 60
25 58 30
58 25 23
25 59 33
59 25 53
25 60 54
60 25 76
25 61 74
61 25 61
25 62 42
62 25 45
25 63 31
63 25 34
25 64 48
64 25 59
25 65 44
65 25 34
25 66 60
66 25 41
25 67 48
67 25 36
25 68 44
68 25 37
25 69 39
69 25 68
25 70 88
70 25 74
25 71 92
71 25 72
25 72 22
72 25 18
25 73 37
73 25 41
25 74 40
74 25 50
25 75 29
75 25 35
25 76 33
76 25 33
26 27 11
27 26 18
26 29 14
29 26 23
26 30 25
30 26 20
26 32 26
32 26 20
26 33 25
33 26 23
26 34 11
34 26 11
26 41 48
41 26 41
26 43 37
43 26 37
26 47 28
47 26 32
26 48 25
48 26 26
26 49 27
49 26 30
26 51 9
51 26 14
26 55 22
55 26 39
26 57 40
57 26 30
26 58 12
58 26 14
26 59 42
59 26 34
26 60 65
60 26 48
26 61 54
61 26 40
26 62 34
62 26 28
26 63 17
63 26 26
26 64 29
64 26 49
26 65 14
65 26 26
26 66 34
66 26 31
26 67 8
67 26 6
26 68 12
68 26 13
26 69 39
69 26 43
26 70 58
70 26 45
26 71 58
71 26 45
26 72 16
72 26 15
26 73 37
73 26 26
26 74 14
74 26 26
26 75 10
75 26 9
26 76 3
76 26 6
27 29 5
29 27 9
27 30 13
30 27 14
27 32 34
32 27 38
27 33 37
33 27 29
27 34 6
34 27 8
27 41 25
41 27 46
27 43 57
43 27 42
27 47 24
47 27 20
27 48 12
48 27 15
27 49 59
49 27 43
27 51 27
51 27 26
27 55 68
55 27 58
27 57 9
57 27 12
27 58 18
58 27 30
27 59 40
59 27 34
27 60 26
60 27 31
27 61 30
61 27 34
27 62 25
62 27 28
27 63 50
63 27 35
27 64 40
64 27 49
27 65 34
65 27 36
27 66 28
66 27 38
27 67 8
67 27 13
27 68 19
68 27 17
27 69 41
69 27 30
27 70 27
70 27 28
27 71 24
71 27 29
27 72 36
72 27 33
27 73 41
73 27 30
27 74 15
74 27 20
27 75 9
75 27 15
27 76 18
76 27 16
29 30 10
30 29 9
29 32 53
32 29 40
29 33 13
33 29 26
29 34 19
34 29 14
29 41 43
41 29 41
29 43 48
43 29 37
29 47 11
47 29 11
29 48 3
48 29 6
29 49 62
49 29 42
29 51 34
51 29 26
29 55 75
55 29 61
29 57 15
57 29 13
29 58 26
58 29 36
29 59 29
59 29 42
29 60 24
60 29 25
29 61 18
61 29 25
29 62 32
62 29 23
29 63 36
63 29 32
29 64 51
64 29 43
29 65 65
65 29 44
29 66 47
66 29 46
29 67 23
67 29 17
29 68 17
68 29 16
29 69 27
69 29 22
29 70 29
70 29 23
29 71 32
71 29 22
29 72 19
72 29 38
29 73 17
73 29 25
29 74 15
74 29 13
29 75 16
75 29 16
29 76 26
76 29 18
30 32 47
32 30 34
30 33 13
33 30 17
30 34 14
34 30 16
30 41 24
41 30 32
30 43 22
43 30 28
30 47 13
47 30 13
30 48 10
48 30 7
30 49 30
49 30 33
30 51 12
51 30 19
30 55 77
55 30 55
30 57 22
57 30 22
30 58 30
58 30 34
30 59 59
59 30 47
30 60 31
60 30 30
30 61 23
61 30 21
30 62 13
62 30 14
30 63 21
63 30 23
30 64 24
64 30 35
30 65 53
65 30 45
30 66 64
66 30 48
30 67 9
67 30 16
30 68 11
68 30 9
30 69 30
69 30 23
30 70 23
70 30 29
30 71 13
71 30 26
30 72 28
72 30 35
30 73 8
73 30 16
30 74 8
74 30 7
30 75 11
75 30 11
30 76 14
76 30 14
32 33 14
33 32 24
32 34 34
34 32 31
32 41 45
41 32 37
32 43 50
43 32 35
32 47 26
47 32 47
32 48 27
48 32 41
32 49 9
49 32 18
32 51 23
51 32 16
32 55 20
55 32 21
32 57 44
57 32 50
32 58 27
58 32 19
32 59 59
59 32 49
32 60 47
60 32 64
32 61 46
61 32 49
32 62 34
62 32 34
32 63 30
63 32 23
32 64 29
64 32 48
32 65 26
65 32 33
32 66 50
66 32 40
32 67 18
67 32 25
32 68 33
68 32 26
32 69 82
69 32 56
32 70 54
70 32 63
32 71 67
71 32 60
32 72 21
72 32 15
32 73 33
73 32 29
32 74 54
74 32 38
32 75 27
75 32 24
32 76 23
76 32 22
33 34 13
34 33 26
33 41 21
41 33 18
33 43 16
43 33 14
33 47 18
47 33 28
33 48 34
48 33 23
33 49 12
49 33 17
33 51 11
51 33 10
33 55 29
55 33 44
33 57 40
57 33 39
33 58 35
58 33 34
33 59 68
59 33 56
33 60 48
60 33 45
33 61 36
61 33 25
33 62 11
62 33 10
33 63 6
63 33 6
33 64 30
64 33 26
33 65 48
65 33 47
33 66 49
66 33 53
33 67 26
67 33 23
33 68 15
68 33 13
33 69 35
69 33 35
33 70 58
70 33 45
33 71 46
71 33 41
33 72 22
72 33 32
33 73 3
73 33 5
33 74 10
74 33 17
33 75 13
75 33 16
33 76 15
76 33 18
34 41 60
41 34 44
34 43 37
43 34 40
34 47 26
47 34 25
34 48 25
48 34 19
34 49 28
49 34 38
34 51 17
51 34 21
34 55 34
55 34 50
34 57 11
57 34 20
34 58 32
58 34 22
34 59 23
59 34 31
34 60 20
60 34 39
34 61 42
61 34 37
34 62 32
62 34 28
34 63 40
63 34 32
34 64 36
64 34 49
34 65 42
65 34 30
34 66 18
66 34 33
34 67 4
67 34 5
34 68 10
68 34 14
34 69 24
69 34 36
34 70 47
70 34 36
34 71 51
71 34 36
34 72 19
72 34 25
34 73 33
73 34 28
34 74 22
74 34 22
34 75 14
75 34 10
34 76 5
76 34 10
41 43 3
43 41 4
41 47 34
47 41 38
41 48 31
48 41 36
41 49 29
49 41 21
41 51 40
51 41 28
41 55 65
55 41 53
41 57 37
57 41 54
41 58 53
58 41 51
41 59 85
59 41 74
41 60 43
60 41 54
41 61 24
61 41 26
41 62 24
62 41 18
41 63 8
63 41 15
41 64 8
64 41 12
41 65 64
65 41 65
41 66 53
66 41 71
41 67 37
67 41 41
41 68 20
68 41 30
41 69 37
69 41 40
41 70 49
70 41 55
41 71 64
71 41 49
41 72 59
72 41 49
41 73 11
73 41 16
41 74 28
74 41 28
41 75 29
75 41 34
41 76 46
76 41 36
43 47 18
47 43 34
43 48 40
48 43 32
43 49 10
49 43 19
43 51 15
51 43 24
43 55 47
55 43 51
43 57 50
57 43 50
43 58 35
58 43 48
43 59 61
59 43 70
43 60 49
60 43 50
43 61 33
61 43 24
43 62 9
62 43 14
43 63 11
63 43 12
43 64 10
64 43 14
43 65 58
65 43 61
43 66 35
66 43 67
43 67 46
67 43 37
43 68 35
68 43 26
43 69 27
69 43 37
43 70 74
70 43 51
43 71 32
71 43 45
43 72 41
72 43 45
43 73 6
73 43 12
43 74 27
74 43 24
43 75 42
75 43 30
43 76 38
76 43 32
47 48 5
48 47 6
47 49 64
49 47 44
47 51 32
51 47 32
47 55 89
55 47 68
47 57 27
57 47 19
47 58 27
58 47 46
47 59 32
59 47 53
47 60 11
60 47 18
47 61 24
61 47 17
47 62 12
62 47 21
47 63 29
63 47 34
47 64 48
64 47 36
47 65 35
65 47 55
47 66 81
66 47 57
47 67 22
67 47 27
47 68 15
68 47 22
47 69 6
69 47 11
47 70 13
70 47 17
47 71 15
71 47 13
47 72 53
72 47 47
47 73 26
73 47 25
47 74 7
74 47 11
47 75 17
75 47 24
47 76 26
76 47 27
48 49 34
49 48 40
48 51 38
51 48 26
48 55 43
55 48 62
48 57 18
57 48 18
48 58 36
58 48 40
48 59 56
59 48 48
48 60 33
60 48 23
48 61 10
61 48 19
48 62 18
62 48 18
48 63 40
63 48 29
48 64 43
64 48 37
48 65 73
65 48 49
48 66 34
66 48 52
48 67 19
67 48 21
48 68 14
68 48 16
48 69 21
69 48 17
48 70 25
70 48 22
48 71 10
71 48 19
48 72 29
72 48 41
48 73 15
73 48 21
48 74 11
74 48 8
48 75 20
75 48 18
48 76 18
76 48 21
49 51 25
51 49 17
49 55 26
55 49 32
49 57 29
57 49 54
49 58 27
58 49 36
49 59 50
59 49 64
49 60 79
60 49 62
49 61 50
61 49 40
49 62 31
62 49 25
49 63 11
63 49 11
49 64 30
64 49 33
49 65 68
65 49 50
49 66 59
66 49 56
49 67 30
67 49 33
49 68 31
68 49 26
49 69 27
69 49 51
49 70 42
70 49 62
49 71 78
71 49 57
49 72 38
72 49 32
49 73 12
73 49 20
49 74 29
74 49 33
49 75 20
75 49 28
49 76 33
76 49 28
51 55 45
55 51 36
51 57 51
57 51 38
51 58 29
58 51 24
51 59 49
59 51 48
51 60 41
60 51 49
51 61 33
61 51 34
51 62 19
62 51 19
51 63 7
63 51 13
51 64 38
64 51 37
51 65 30
65 51 37
51 66 64
66 51 43
51 67 8
67 51 16
51 68 12
68 51 11
51 69 30
69 51 41
51 70 42
70 51 48
51 71 61
71 51 45
51 72 31
72 51 22
51 73 13
73 51 15
51 74 14
74 51 22
51 75 12
75 51 11
51 76 14
76 51 11
55 57 102
57 55 70
55 58 26
58 55 32
55 59 59
59 55 60
55 60 43
60 55 85
55 61 77
61 55 69
55 62 41
62 55 54
55 63 50
63 55 41
55 64 92
64 55 65
55 65 54
65 55 40
55 66 57
66 55 47
55 67 43
67 55 45
55 68 51
68 55 46
55 69 108
69 55 77
55 70 89
70 55 84
55 71 85
71 55 81
55 72 19
72 55 27
55 73 34
73 55 49
55 74 64
74 55 58
55 75 37
75 55 45
55 76 53
76 55 42
57 58 42
58 57 41
57 59 55
59 57 37
57 60 18
60 57 23
57 61 20
61 57 36
57 62 52
62 57 36
57 63 25
63 57 45
57 64 34
64 57 55
57 65 28
65 57 46
57 66 40
66 57 46
57 67 14
67 57 25
57 68 37
68 57 28
57 69 28
69 57 27
57 70 21
70 57 19
57 71 29
71 57 23
57 72 29
72 57 45
57 73 35
73 57 38
57 74 33
74 57 26
57 75 34
75 57 27
57 76 32
76 57 28
58 59 20
59 58 30
58 60 83
60 58 61
58 61 76
61 58 54
58 62 38
62 58 41
58 63 19
63 58 36
58 64 52
64 58 60
58 65 17
65 58 14
58 66 20
66 58 21
58 67 18
67 58 19
58 68 26
68 58 27
58 69 82
69 58 57
58 70 35
70 58 58
58 71 33
71 58 58
58 72 5
72 58 5
58 73 39
73 58 38
58 74 25
74 58 40
58 75 13
75 58 23
58 76 18
76 58 20
59 60 51
60 59 60
59 61 97
61 59 67
59 62 61
62 59 59
59 63 39
63 59 60
59 64 115
64 59 80
59 65 17
65 59 21
59 66 15
66 59 15
59 67 45
67 59 33
59 68 52
68 59 44
59 69 77
69 59 63
59 70 64
70 59 56
59 71 56
71 59 60
59 72 30
72 59 35
59 73 64
73 59 58
59 74 64
74 59 53
59 75 35
75 59 40
59 76 26
76 59 38
60 61 33
61 60 28
60 62 26
62 60 38
60 63 55
63 60 51
60 64 55
64 60 49
60 65 86
65 60 67
60 66 91
66 60 68
60 67 49
67 60 42
60 68 42
68 60 39
60 69 13
69 60 14
60 70 2
70 60 4
60 71 4
71 60 5
60 72 46
72 60 63
60 73 46
73 60 42
60 74 38
74 60 29
60 75 55
75 60 41
60 76 29
76 60 43
61 62 12
62 61 15
61 63 41
63 61 29
61 64 17
64 61 21
61 65 75
65 61 66
61 66 35
66 61 69
61 67 55
67 61 37
61 68 30
68 61 27
61 69 12
69 61 14
61 70 26
70 61 30
61 71 25
71 61 23
61 72 77
72 61 54
61 73 14
73 61 20
61 74 13
74 61 15
61 75 32
75 61 31
61 76 50
76 61 34
62 63 18
63 62 14
62 64 30
64 62 21
62 65 71
65 62 54
62 66 43
66 62 59
62 67 15
67 62 27
62 68 19
68 62 15
62 69 29
69 62 26
62 70 27
70 62 38
62 71 40
71 62 33
62 72 33
72 62 40
62 73 4
73 62 5
62 74 12
74 62 10
62 75 24
75 62 19
62 76 11
76 62 22
63 64 34
64 63 25
63 65 63
65 63 50
63 66 72
66 63 56
63 67 38
67 63 28
63 68 12
68 63 18
63 69 49
69 63 40
63 70 43
70 63 51
63 71 59
71 63 46
63 72 44
72 63 34
63 73 5
73 63 9
63 74 21
74 63 22
63 75 13
75 63 21
63 76 19
76 63 22
64 65 86
65 64 74
64 66 40
66 64 79
64 67 32
67 64 48
64 68 27
68 64 36
64 69 48
69 64 35
64 70 34
70 64 51
64 71 62
71 64 44
64 72 57
72 64 59
64 73 16
73 64 22
64 74 21
74 64 29
64 75 27
75 64 40
64 76 41
76 64 43
65 66 5
66 65 7
65 67 17
67 65 28
65 68 44
68 65 39
65 69 56
69 65 66
65 70 94
70 65 64
65 71 72
71 65 66
65 72 14
72 65 18
65 73 52
73 65 51
65 74 35
74 65 51
65 75 32
75 65 34
65 76 35
76 65 32
66 67 33
67 66 32
66 68 46
68 66 43
66 69 40
69 66 68
66 70 77
70 66 65
66 71 40
71 66 67
66 72 35
72 66 25
66 73 66
73 66 57
66 74 31
74 66 55
66 75 28
75 66 39
66 76 25
76 66 36
67 68 10
68 67 11
67 69 34
69 67 38
67 70 25
70 67 40
67 71 31
71 67 40
67 72 17
72 67 21
67 73 30
73 67 25
67 74 13
74 67 23
67 75 5
75 67 7
67 76 3
76 67 5
68 69 46
69 68 31
68 70 30
70 68 38
68 71 30
71 68 35
68 72 31
72 68 27
68 73 16
73 68 14
68 74 17
74 68 13
68 75 5
75 68 4
68 76 10
76 68 7
69 70 13
70 69 16
69 71 10
71 69 9
69 72 33
72 69 58
69 73 32
73 69 30
69 74 17
74 69 19
69 75 25
75 69 34
69 76 50
76 69 37
70 71 7
71 70 8
70 72 59
72 70 61
70 73 40
73 70 42
70 74 31
74 70 29
70 75 53
75 70 39
70 76 61
76 70 41
71 72 59
72 71 60
71 73 40
73 71 37
71 74 35
74 71 24
71 75 40
75 71 37
71 76 55
76 71 40
72 73 53
73 72 37
72 74 36
74 72 40
72 75 18
75 72 24
72 76 21
76 72 21
73 74 12
74 73 14
73 75 12
75 73 18
73 76 22
76 73 21
74 75 9
75 74 17
74 76 23
76 74 20
75 76 4
76 75 3
