1 12 13 0 650

173 174

1 4 4 37 52

2 11 49 49
3 11 52 64
4 13 20 26
6 14 21 47
8 17 31 62
9 11 52 33
10 17 51 21
12 12 31 32
17 13 27 23
18 17 17 33
23 17 16 57
24 15 8 52
5 16 40 30
7 12 17 63
11 14 42 41
13 11 5 25
14 12 12 42
15 13 36 16
16 17 52 41
19 13 13 13
20 17 57 58
21 14 62 42
22 12 42 57
25 12 7 38
26 17 27 68


1 2 11
2 1 12
1 3 17
3 1 19
1 4 27
4 1 31
1 6 12
6 1 17
1 8 16
8 1 12
1 9 29
9 1 24
1 10 42
10 1 34
1 12 18
12 1 21
1 17 35
17 1 31
1 18 25
18 1 28
1 23 18
23 1 22
1 24 31
24 1 29
1 5 17
5 1 22
1 7 22
7 1 23
1 11 8
11 1 12
1 13 50
13 1 42
1 14 16
14 1 27
1 15 51
15 1 36
1 16 27
16 1 19
1 19 38
19 1 46
1 20 28
20 1 21
1 21 16
21 1 27
1 22 9
22 1 7
1 25 44
25 1 33
1 26 10
26 1 19
2 3 10
3 2 15
2 4 47
4 2 37
2 6 31
6 2 28
2 8 22
8 2 22
2 9 17
9 2 16
2 10 38
10 2 28
2 12 28
12 2 25
2 17 33
17 2 34
2 18 22
18 2 36
2 23 37
23 2 34
2 24 38
24 2 41
2 5 25
5 2 21
2 7 28
7 2 35
2 11 8
11 2 11
2 13 68
13 2 50
2 14 40
14 2 38
2 15 22
15 2 35
2 16 5
16 2 9
2 19 45
19 2 51
2 20 17
20 2 12
2 21 17
21 2 15
2 22 14
22 2 11
2 25 55
25 2 43
2 26 38
26 2 29
3 4 54
4 3 50
3 6 21
6 3 35
3 8 30
8 3 21
3 9 28
9 3 31
3 10 24
10 3 43
3 12 38
12 3 38
3 17 53
17 3 48
3 18 64
18 3 47
3 23 36
23 3 37
3 24 28
24 3 46
3 5 39
5 3 36
3 7 29
7 3 35
3 11 24
11 3 25
3 13 60
13 3 61
3 14 53
14 3 45
3 15 28
15 3 51
3 16 15
16 3 23
3 19 77
19 3 64
3 20 10
20 3 8
3 21 15
21 3 24
3 22 13
22 3 12
3 25 30
25 3 51
3 26 16
26 3 25
4 6 25
6 4 21
4 8 42
8 4 38
4 9 45
9 4 32
4 10 21
10 4 31
4 12 18
12 4 13
4 17 9
17 4 8
4 18 8
18 4 8
4 23 23
23 4 31
4 24 25
24 4 29
4 5 14
5 4 20
4 7 33
7 4 37
4 11 15
11 4 27
4 13 10
13 4 15
4 14 22
14 4 18
4 15 17
15 4 19
4 16 29
16 4 35
4 19 11
19 4 15
4 20 44
20 4 49
4 21 24
21 4 45
4 22 34
22 4 38
4 25 21
25 4 18
4 26 42
26 4 43
6 8 10
8 6 18
6 9 39
9 6 34
6 10 28
10 6 40
6 12 14
12 6 18
6 17 23
17 6 25
6 18 21
18 6 15
6 23 15
23 6 11
6 24 14
24 6 14
6 5 13
5 6 25
6 7 15
7 6 16
6 11 17
11 6 22
6 13 28
13 6 27
6 14 9
14 6 10
6 15 46
15 6 34
6 16 43
16 6 32
6 19 31
19 6 35
6 20 28
20 6 38
6 21 61
21 6 41
6 22 31
22 6 23
6 25 10
25 6 16
6 26 21
26 6 22
8 9 20
9 8 36
8 10 62
10 8 46
8 12 34
12 8 30
8 17 56
17 8 39
8 18 26
18 8 32
8 23 14
23 8 16
8 24 28
24 8 25
8 5 22
5 8 33
8 7 12
7 8 14
8 11 16
11 8 24
8 13 25
13 8 45
8 14 38
14 8 28
8 15 65
15 8 46
8 16 37
16 8 30
8 19 77
19 8 52
8 20 34
20 8 26
8 21 35
21 8 37
8 22 11
22 8 12
8 25 37
25 8 34
8 26 8
26 8 7
9 10 11
10 9 12
9 12 15
12 9 21
9 17 40
17 9 27
9 18 28
18 9 35
9 23 41
23 9 43
9 24 29
24 9 48
9 5 15
5 9 12
9 7 52
7 9 46
9 11 17
11 9 13
9 13 62
13 9 48
9 14 49
14 9 41
9 15 17
15 9 23
9 16 4
16 9 8
9 19 55
19 9 44
9 20 34
20 9 25
9 21 15
21 9 13
9 22 15
22 9 26
9 25 28
25 9 45
9 26 59
26 9 43
10 12 24
12 10 23
10 17 13
17 10 24
10 18 28
18 10 36
10 23 64
23 10 50
10 24 35
24 10 53
10 5 20
5 10 14
10 7 58
7 10 54
10 11 11
11 10 22
10 13 32
13 10 46
10 14 63
14 10 44
10 15 22
15 10 16
10 16 18
16 10 20
10 19 34
19 10 39
10 20 40
20 10 37
10 21 32
21 10 24
10 22 33
22 10 37
10 25 60
25 10 47
10 26 48
26 10 53
12 17 7
17 12 10
12 18 19
18 12 14
12 23 36
23 12 29
12 24 16
24 12 30
12 5 8
5 12 9
12 7 22
7 12 34
12 11 19
11 12 14
12 13 15
13 12 27
12 14 23
14 12 21
12 15 13
15 12 17
12 16 27
16 12 23
12 19 19
19 12 26
12 20 30
20 12 37
12 21 35
21 12 33
12 22 34
22 12 27
12 25 24
25 12 25
12 26 28
26 12 36
17 18 19
18 17 14
17 23 49
23 17 36
17 24 21
24 17 35
17 5 10
5 17 15
17 7 53
7 17 41
17 11 34
11 17 23
17 13 19
13 17 22
17 14 24
14 17 24
17 15 14
15 17 11
17 16 32
16 17 31
17 19 13
19 17 17
17 20 40
20 17 46
17 21 23
21 17 40
17 22 43
22 17 37
17 25 15
25 17 25
17 26 31
26 17 45
18 23 14
23 18 24
18 24 25
24 18 21
18 5 14
5 18 23
18 7 28
7 18 30
18 11 22
11 18 26
18 13 14
13 18 14
18 14 10
14 18 10
18 15 13
15 18 25
18 16 50
16 18 36
18 19 12
19 18 20
18 20 69
20 18 47
18 21 28
21 18 46
18 22 31
22 18 35
18 25 9
25 18 11
18 26 37
26 18 36
23 24 6
24 23 9
23 5 50
5 23 36
23 7 4
7 23 6
23 11 32
11 23 31
23 13 26
13 23 34
23 14 11
14 23 16
23 15 57
15 23 46
23 16 58
16 23 39
23 19 57
19 23 44
23 20 25
20 23 41
23 21 67
21 23 48
23 22 17
22 23 26
23 25 25
25 23 21
23 26 8
26 23 16
24 5 36
5 24 39
24 7 15
7 24 14
24 11 40
11 24 36
24 13 32
13 24 27
24 14 15
14 24 11
24 15 57
15 24 46
24 16 30
16 24 45
24 19 23
19 24 39
24 20 55
20 24 49
24 21 68
21 24 55
24 22 36
22 24 34
24 25 20
25 24 14
24 26 15
26 24 25
5 7 23
7 5 40
5 11 14
11 5 11
5 13 28
13 5 35
5 14 19
14 5 30
5 15 15
15 5 15
5 16 14
16 5 16
5 19 35
19 5 32
5 20 26
20 5 33
5 21 16
21 5 25
5 22 23
22 5 27
5 25 47
25 5 34
5 26 40
26 5 40
7 11 34
11 7 33
7 13 40
13 7 40
7 14 27
14 7 22
7 15 27
15 7 51
7 16 59
16 7 41
7 19 33
19 7 50
7 20 43
20 7 40
7 21 32
21 7 50
7 22 16
22 7 26
7 25 40
25 7 27
7 26 7
26 7 11
11 13 40
13 11 40
11 14 18
14 11 30
11 15 22
15 11 26
11 16 6
16 11 10
11 19 55
19 11 40
11 20 12
20 11 23
11 21 13
21 11 20
11 22 20
22 11 16
11 25 34
25 11 35
11 26 17
26 11 31
13 14 24
14 13 18
13 15 45
15 13 32
13 16 71
16 13 50
13 19 14
19 13 14
13 20 60
20 13 61
13 21 51
21 13 59
13 22 46
22 13 49
13 25 17
25 13 13
13 26 55
26 13 48
14 15 19
15 14 35
14 16 33
16 14 40
14 19 32
19 14 29
14 20 54
20 14 48
14 21 32
21 14 50
14 22 41
22 14 34
14 25 6
25 14 6
14 26 26
26 14 30
15 16 32
16 15 30
15 19 18
19 15 23
15 20 38
20 15 47
15 21 19
21 15 37
15 22 48
22 15 41
15 25 21
25 15 36
15 26 68
26 15 53
16 19 66
19 16 48
16 20 22
20 16 18
16 21 5
21 16 10
16 22 21
22 16 19
16 25 66
25 16 45
16 26 28
26 16 37
19 20 44
20 19 63
19 21 59
21 19 57
19 22 46
22 19 53
19 25 34
25 19 26
19 26 78
26 19 57
20 21 25
21 20 17
20 22 10
22 20 15
20 25 44
25 20 54
20 26 24
26 20 32
21 22 15
22 21 25
21 25 54
25 21 55
21 26 30
26 21 44
22 25 55
25 22 40
22 26 22
26 22 19
25 26 27
26 25 36
