1 42 14 19 5700

279 290

76 5 7 22 22

1 9 36 26
2 9 21 45
3 8 45 35
4 9 55 20
5 12 33 34
7 9 55 45
9 11 40 66
10 12 55 65
11 10 35 51
12 12 62 35
13 11 62 57
14 11 62 24
15 12 21 36
16 10 33 44
18 11 62 48
19 9 66 14
20 9 44 13
21 10 26 13
22 11 11 28
24 9 17 64
26 12 55 34
27 12 35 16
28 10 52 26
29 8 43 26
30 12 31 76
31 11 22 53
32 9 26 29
34 8 55 50
39 8 30 50
40 10 12 17
41 10 15 14
42 9 16 19
43 10 21 48
44 11 50 30
45 10 51 42
46 12 50 15
48 12 12 38
50 10 29 39
51 10 54 38
53 12 67 41
55 12 6 25
56 11 65 27
6 10 50 50
8 12 26 59
17 10 9 56
23 9 7 43
25 12 41 46
33 9 50 40
35 10 54 10
36 12 60 15
37 12 47 66
38 12 30 60
47 9 48 21
49 10 15 56
52 10 55 57
54 10 10 70

57 40 60
58 70 64
59 64 4
60 36 6
61 30 20
62 20 30
63 15 5
64 50 70
65 57 72
66 45 42
67 38 33
68 50 4
69 66 8
70 59 5
71 35 60
72 27 24
73 40 20
74 40 37
75 40 40

76 1 19
1 76 15
76 2 21
2 76 23
76 3 20
3 76 26
76 4 44
4 76 33
76 5 10
5 76 16
76 7 45
7 76 40
76 9 25
9 76 48
76 10 52
10 76 54
76 11 35
11 76 32
76 12 60
12 76 42
76 13 35
13 76 53
76 14 42
14 76 40
76 15 19
15 76 14
76 16 34
16 76 25
76 18 49
18 76 47
76 19 25
19 76 45
76 20 23
20 76 24
76 21 14
21 76 10
76 22 12
22 76 13
76 24 46
24 76 42
76 26 21
26 76 35
76 27 11
27 76 14
76 28 18
28 76 30
76 29 11
29 76 21
76 30 66
30 76 55
76 31 19
31 76 31
76 32 10
32 76 8
76 34 64
34 76 43
76 39 38
39 76 29
76 40 13
40 76 11
76 41 13
41 76 11
76 42 4
42 76 7
76 43 15
43 76 26
76 44 36
44 76 29
76 45 32
45 76 35
76 46 27
46 76 29
76 48 16
48 76 19
76 50 25
50 76 18
76 51 44
51 76 35
76 53 33
53 76 48
76 55 21
55 76 16
76 56 26
56 76 43
76 6 56
6 76 39
76 8 27
8 76 37
76 17 53
17 76 36
76 23 31
23 76 26
76 25 41
25 76 30
76 33 43
33 76 33
76 35 19
35 76 34
76 36 56
36 76 39
76 37 65
37 76 51
76 38 57
38 76 39
76 47 19
47 76 26
76 49 30
49 76 35
76 52 65
52 76 48
76 54 48
54 76 49
76 57 23
57 76 42
76 58 65
58 76 63
76 59 25
59 76 45
76 60 26
60 76 21
76 61 6
61 76 8
76 62 5
62 76 8
76 63 26
63 76 18
76 64 33
64 76 55
76 65 36
65 76 61
76 66 35
66 76 30
76 67 22
67 76 19
76 68 24
68 76 33
76 69 34
69 76 46
76 70 27
70 76 40
76 71 37
71 76 40
76 72 6
72 76 5
76 73 14
73 76 18
76 74 21
74 76 23
76 75 34
75 76 25
1 2 26
2 1 24
1 3 18
3 1 13
1 4 23
4 1 20
1 5 5
5 1 9
1 7 38
7 1 27
1 9 30
9 1 40
1 10 40
10 1 43
1 11 36
11 1 25
1 12 29
12 1 28
1 13 22
13 1 40
1 14 34
14 1 26
1 15 23
15 1 18
1 16 15
16 1 18
1 18 29
18 1 34
1 19 36
19 1 32
1 20 9
20 1 15
1 21 13
21 1 16
1 22 31
22 1 25
1 24 33
24 1 42
1 26 15
26 1 21
1 27 13
27 1 10
1 28 16
28 1 16
1 29 10
29 1 7
1 30 35
30 1 50
1 31 28
31 1 30
1 32 14
32 1 10
1 34 41
34 1 31
1 39 13
39 1 25
1 40 22
40 1 26
1 41 34
41 1 24
1 42 19
42 1 21
1 43 26
43 1 27
1 44 12
44 1 15
1 45 16
45 1 22
1 46 24
46 1 18
1 48 27
48 1 27
1 50 12
50 1 15
1 51 23
51 1 22
1 53 45
53 1 34
1 55 15
55 1 30
1 56 23
56 1 29
1 6 31
6 1 28
1 8 44
8 1 34
1 17 52
17 1 40
1 23 25
23 1 34
1 25 22
25 1 21
1 33 20
33 1 20
1 35 26
35 1 24
1 36 16
36 1 26
1 37 30
37 1 41
1 38 35
38 1 34
1 47 8
47 1 13
1 49 34
49 1 37
1 52 28
52 1 36
1 54 31
54 1 51
1 57 34
57 1 34
1 58 53
58 1 51
1 59 47
59 1 36
1 60 12
60 1 20
1 61 9
61 1 8
1 62 13
62 1 16
1 63 38
63 1 29
1 64 38
64 1 46
1 65 25
65 1 50
1 66 24
66 1 18
1 67 8
67 1 7
1 68 24
68 1 26
1 69 48
69 1 35
1 70 27
70 1 31
1 71 25
71 1 34
1 72 12
72 1 9
1 73 5
73 1 7
1 74 15
74 1 11
1 75 18
75 1 14
2 3 20
3 2 26
2 4 47
4 2 42
2 5 8
5 2 16
2 7 22
7 2 34
2 9 32
9 2 28
2 10 51
10 2 39
2 11 18
11 2 15
2 12 25
12 2 42
2 13 36
13 2 43
2 14 64
14 2 46
2 15 6
15 2 9
2 16 7
16 2 12
2 18 43
18 2 41
2 19 56
19 2 55
2 20 41
20 2 39
2 21 46
21 2 32
2 22 18
22 2 20
2 24 20
24 2 19
2 26 24
26 2 36
2 27 36
27 2 32
2 28 44
28 2 36
2 29 36
29 2 29
2 30 17
30 2 33
2 31 4
31 2 8
2 32 22
32 2 17
2 34 46
34 2 34
2 39 6
39 2 10
2 40 26
40 2 29
2 41 17
41 2 32
2 42 17
42 2 26
2 43 3
43 2 3
2 44 41
44 2 33
2 45 28
45 2 30
2 46 52
46 2 41
2 48 8
48 2 11
2 50 8
50 2 10
2 51 35
51 2 33
2 53 30
53 2 46
2 55 24
55 2 25
2 56 34
56 2 48
2 6 37
6 2 29
2 8 15
8 2 15
2 17 14
17 2 16
2 23 17
23 2 14
2 25 27
25 2 20
2 33 20
33 2 29
2 35 30
35 2 48
2 36 44
36 2 49
2 37 36
37 2 33
2 38 16
38 2 17
2 47 48
47 2 36
2 49 9
49 2 13
2 52 53
52 2 36
2 54 34
54 2 27
2 57 18
57 2 24
2 58 67
58 2 52
2 59 53
59 2 59
2 60 56
60 2 42
2 61 18
61 2 27
2 62 21
62 2 15
2 63 41
63 2 40
2 64 52
64 2 38
2 65 23
65 2 45
2 66 33
66 2 24
2 67 19
67 2 21
2 68 47
68 2 50
2 69 43
69 2 58
2 70 44
70 2 54
2 71 17
71 2 21
2 72 25
72 2 22
2 73 34
73 2 31
2 74 24
74 2 21
2 75 26
75 2 20
3 4 22
4 3 18
3 5 14
5 3 12
3 7 14
7 3 14
3 9 42
9 3 31
3 10 32
10 3 32
3 11 20
11 3 19
3 12 23
12 3 17
3 13 16
13 3 28
3 14 21
14 3 20
3 15 22
15 3 24
3 16 22
16 3 15
3 18 18
18 3 21
3 19 25
19 3 30
3 20 23
20 3 22
3 21 24
21 3 29
3 22 39
22 3 35
3 24 23
24 3 40
3 26 9
26 3 10
3 27 18
27 3 21
3 28 14
28 3 11
3 29 8
29 3 9
3 30 24
30 3 43
3 31 18
31 3 29
3 32 13
32 3 20
3 34 17
34 3 18
3 39 29
39 3 21
3 40 32
40 3 38
3 41 39
41 3 37
3 42 27
42 3 33
3 43 33
43 3 27
3 44 8
44 3 7
3 45 9
45 3 9
3 46 17
46 3 21
3 48 17
48 3 33
3 50 22
50 3 16
3 51 7
51 3 9
3 53 23
53 3 22
3 55 42
55 3 40
3 56 23
56 3 22
3 6 22
6 3 16
3 8 42
8 3 31
3 17 32
17 3 42
3 23 26
23 3 39
3 25 17
25 3 12
3 33 6
33 3 7
3 35 38
35 3 27
3 36 26
36 3 25
3 37 39
37 3 31
3 38 33
38 3 29
3 47 8
47 3 14
3 49 36
49 3 37
3 52 19
52 3 24
3 54 71
54 3 49
3 57 35
57 3 25
3 58 32
58 3 38
3 59 18
59 3 36
3 60 21
60 3 30
3 61 11
61 3 21
3 62 25
62 3 25
3 63 34
63 3 42
3 64 34
64 3 35
3 65 36
65 3 39
3 66 9
66 3 7
3 67 4
67 3 7
3 68 42
68 3 31
3 69 38
69 3 34
3 70 42
70 3 33
3 71 35
71 3 27
3 72 31
72 3 21
3 73 8
73 3 16
3 74 7
74 3 5
3 75 6
75 3 7
4 5 29
5 4 26
4 7 20
7 4 25
4 9 71
9 4 48
4 10 55
10 4 45
4 11 32
11 4 37
4 12 22
12 4 17
4 13 23
13 4 38
4 14 9
14 4 8
4 15 46
15 4 38
4 16 37
16 4 33
4 18 17
18 4 29
4 19 15
19 4 13
4 20 15
20 4 13
4 21 34
21 4 30
4 22 66
22 4 45
4 24 42
24 4 58
4 26 19
26 4 14
4 27 26
27 4 20
4 28 8
28 4 7
4 29 15
29 4 13
4 30 48
30 4 61
4 31 45
31 4 47
4 32 17
32 4 30
4 34 26
34 4 30
4 39 47
39 4 39
4 40 54
40 4 43
4 41 36
41 4 40
4 42 37
42 4 39
4 43 61
43 4 44
4 44 9
44 4 11
4 45 16
45 4 22
4 46 4
46 4 7
4 48 36
48 4 46
4 50 24
50 4 32
4 51 20
51 4 18
4 53 21
53 4 24
4 55 45
55 4 49
4 56 15
56 4 12
4 6 36
6 4 30
4 8 68
8 4 49
4 17 74
17 4 58
4 23 36
23 4 53
4 25 19
25 4 30
4 33 17
33 4 21
4 35 10
35 4 10
4 36 8
36 4 7
4 37 46
37 4 46
4 38 64
38 4 47
4 47 10
47 4 7
4 49 74
49 4 54
4 52 45
52 4 37
4 54 66
54 4 67
4 57 27
57 4 43
4 58 48
58 4 46
4 59 21
59 4 18
4 60 28
60 4 24
4 61 33
61 4 25
4 62 37
62 4 36
4 63 35
63 4 43
4 64 73
64 4 50
4 65 73
65 4 52
4 66 24
66 4 24
4 67 22
67 4 21
4 68 20
68 4 17
4 69 10
69 4 16
4 70 9
70 4 16
4 71 37
71 4 45
4 72 17
72 4 28
4 73 9
73 4 15
4 74 21
74 4 23
4 75 13
75 4 25
5 7 13
7 5 25
5 9 23
9 5 33
5 10 27
10 5 38
5 11 10
11 5 17
5 12 28
12 5 29
5 13 29
13 5 37
5 14 16
14 5 31
5 15 8
15 5 12
5 16 14
16 5 10
5 18 23
18 5 32
5 19 34
19 5 39
5 20 21
20 5 24
5 21 24
21 5 22
5 22 17
22 5 23
5 24 30
24 5 34
5 26 23
26 5 22
5 27 17
27 5 18
5 28 21
28 5 21
5 29 8
29 5 13
5 30 38
30 5 42
5 31 17
31 5 22
5 32 7
32 5 9
5 34 15
34 5 27
5 39 11
39 5 16
5 40 14
40 5 27
5 41 40
41 5 27
5 42 24
42 5 23
5 43 13
43 5 18
5 44 22
44 5 17
5 45 11
45 5 20
5 46 17
46 5 25
5 48 24
48 5 21
5 50 8
50 5 6
5 51 21
51 5 21
5 53 17
53 5 34
5 55 14
55 5 28
5 56 35
56 5 32
5 6 17
6 5 23
5 8 38
8 5 26
5 17 21
17 5 33
5 23 29
23 5 28
5 25 8
25 5 14
5 33 21
33 5 18
5 35 38
35 5 32
5 36 18
36 5 33
5 37 38
37 5 35
5 38 20
38 5 26
5 47 14
47 5 20
5 49 30
49 5 28
5 52 27
52 5 32
5 54 35
54 5 42
5 57 38
57 5 27
5 58 52
58 5 47
5 59 51
59 5 43
5 60 22
60 5 28
5 61 11
61 5 14
5 62 20
62 5 14
5 63 24
63 5 34
5 64 36
64 5 40
5 65 57
65 5 45
5 66 17
66 5 14
5 67 4
67 5 5
5 68 31
68 5 34
5 69 36
69 5 42
5 70 47
70 5 38
5 71 26
71 5 26
5 72 15
72 5 12
5 73 18
73 5 16
5 74 10
74 5 8
5 75 8
75 5 9
7 9 31
9 7 26
7 10 18
10 7 20
7 11 26
11 7 21
7 12 13
12 7 12
7 13 18
13 7 14
7 14 27
14 7 22
7 15 50
15 7 35
7 16 16
16 7 22
7 18 4
18 7 8
7 19 17
19 7 33
7 20 29
20 7 34
7 21 36
21 7 43
7 22 36
22 7 47
7 24 54
24 7 42
7 26 14
26 7 11
7 27 52
27 7 35
7 28 19
28 7 19
7 29 17
29 7 22
7 30 40
30 7 39
7 31 40
31 7 34
7 32 34
32 7 33
7 34 6
34 7 5
7 39 34
39 7 25
7 40 41
40 7 51
7 41 61
41 7 51
7 42 44
42 7 47
7 43 17
43 7 34
7 44 10
44 7 16
7 45 5
45 7 5
7 46 36
46 7 30
7 48 34
48 7 44
7 50 31
50 7 27
7 51 7
51 7 7
7 53 10
53 7 13
7 55 32
55 7 53
7 56 17
56 7 21
7 6 8
6 7 7
7 8 27
8 7 32
7 17 24
17 7 47
7 23 44
23 7 48
7 25 19
25 7 14
7 33 10
33 7 7
7 35 37
35 7 35
7 36 25
36 7 30
7 37 24
37 7 22
7 38 34
38 7 29
7 47 23
47 7 25
7 49 52
49 7 41
7 52 7
52 7 12
7 54 45
54 7 51
7 57 21
57 7 21
7 58 17
58 7 24
7 59 22
59 7 42
7 60 50
60 7 43
7 61 51
61 7 35
7 62 36
62 7 38
7 63 50
63 7 56
7 64 21
64 7 25
7 65 31
65 7 27
7 66 13
66 7 10
7 67 27
67 7 21
7 68 53
68 7 41
7 69 22
69 7 38
7 70 26
70 7 40
7 71 29
71 7 25
7 72 50
72 7 35
7 73 43
73 7 29
7 74 20
74 7 17
7 75 14
75 7 15
9 10 9
10 9 15
9 11 18
11 9 16
9 12 36
12 9 38
9 13 32
13 9 24
9 14 29
14 9 47
9 15 51
15 9 36
9 16 19
16 9 23
9 18 24
18 9 28
9 19 43
19 9 58
9 20 71
20 9 53
9 21 71
21 9 55
9 22 30
22 9 48
9 24 15
24 9 23
9 26 40
26 9 35
9 27 56
27 9 50
9 28 31
28 9 42
9 29 54
29 9 40
9 30 9
30 9 13
9 31 25
31 9 22
9 32 56
32 9 40
9 34 31
34 9 22
9 39 12
39 9 19
9 40 71
40 9 56
9 41 56
41 9 58
9 42 36
42 9 53
9 43 35
43 9 26
9 44 21
44 9 37
9 45 36
45 9 26
9 46 64
46 9 52
9 48 53
48 9 39
9 50 42
50 9 29
9 51 44
51 9 31
9 53 44
53 9 37
9 55 48
55 9 53
9 56 65
56 9 46
9 6 13
6 9 19
9 8 15
8 9 16
9 17 19
17 9 33
9 23 38
23 9 40
9 25 22
25 9 20
9 33 40
33 9 28
9 35 53
35 9 58
9 36 50
36 9 55
9 37 4
37 9 7
9 38 8
38 9 12
9 47 49
47 9 46
9 49 31
49 9 27
9 52 14
52 9 17
9 54 41
54 9 30
9 57 6
57 9 6
9 58 43
58 9 30
9 59 67
59 9 66
9 60 70
60 9 60
9 61 41
61 9 47
9 62 32
62 9 41
9 63 86
63 9 66
9 64 14
64 9 11
9 65 11
65 9 18
9 66 26
66 9 25
9 67 42
67 9 33
9 68 50
68 9 63
9 69 87
69 9 63
9 70 95
70 9 64
9 71 6
71 9 8
9 72 47
72 9 44
9 73 30
73 9 46
9 74 24
74 9 29
9 75 30
75 9 26
10 11 30
11 10 24
10 12 32
12 10 31
10 13 7
13 10 11
10 14 60
14 10 42
10 15 45
15 10 45
10 16 18
16 10 30
10 18 15
18 10 18
10 19 53
19 10 52
10 20 29
20 10 53
10 21 47
21 10 60
10 22 64
22 10 57
10 24 31
24 10 38
10 26 18
26 10 31
10 27 69
27 10 53
10 28 46
28 10 39
10 29 55
29 10 41
10 30 35
30 10 26
10 31 29
31 10 35
10 32 62
32 10 46
10 34 22
34 10 15
10 39 30
39 10 29
10 40 53
40 10 64
10 41 67
41 10 65
10 42 55
42 10 60
10 43 47
43 10 38
10 44 23
44 10 35
10 45 13
45 10 23
10 46 68
46 10 50
10 48 34
48 10 50
10 50 21
50 10 36
10 51 24
51 10 27
10 53 28
53 10 27
10 55 48
55 10 63
10 56 41
56 10 39
10 6 22
6 10 16
10 8 39
8 10 30
10 17 55
17 10 47
10 23 75
23 10 53
10 25 27
25 10 24
10 33 37
33 10 25
10 35 80
35 10 55
10 36 35
36 10 50
10 37 8
37 10 8
10 38 35
38 10 25
10 47 39
47 10 44
10 49 42
49 10 41
10 52 6
52 10 8
10 54 31
54 10 45
10 57 9
57 10 16
10 58 10
58 10 15
10 59 67
59 10 62
10 60 59
60 10 62
10 61 56
61 10 51
10 62 71
62 10 49
10 63 59
63 10 72
10 64 7
64 10 7
10 65 4
65 10 7
10 66 33
66 10 25
10 67 48
67 10 36
10 68 52
68 10 61
10 69 66
69 10 58
10 70 46
70 10 60
10 71 14
71 10 21
10 72 58
72 10 50
10 73 27
73 10 47
10 74 23
74 10 32
10 75 36
75 10 29
11 12 24
12 11 31
11 13 22
13 11 28
11 14 53
14 11 38
11 15 13
15 11 21
11 16 9
16 11 7
11 18 35
18 11 27
11 19 51
19 11 48
11 20 58
20 11 39
11 21 44
21 11 39
11 22 38
22 11 33
11 24 31
24 11 22
11 26 33
26 11 26
11 27 40
27 11 35
11 28 28
28 11 30
11 29 33
29 11 26
11 30 21
30 11 25
11 31 7
31 11 13
11 32 31
32 11 24
11 34 11
34 11 20
11 39 6
39 11 5
11 40 55
40 11 41
11 41 41
41 11 42
11 42 52
42 11 37
11 43 18
43 11 14
11 44 20
44 11 26
11 45 13
45 11 18
11 46 49
46 11 39
11 48 32
48 11 26
11 50 10
50 11 13
11 51 22
51 11 23
11 53 33
53 11 34
11 55 35
55 11 39
11 56 52
56 11 38
11 6 12
6 11 15
11 8 15
8 11 12
11 17 17
17 11 26
11 23 38
23 11 29
11 25 10
25 11 8
11 33 27
33 11 19
11 35 49
35 11 45
11 36 63
36 11 44
11 37 10
37 11 19
11 38 7
38 11 10
11 47 34
47 11 33
11 49 28
49 11 21
11 52 23
52 11 21
11 54 34
54 11 31
11 57 13
57 11 10
11 58 26
58 11 37
11 59 42
59 11 55
11 60 41
60 11 45
11 61 39
61 11 31
11 62 20
62 11 26
11 63 64
63 11 50
11 64 17
64 11 24
11 65 41
65 11 30
11 66 14
66 11 13
11 67 19
67 11 18
11 68 35
68 11 49
11 69 58
69 11 53
11 70 32
70 11 52
11 71 6
71 11 9
11 72 35
72 11 28
11 73 37
73 11 31
11 74 20
74 11 15
11 75 14
75 11 12
12 13 19
13 12 22
12 14 15
14 12 11
12 15 44
15 12 41
12 16 39
16 12 30
12 18 19
18 12 13
12 19 18
19 12 21
12 20 35
20 12 28
12 21 51
21 12 42
12 22 63
22 12 51
12 24 39
24 12 54
12 26 5
26 12 7
12 27 38
27 12 33
12 28 16
28 12 13
12 29 25
29 12 21
12 30 54
30 12 51
12 31 62
31 12 44
12 32 53
32 12 36
12 34 9
34 12 17
12 39 20
39 12 35
12 40 30
40 12 53
12 41 56
41 12 51
12 42 52
42 12 49
12 43 55
43 12 43
12 44 9
44 12 13
12 45 16
45 12 13
12 46 20
46 12 23
12 48 53
48 12 50
12 50 34
50 12 33
12 51 6
51 12 9
12 53 8
53 12 8
12 55 78
55 12 56
12 56 13
56 12 9
12 6 22
6 12 19
12 8 58
8 12 43
12 17 74
17 12 57
12 23 72
23 12 56
12 25 24
25 12 24
12 33 11
33 12 13
12 35 16
35 12 26
12 36 20
36 12 20
12 37 35
37 12 34
12 38 49
38 12 41
12 47 10
47 12 19
12 49 66
49 12 51
12 52 33
52 12 23
12 54 77
54 12 63
12 57 26
57 12 33
12 58 19
58 12 30
12 59 26
59 12 31
12 60 51
60 12 38
12 61 37
61 12 35
12 62 39
62 12 42
12 63 42
63 12 56
12 64 50
64 12 37
12 65 44
65 12 37
12 66 23
66 12 18
12 67 13
67 12 24
12 68 21
68 12 33
12 69 20
69 12 27
12 70 26
70 12 30
12 71 26
71 12 37
12 72 46
72 12 37
12 73 20
73 12 26
12 74 22
74 12 22
12 75 12
75 12 23
13 14 41
14 13 33
13 15 33
15 13 46
13 16 25
16 13 32
13 18 8
18 13 9
13 19 62
19 13 43
13 20 52
20 13 48
13 21 33
21 13 57
13 22 50
22 13 59
13 24 36
24 13 46
13 26 30
26 13 24
13 27 41
27 13 49
13 28 49
28 13 33
13 29 23
29 13 36
13 30 31
30 13 36
13 31 54
31 13 40
13 32 36
32 13 46
13 34 11
34 13 10
13 39 33
39 13 33
13 40 37
40 13 64
13 41 64
41 13 64
13 42 86
42 13 60
13 43 58
43 13 42
13 44 37
44 13 30
13 45 13
45 13 19
13 46 62
46 13 44
13 48 71
48 13 53
13 50 24
50 13 38
13 51 31
51 13 21
13 53 23
53 13 17
13 55 35
55 13 64
13 56 30
56 13 30
13 6 8
6 13 14
13 8 36
8 13 36
13 17 74
17 13 53
13 23 70
23 13 57
13 25 19
25 13 24
13 33 24
33 13 21
13 35 34
35 13 48
13 36 37
36 13 42
13 37 15
37 13 17
13 38 33
38 13 32
13 47 23
47 13 39
13 49 26
49 13 47
13 52 6
52 13 7
13 54 55
54 13 54
13 57 16
57 13 22
13 58 7
58 13 11
13 59 37
59 13 53
13 60 60
60 13 57
13 61 25
61 13 49
13 62 73
62 13 50
13 63 46
63 13 70
13 64 21
64 13 18
13 65 13
65 13 16
13 66 24
66 13 23
13 67 41
67 13 34
13 68 74
68 13 54
13 69 47
69 13 49
13 70 40
70 13 52
13 71 23
71 13 27
13 72 27
72 13 48
13 73 56
73 13 43
13 74 37
74 13 30
13 75 33
75 13 28
14 15 48
15 14 43
14 16 40
16 14 35
14 18 18
18 14 24
14 19 10
19 14 11
14 20 24
20 14 21
14 21 50
21 14 38
14 22 30
22 14 51
14 24 31
24 14 60
14 26 11
26 14 12
14 27 24
27 14 28
14 28 6
28 14 10
14 29 11
29 14 19
14 30 73
30 14 60
14 31 43
31 14 49
14 32 27
32 14 36
14 34 17
34 14 27
14 39 27
39 14 41
14 40 46
40 14 50
14 41 44
41 14 48
14 42 56
42 14 46
14 43 53
43 14 48
14 44 19
44 14 13
14 45 18
45 14 21
14 46 21
46 14 15
14 48 53
48 14 52
14 50 30
50 14 36
14 51 20
51 14 16
14 53 22
53 14 18
14 55 65
55 14 56
14 56 3
56 14 4
14 6 27
6 14 29
14 8 51
8 14 50
14 17 85
17 14 62
14 23 31
23 14 58
14 25 23
25 14 30
14 33 29
33 14 20
14 35 14
35 14 16
14 36 5
36 14 9
14 37 24
37 14 45
14 38 31
38 14 48
14 47 17
47 14 14
14 49 49
49 14 57
14 52 40
52 14 34
14 54 37
54 14 69
14 57 55
57 14 42
14 58 51
58 14 41
14 59 22
59 14 20
14 60 44
60 14 32
14 61 29
61 14 32
14 62 42
62 14 42
14 63 55
63 14 51
14 64 64
64 14 48
14 65 45
65 14 48
14 66 30
66 14 25
14 67 26
67 14 25
14 68 30
68 14 23
14 69 23
69 14 16
14 70 12
70 14 19
14 71 30
71 14 45
14 72 36
72 14 35
14 73 30
73 14 22
14 74 35
74 14 25
14 75 21
75 14 27
15 16 13
16 15 14
15 18 45
18 15 43
15 19 39
19 15 50
15 20 38
20 15 33
15 21 20
21 15 24
15 22 19
22 15 13
15 24 22
24 15 28
15 26 42
26 15 34
15 27 28
27 15 24
15 28 41
28 15 33
15 29 28
29 15 24
15 30 23
30 15 41
15 31 22
31 15 17
15 32 6
32 15 9
15 34 20
34 15 37
15 39 13
39 15 17
15 40 24
40 15 21
15 41 24
41 15 23
15 42 14
42 15 18
15 43 9
43 15 12
15 44 44
44 15 30
15 45 38
45 15 31
15 46 39
46 15 36
15 48 9
48 15 9
15 50 12
50 15 9
15 51 43
51 15 33
15 53 56
53 15 46
15 55 11
55 15 19
15 56 53
56 15 45
15 6 18
6 15 32
15 8 24
8 15 24
15 17 16
17 15 23
15 23 17
23 15 16
15 25 26
25 15 22
15 33 41
33 15 29
15 35 44
35 15 42
15 36 27
36 15 44
15 37 21
37 15 40
15 38 14
38 15 26
15 47 28
47 15 31
15 49 15
49 15 21
15 52 35
52 15 40
15 54 41
54 15 36
15 57 37
57 15 31
15 58 68
58 15 56
15 59 71
59 15 54
15 60 36
60 15 34
15 61 19
61 15 18
15 62 8
62 15 6
15 63 23
63 15 31
15 64 61
64 15 45
15 65 75
65 15 51
15 66 18
66 15 25
15 67 21
67 15 17
15 68 62
68 15 43
15 69 51
69 15 53
15 70 38
70 15 49
15 71 31
71 15 28
15 72 13
72 15 13
15 73 31
73 15 25
15 74 27
74 15 19
15 75 28
75 15 19
16 18 28
18 16 29
16 19 43
19 16 45
16 20 27
20 16 33
16 21 22
21 16 32
16 22 34
22 16 27
16 24 22
24 16 26
16 26 32
26 16 24
16 27 25
27 16 28
16 28 36
28 16 26
16 29 13
29 16 21
16 30 35
30 16 32
16 31 20
31 16 14
16 32 11
32 16 17
16 34 16
34 16 23
16 39 8
39 16 7
16 40 32
40 16 34
16 41 51
41 16 35
16 42 17
42 16 30
16 43 10
43 16 13
16 44 26
44 16 22
16 45 14
45 16 18
16 46 48
46 16 34
16 48 29
48 16 22
16 50 4
50 16 6
16 51 29
51 16 21
16 53 45
53 16 34
16 55 24
55 16 33
16 56 19
56 16 36
16 6 17
6 16 18
16 8 24
8 16 17
16 17 33
17 16 27
16 23 24
23 16 26
16 25 9
25 16 8
16 33 12
33 16 17
16 35 41
35 16 40
16 36 30
36 16 40
16 37 36
37 16 26
16 38 12
38 16 16
16 47 25
47 16 27
16 49 16
49 16 22
16 52 30
52 16 26
16 54 51
54 16 35
16 57 23
57 16 17
16 58 32
58 16 42
16 59 69
59 16 50
16 60 46
60 16 38
16 61 16
61 16 24
16 62 24
62 16 19
16 63 31
63 16 43
16 64 21
64 16 31
16 65 48
65 16 37
16 66 12
66 16 12
16 67 13
67 16 12
16 68 36
68 16 43
16 69 42
69 16 49
16 70 37
70 16 46
16 71 15
71 16 16
16 72 27
72 16 21
16 73 37
73 16 25
16 74 12
74 16 10
16 75 4
75 16 8
18 19 42
19 18 34
18 20 46
20 18 39
18 21 31
21 18 50
18 22 72
22 18 55
18 24 38
24 18 48
18 26 13
26 18 16
18 27 51
27 18 42
18 28 27
28 18 24
18 29 34
29 18 29
18 30 38
30 18 42
18 31 37
31 18 40
18 32 37
32 18 41
18 34 10
34 18 7
18 39 28
39 18 32
18 40 81
40 18 58
18 41 64
41 18 58
18 42 57
42 18 54
18 43 54
43 18 41
18 44 31
44 18 22
18 45 16
45 18 13
18 46 19
46 18 35
18 48 62
48 18 51
18 50 21
50 18 34
18 51 17
51 18 13
18 53 8
53 18 9
18 55 80
55 18 60
18 56 15
56 18 21
18 6 17
6 18 12
18 8 44
8 18 38
18 17 65
17 18 54
18 23 73
23 18 55
18 25 13
25 18 21
18 33 20
33 18 14
18 35 51
35 18 39
18 36 46
36 18 33
18 37 25
37 18 23
18 38 25
38 18 34
18 47 24
47 18 30
18 49 24
49 18 47
18 52 10
52 18 11
18 54 47
54 18 56
18 57 15
57 18 25
18 58 9
58 18 18
18 59 61
59 18 44
18 60 40
60 18 49
18 61 38
61 18 42
18 62 23
62 18 46
18 63 90
63 18 63
18 64 14
64 18 25
18 65 15
65 18 25
18 66 25
66 18 18
18 67 35
67 18 28
18 68 64
68 18 46
18 69 55
69 18 40
18 70 42
70 18 43
18 71 43
71 18 29
18 72 42
72 18 42
18 73 43
73 18 36
18 74 25
74 18 24
18 75 34
75 18 23
19 20 21
20 19 22
19 21 39
21 19 40
19 22 41
22 19 57
19 24 53
24 19 70
19 26 18
26 19 23
19 27 19
27 19 31
19 28 23
28 19 18
19 29 26
29 19 26
19 30 88
30 19 71
19 31 29
31 19 58
19 32 41
32 19 43
19 34 20
34 19 38
19 39 48
39 19 51
19 40 79
40 19 54
19 41 76
41 19 51
19 42 58
42 19 50
19 43 67
43 19 56
19 44 18
44 19 22
19 45 18
45 19 32
19 46 9
46 19 16
19 48 52
48 19 59
19 50 40
50 19 44
19 51 39
51 19 27
19 53 17
53 19 27
19 55 61
55 19 61
19 56 16
56 19 13
19 6 34
6 19 39
19 8 42
8 19 60
19 17 89
17 19 71
19 23 46
23 19 66
19 25 60
25 19 41
19 33 36
33 19 31
19 35 19
35 19 13
19 36 4
36 19 6
19 37 57
37 19 55
19 38 75
38 19 58
19 47 24
47 19 19
19 49 82
49 19 66
19 52 55
52 19 44
19 54 75
54 19 79
19 57 45
57 19 53
19 58 36
58 19 50
19 59 8
59 19 10
19 60 23
60 19 31
19 61 40
61 19 36
19 62 42
62 19 48
19 63 66
63 19 52
19 64 38
64 19 58
19 65 32
65 19 59
19 66 47
66 19 35
19 67 44
67 19 34
19 68 11
68 19 19
19 69 5
69 19 6
19 70 10
70 19 11
19 71 67
71 19 55
19 72 38
72 19 40
19 73 15
73 19 27
19 74 20
74 19 34
19 75 32
75 19 36
20 21 24
21 20 18
20 22 40
22 20 36
20 24 77
24 20 58
20 26 24
26 20 24
20 27 10
27 20 9
20 28 9
28 20 15
20 29 10
29 20 13
20 30 55
30 20 64
20 31 49
31 20 46
20 32 15
32 20 24
20 34 56
34 20 39
20 39 42
39 20 40
20 40 44
40 20 32
20 41 42
41 20 29
20 42 39
42 20 28
20 43 55
43 20 42
20 44 10
44 20 18
20 45 33
45 20 30
20 46 4
46 20 6
20 48 37
48 20 41
20 50 44
50 20 30
20 51 19
51 20 27
20 53 50
53 20 36
20 55 23
55 20 39
20 56 18
56 20 25
20 6 51
6 20 37
20 8 70
8 20 49
20 17 64
17 20 55
20 23 42
23 20 48
20 25 35
25 20 33
20 33 33
33 20 28
20 35 5
35 20 10
20 36 21
36 20 16
20 37 79
37 20 53
20 38 33
38 20 49
20 47 6
47 20 9
20 49 48
49 20 52
20 52 55
52 20 45
20 54 98
54 20 66
20 57 31
57 20 47
20 58 57
58 20 57
20 59 11
59 20 22
20 60 6
60 20 11
20 61 13
61 20 15
20 62 41
62 20 29
20 63 26
63 20 30
20 64 81
64 20 57
20 65 73
65 20 60
20 66 35
66 20 29
20 67 18
67 20 21
20 68 8
68 20 11
20 69 30
69 20 22
20 70 18
70 20 17
20 71 50
71 20 48
20 72 20
72 20 20
20 73 10
73 20 8
20 74 16
74 20 24
20 75 38
75 20 27
21 22 24
22 21 21
21 24 32
24 21 52
21 26 23
26 21 36
21 27 6
27 21 9
21 28 17
28 21 29
21 29 29
29 21 21
21 30 79
30 21 63
21 31 56
31 21 40
21 32 13
32 21 16
21 34 52
34 21 47
21 39 50
39 21 37
21 40 13
40 21 15
21 41 6
41 21 11
21 42 16
42 21 12
21 43 51
43 21 35
21 44 28
44 21 29
21 45 24
45 21 38
21 46 29
46 21 24
21 48 22
48 21 29
21 50 31
50 21 26
21 51 49
51 21 37
21 53 34
53 21 49
21 55 27
55 21 23
21 56 59
56 21 41
21 6 31
6 21 44
21 8 45
8 21 46
21 17 67
17 21 46
21 23 53
23 21 36
21 25 21
25 21 36
21 33 19
33 21 36
21 35 19
35 21 28
21 36 21
36 21 34
21 37 32
37 21 57
21 38 51
38 21 47
21 47 14
47 21 23
21 49 58
49 21 44
21 52 58
52 21 53
21 54 36
54 21 59
21 57 43
57 21 49
21 58 34
58 21 67
21 59 25
59 21 39
21 60 16
60 21 12
21 61 6
61 21 8
21 62 12
62 21 18
21 63 12
63 21 14
21 64 70
64 21 62
21 65 100
65 21 67
21 66 38
66 21 35
21 67 31
67 21 23
21 68 23
68 21 26
21 69 20
69 21 40
21 70 39
70 21 34
21 71 57
71 21 48
21 72 13
72 21 11
21 73 20
73 21 15
21 74 39
74 21 27
21 75 35
75 21 30
22 24 21
24 22 36
22 26 34
26 22 44
22 27 18
27 22 27
22 28 41
28 22 41
22 29 16
29 22 32
22 30 75
30 22 52
22 31 18
31 22 27
22 32 21
32 22 15
22 34 58
34 22 49
22 39 42
39 22 29
22 40 16
40 22 11
22 41 18
41 22 15
22 42 12
42 22 10
22 43 21
43 22 22
22 44 36
44 22 39
22 45 59
45 22 42
22 46 52
46 22 41
22 48 9
48 22 10
22 50 18
50 22 21
22 51 26
51 22 44
22 53 83
53 22 57
22 55 4
55 22 6
22 56 46
56 22 54
22 6 55
6 22 45
22 8 28
8 22 34
22 17 23
17 22 28
22 23 11
23 22 16
22 25 44
25 22 35
22 33 35
33 22 41
22 35 64
35 22 47
22 36 47
36 22 51
22 37 40
37 22 52
22 38 54
38 22 37
22 47 48
47 22 38
22 49 26
49 22 28
22 52 69
52 22 53
22 54 38
54 22 42
22 57 46
57 22 43
22 58 59
58 22 69
22 59 37
59 22 58
22 60 20
60 22 33
22 61 20
61 22 21
22 62 6
62 22 9
22 63 13
63 22 23
22 64 48
64 22 57
22 65 45
65 22 64
22 66 46
66 22 37
22 67 39
67 22 27
22 68 43
68 22 46
22 69 33
69 22 58
22 70 75
70 22 53
22 71 37
71 22 40
22 72 17
72 22 16
22 73 19
73 22 30
22 74 26
74 22 30
22 75 45
75 22 31
24 26 45
26 24 48
24 27 48
27 24 51
24 28 77
28 24 52
24 29 36
29 24 46
24 30 17
30 24 18
24 31 7
31 24 12
24 32 29
32 24 36
24 34 57
34 24 40
24 39 26
39 24 19
24 40 41
40 24 47
24 41 54
41 24 50
24 42 30
42 24 45
24 43 8
43 24 16
24 44 31
44 24 47
24 45 25
45 24 40
24 46 46
46 24 59
24 48 38
48 24 26
24 50 23
50 24 28
24 51 61
51 24 45
24 53 58
53 24 55
24 55 53
55 24 40
24 56 82
56 24 60
24 6 25
6 24 36
24 8 12
8 24 10
24 17 6
17 24 11
24 23 25
23 24 23
24 25 36
25 24 30
24 33 39
33 24 41
24 35 35
35 24 65
24 36 84
36 24 65
24 37 36
37 24 30
24 38 8
38 24 14
24 47 60
47 24 53
24 49 8
49 24 8
24 52 33
52 24 39
24 54 8
54 24 9
24 57 12
57 24 23
24 58 34
58 24 53
24 59 48
59 24 76
24 60 83
60 24 61
24 61 46
61 24 45
24 62 41
62 24 34
24 63 70
63 24 59
24 64 41
64 24 34
24 65 24
65 24 41
24 66 26
66 24 36
24 67 19
67 24 37
24 68 64
68 24 68
24 69 97
69 24 74
24 70 36
70 24 72
24 71 16
71 24 18
24 72 61
72 24 41
24 73 61
73 24 50
24 74 48
74 24 35
24 75 49
75 24 33
26 27 35
27 26 27
26 28 10
28 26 9
26 29 18
29 26 14
26 30 31
30 26 48
26 31 25
31 26 38
26 32 33
32 26 29
26 34 12
34 26 16
26 39 34
39 26 30
26 40 39
40 26 46
26 41 54
41 26 44
26 42 48
42 26 42
26 43 55
43 26 37
26 44 8
44 26 6
26 45 11
45 26 9
26 46 23
46 26 20
26 48 42
48 26 43
26 50 34
50 26 26
26 51 4
51 26 4
26 53 12
53 26 14
26 55 68
55 26 49
26 56 17
56 26 12
26 6 14
6 26 17
26 8 54
8 26 38
26 17 64
17 26 51
26 23 36
23 26 49
26 25 16
25 26 18
26 33 6
33 26 8
26 35 20
35 26 24
26 36 24
36 26 20
26 37 44
37 26 33
26 38 24
38 26 36
26 47 10
47 26 15
26 49 59
49 26 46
26 52 28
52 26 23
26 54 48
54 26 58
26 57 18
57 26 30
26 58 30
58 26 34
26 59 16
59 26 31
26 60 27
60 26 34
26 61 21
61 26 28
26 62 35
62 26 35
26 63 51
63 26 49
26 64 27
64 26 36
26 65 24
65 26 38
26 66 13
66 26 13
26 67 17
67 26 17
26 68 40
68 26 30
26 69 18
69 26 28
26 70 37
70 26 29
26 71 36
71 26 33
26 72 24
72 26 30
26 73 28
73 26 20
26 74 14
74 26 15
26 75 18
75 26 16
27 28 23
28 27 20
27 29 18
29 27 13
27 30 32
30 27 60
27 31 50
31 27 39
27 32 12
32 27 16
27 34 46
34 27 39
27 39 34
39 27 34
27 40 16
40 27 23
27 41 16
41 27 20
27 42 14
42 27 19
27 43 49
43 27 35
27 44 29
44 27 21
27 45 41
45 27 30
27 46 12
46 27 15
27 48 24
48 27 32
27 50 16
50 27 24
27 51 29
51 27 29
27 53 58
53 27 41
27 55 24
55 27 30
27 56 41
56 27 32
27 6 20
6 27 37
27 8 59
8 27 44
27 17 32
17 27 48
27 23 40
23 27 39
27 25 21
25 27 31
27 33 41
33 27 28
27 35 24
35 27 20
27 36 25
36 27 25
27 37 48
37 27 51
27 38 34
38 27 44
27 47 17
47 27 14
27 49 49
49 27 45
27 52 66
52 27 46
27 54 88
54 27 60
27 57 65
57 27 44
27 58 49
58 27 59
27 59 39
59 27 31
27 60 10
60 27 10
27 61 5
61 27 6
27 62 18
62 27 20
27 63 22
63 27 23
27 64 33
64 27 56
27 65 79
65 27 60
27 66 21
66 27 28
27 67 22
67 27 17
27 68 15
68 27 19
27 69 25
69 27 32
27 70 29
70 27 26
27 71 57
71 27 44
27 72 7
72 27 11
27 73 7
73 27 6
27 74 25
74 27 21
27 75 15
75 27 24
28 29 10
29 28 9
28 30 28
30 28 54
28 31 31
31 28 40
28 32 29
32 28 26
28 34 31
34 28 24
28 39 34
39 28 33
28 40 31
40 28 41
28 41 57
41 28 39
28 42 40
42 28 37
28 43 47
43 28 38
28 44 4
44 28 4
28 45 11
45 28 16
28 46 7
46 28 11
28 48 38
48 28 42
28 50 21
50 28 26
28 51 11
51 28 12
28 53 30
53 28 21
28 55 55
55 28 46
28 56 15
56 28 13
28 6 12
6 28 24
28 8 21
8 28 42
28 17 68
17 28 52
28 23 31
23 28 48
28 25 14
25 28 23
28 33 14
33 28 14
28 35 22
35 28 16
28 36 8
36 28 14
28 37 29
37 28 40
28 38 40
38 28 40
28 47 3
47 28 6
28 49 34
49 28 48
28 52 29
52 28 31
28 54 49
54 28 61
28 57 51
57 28 36
28 58 47
58 28 42
28 59 29
59 28 25
28 60 22
60 28 25
28 61 29
61 28 23
28 62 37
62 28 32
28 63 25
63 28 43
28 64 45
64 28 44
28 65 67
65 28 46
28 66 10
66 28 17
28 67 17
67 28 16
28 68 15
68 28 22
28 69 18
69 28 23
28 70 26
70 28 22
28 71 31
71 28 38
28 72 18
72 28 25
28 73 18
73 28 13
28 74 13
74 28 16
28 75 22
75 28 18
29 30 48
30 29 51
29 31 39
31 29 34
29 32 9
32 29 17
29 34 15
34 29 27
29 39 26
39 29 27
29 40 39
40 29 32
29 41 20
41 29 30
29 42 25
42 29 28
29 43 44
43 29 31
29 44 7
44 29 8
29 45 23
45 29 18
29 46 17
46 29 13
29 48 42
48 29 33
29 50 15
50 29 19
29 51 10
51 29 16
29 53 21
53 29 28
29 55 28
55 29 37
29 56 24
56 29 22
29 6 30
6 29 25
29 8 23
8 29 37
29 17 28
17 29 45
29 23 56
23 29 40
29 25 25
25 29 20
29 33 15
33 29 16
29 35 13
35 29 19
29 36 12
36 29 20
29 37 49
37 29 40
29 38 29
38 29 36
29 47 4
47 29 7
29 49 34
49 29 41
29 52 45
52 29 33
29 54 76
54 29 55
29 57 32
57 29 34
29 58 35
58 29 47
29 59 30
59 29 30
29 60 22
60 29 21
29 61 15
61 29 14
29 62 27
62 29 23
29 63 52
63 29 35
29 64 39
64 29 45
29 65 38
65 29 48
29 66 19
66 29 16
29 67 7
67 29 9
29 68 23
68 29 23
29 69 30
69 29 29
29 70 25
70 29 26
29 71 46
71 29 35
29 72 12
72 29 16
29 73 9
73 29 7
29 74 12
74 29 11
29 75 11
75 29 14
30 31 26
31 30 25
30 32 48
32 30 47
30 34 39
34 30 35
30 39 26
39 30 26
30 40 32
40 30 62
30 41 52
41 30 64
30 42 56
42 30 59
30 43 18
43 30 30
30 44 44
44 30 50
30 45 55
45 30 39
30 46 93
46 30 64
30 48 36
48 30 42
30 50 40
50 30 37
30 51 34
51 30 44
30 53 28
53 30 50
30 55 63
55 30 56
30 56 38
56 30 60
30 6 19
6 30 32
30 8 24
8 30 18
30 17 27
17 30 29
30 23 44
23 30 41
30 25 41
25 30 32
30 33 45
33 30 41
30 35 60
35 30 70
30 36 83
36 30 68
30 37 19
37 30 19
30 38 8
38 30 16
30 47 58
47 30 58
30 49 35
49 30 26
30 52 33
52 30 31
30 54 29
54 30 22
30 57 23
57 30 18
30 58 42
58 30 41
30 59 95
59 30 79
30 60 91
60 30 70
30 61 80
61 30 56
30 62 35
62 30 47
30 63 99
63 30 72
30 64 23
64 30 20
30 65 38
65 30 26
30 66 27
66 30 37
30 67 25
67 30 44
30 68 45
68 30 74
30 69 112
69 30 76
30 70 92
70 30 76
30 71 14
71 30 16
30 72 69
72 30 52
30 73 56
73 30 56
30 74 59
74 30 40
30 75 26
75 30 37
31 32 15
32 31 24
31 34 28
34 31 33
31 39 7
39 31 9
31 40 46
40 31 37
31 41 26
41 31 40
31 42 48
42 31 35
31 43 3
43 31 5
31 44 20
44 31 36
31 45 19
45 31 31
31 46 54
46 31 47
31 48 16
48 31 18
31 50 15
50 31 16
31 51 34
51 31 35
31 53 64
53 31 47
31 55 32
55 31 32
31 56 60
56 31 50
31 6 23
6 31 28
31 8 6
8 31 7
31 17 16
17 31 13
31 23 9
23 31 18
31 25 16
25 31 20
31 33 19
33 31 31
31 35 67
35 31 54
31 36 53
36 31 54
31 37 24
37 31 28
31 38 12
38 31 11
31 47 40
47 31 41
31 49 9
49 31 8
31 52 35
52 31 33
31 54 17
54 31 21
31 57 15
57 31 19
31 58 30
58 31 49
31 59 88
59 31 64
31 60 47
60 31 49
31 61 31
61 31 34
31 62 20
62 31 23
31 63 56
63 31 48
31 64 26
64 31 33
31 65 34
65 31 40
31 66 13
66 31 25
31 67 30
67 31 26
31 68 65
68 31 56
31 69 63
69 31 63
31 70 73
70 31 60
31 71 12
71 31 15
31 72 28
72 31 29
31 73 47
73 31 38
31 74 30
74 31 24
31 75 11
75 31 22
32 34 25
34 32 36
32 39 14
39 32 21
32 40 25
40 32 18
32 41 16
41 32 19
32 42 11
42 32 14
32 43 16
43 32 20
32 44 31
44 32 24
32 45 38
45 32 28
32 46 41
46 32 28
32 48 25
48 32 17
32 50 12
50 32 10
32 51 27
51 32 29
32 53 56
53 32 42
32 55 17
55 32 20
32 56 55
56 32 39
32 6 33
6 32 32
32 8 27
8 32 30
32 17 24
17 32 32
32 23 13
23 32 24
32 25 27
25 32 23
32 33 15
33 32 26
32 35 20
35 32 34
32 36 28
36 32 37
32 37 41
37 32 43
32 38 21
38 32 31
32 47 26
47 32 23
32 49 30
49 32 29
32 52 37
52 32 40
32 54 25
54 32 44
32 57 46
57 32 34
32 58 73
58 32 56
32 59 36
59 32 45
32 60 15
60 32 25
32 61 14
61 32 10
32 62 8
62 32 6
32 63 21
63 32 26
32 64 29
64 32 47
32 65 61
65 32 53
32 66 27
66 32 23
32 67 16
67 32 13
32 68 52
68 32 35
32 69 57
69 32 45
32 70 36
70 32 41
32 71 29
71 32 32
32 72 6
72 32 5
32 73 20
73 32 17
32 74 21
74 32 16
32 75 10
75 32 18
34 39 27
39 34 25
34 40 66
40 34 54
34 41 54
41 34 54
34 42 63
42 34 50
34 43 43
43 34 34
34 44 30
44 34 21
34 45 8
45 34 9
34 46 19
46 34 35
34 48 49
48 34 45
34 50 34
50 34 28
34 51 12
51 34 12
34 53 10
53 34 15
34 55 61
55 34 55
34 56 36
56 34 25
34 6 4
6 34 5
34 8 41
8 34 30
34 17 46
17 34 46
34 23 38
23 34 49
34 25 20
25 34 15
34 33 15
33 34 11
34 35 50
35 34 40
34 36 39
36 34 35
34 37 25
37 34 18
34 38 33
38 34 27
34 47 43
47 34 30
34 49 45
49 34 40
34 52 7
52 34 7
34 54 25
54 34 49
34 57 15
57 34 18
34 58 22
58 34 21
34 59 68
59 34 47
34 60 52
60 34 48
34 61 29
61 34 39
34 62 29
62 34 40
34 63 80
63 34 60
34 64 29
64 34 21
34 65 18
65 34 22
34 66 10
66 34 13
34 67 22
67 34 24
34 68 59
68 34 46
34 69 24
69 34 43
34 70 49
70 34 45
34 71 32
71 34 22
34 72 22
72 34 38
34 73 48
73 34 34
34 74 25
74 34 20
34 75 15
75 34 18
39 40 47
40 39 38
39 41 49
41 39 39
39 42 23
42 39 34
39 43 8
43 39 9
39 44 34
44 39 28
39 45 21
45 39 22
39 46 48
46 39 40
39 48 25
48 39 22
39 50 6
50 39 11
39 51 15
51 39 27
39 53 28
53 39 38
39 55 33
55 39 35
39 56 55
56 39 42
39 6 29
6 39 20
39 8 6
8 39 10
39 17 24
17 39 22
39 23 26
23 39 24
39 25 12
25 39 12
39 33 24
33 39 22
39 35 26
35 39 47
39 36 56
36 39 46
39 37 22
37 39 23
39 38 10
38 39 10
39 47 50
47 39 34
39 49 21
49 39 16
39 52 27
52 39 26
39 54 25
54 39 28
39 57 15
57 39 14
39 58 32
58 39 42
39 59 31
59 39 57
39 60 56
60 39 44
39 61 43
61 39 30
39 62 29
62 39 22
39 63 24
63 39 47
39 64 15
64 39 28
39 65 37
65 39 35
39 66 18
66 39 17
39 67 26
67 39 19
39 68 38
68 39 50
39 69 65
69 39 55
39 70 61
70 39 53
39 71 16
71 39 11
39 72 25
72 39 26
39 73 19
73 39 32
39 74 16
74 39 16
39 75 9
75 39 14
40 41 3
41 40 4
40 42 3
42 40 4
40 43 35
43 40 32
40 44 49
44 40 40
40 45 23
45 40 46
40 46 21
46 40 38
40 48 29
48 40 21
40 50 38
50 40 28
40 51 30
51 40 46
40 53 85
53 40 59
40 55 9
55 40 10
40 56 40
56 40 54
40 6 53
6 40 50
40 8 38
8 40 44
40 17 38
17 40 39
40 23 19
23 40 26
40 25 59
25 40 41
40 33 58
33 40 44
40 35 35
35 40 43
40 36 54
36 40 48
40 37 74
37 40 60
40 38 32
38 40 47
40 47 47
47 40 36
40 49 36
49 40 39
40 52 84
52 40 58
40 54 29
54 40 53
40 57 42
57 40 51
40 58 108
58 40 74
40 59 75
59 40 54
40 60 36
60 40 26
40 61 13
61 40 18
40 62 13
62 40 15
40 63 17
63 40 12
40 64 96
64 40 65
40 65 51
65 40 71
40 66 54
66 40 41
40 67 31
67 40 30
40 68 33
68 40 40
40 69 43
69 40 55
40 70 57
70 40 49
40 71 34
71 40 49
40 72 23
72 40 16
40 73 31
73 40 28
40 74 26
74 40 34
40 75 22
75 40 36
41 42 5
42 41 5
41 43 40
43 41 34
41 44 37
44 41 38
41 45 36
45 41 46
41 46 23
46 41 35
41 48 22
48 41 24
41 50 37
50 41 29
41 51 35
51 41 46
41 53 53
53 41 58
41 55 19
55 41 14
41 56 51
56 41 52
41 6 69
6 41 50
41 8 34
8 41 46
41 17 37
17 41 42
41 23 20
23 41 30
41 25 23
25 41 41
41 33 27
33 41 44
41 35 53
35 41 39
41 36 34
36 41 45
41 37 76
37 41 61
41 38 48
38 41 48
41 47 47
47 41 34
41 49 51
49 41 42
41 52 60
52 41 59
41 54 39
54 41 56
41 57 68
57 41 52
41 58 62
58 41 74
41 59 66
59 41 50
41 60 32
60 41 22
41 61 8
61 41 16
41 62 24
62 41 17
41 63 12
63 41 9
41 64 42
64 41 66
41 65 79
65 41 72
41 66 32
66 41 41
41 67 33
67 41 30
41 68 43
68 41 36
41 69 66
69 41 51
41 70 67
70 41 45
41 71 37
71 41 50
41 72 23
72 41 16
41 73 24
73 41 26
41 74 35
74 41 34
41 75 32
75 41 36
42 43 43
43 42 29
42 44 21
44 42 36
42 45 41
45 42 42
42 46 19
46 42 34
42 48 14
48 42 19
42 50 12
50 42 24
42 51 34
51 42 42
42 53 78
53 42 55
42 55 10
55 42 12
42 56 72
56 42 50
42 6 51
6 42 46
42 8 48
8 42 41
42 17 33
17 42 38
42 23 22
23 42 26
42 25 35
25 42 37
42 33 55
33 42 40
42 35 48
35 42 39
42 36 64
36 42 44
42 37 36
37 42 56
42 38 23
38 42 43
42 47 33
47 42 32
42 49 49
49 42 37
42 52 28
52 42 54
42 54 30
54 42 51
42 57 41
57 42 48
42 58 87
58 42 70
42 59 41
59 42 50
42 60 15
60 42 24
42 61 12
61 42 14
42 62 11
62 42 12
42 63 15
63 42 14
42 64 32
64 42 61
42 65 62
65 42 67
42 66 37
66 42 37
42 67 18
67 42 26
42 68 54
68 42 37
42 69 29
69 42 51
42 70 47
70 42 45
42 71 57
71 42 45
42 72 13
72 42 12
42 73 13
73 42 24
42 74 37
74 42 30
42 75 16
75 42 32
43 44 49
44 43 34
43 45 36
45 43 31
43 46 44
46 43 44
43 48 8
48 43 13
43 50 14
50 43 12
43 51 34
51 43 34
43 53 45
53 43 47
43 55 38
55 43 27
43 56 57
56 43 49
43 6 29
6 43 29
43 8 6
8 43 12
43 17 18
17 43 14
43 23 8
23 43 15
43 25 25
25 43 20
43 33 37
33 43 30
43 35 31
35 43 50
43 36 56
36 43 51
43 37 32
37 43 32
43 38 17
38 43 15
43 47 39
47 43 38
43 49 10
49 43 10
43 52 39
52 43 35
43 54 28
54 43 25
43 57 20
57 43 22
43 58 66
58 43 52
43 59 34
59 43 61
43 60 67
60 43 45
43 61 26
61 43 29
43 62 11
62 43 18
43 63 52
63 43 43
43 64 46
64 43 36
43 65 48
65 43 43
43 66 16
66 43 25
43 67 12
67 43 23
43 68 30
68 43 53
43 69 59
69 43 60
43 70 60
70 43 57
43 71 26
71 43 18
43 72 24
72 43 25
43 73 18
73 43 34
43 74 21
74 43 22
43 75 31
75 43 21
44 45 10
45 44 12
44 46 8
46 44 15
44 48 48
48 44 39
44 50 20
50 44 23
44 51 6
51 44 9
44 53 10
53 44 20
44 55 39
55 44 44
44 56 13
56 44 15
44 6 16
6 44 20
44 8 29
8 44 38
44 17 41
17 44 48
44 23 54
23 44 45
44 25 25
25 44 18
44 33 6
33 44 10
44 35 20
35 44 20
44 36 10
36 44 18
44 37 20
37 44 36
44 38 39
38 44 36
44 47 8
47 44 9
44 49 65
49 44 44
44 52 39
52 44 27
44 54 68
54 44 57
44 57 33
57 44 32
44 58 32
58 44 39
44 59 34
59 44 30
44 60 27
60 44 28
44 61 32
61 44 22
44 62 28
62 44 30
44 63 61
63 44 43
44 64 41
64 44 40
44 65 31
65 44 42
44 66 7
66 44 13
44 67 16
67 44 12
44 68 32
68 44 26
44 69 36
69 44 27
44 70 23
70 44 27
44 71 39
71 44 34
44 72 22
72 44 24
44 73 14
73 44 14
44 74 16
74 44 12
44 75 7
75 44 14
45 46 18
46 45 27
45 48 54
48 45 39
45 50 17
50 45 22
45 51 5
51 45 5
45 53 8
53 45 16
45 55 32
55 45 48
45 56 29
56 45 21
45 6 10
6 45 8
45 8 27
8 45 30
45 17 55
17 45 44
45 23 37
23 45 44
45 25 7
25 45 11
45 33 1
33 45 2
45 35 39
35 45 32
45 36 30
36 45 28
45 37 20
37 45 24
45 38 35
38 45 28
45 47 11
47 45 21
45 49 54
49 45 39
45 52 19
52 45 16
45 54 74
54 45 50
45 57 15
57 45 21
45 58 35
58 45 29
45 59 52
59 45 40
45 60 27
60 45 39
45 61 26
61 45 30
45 62 34
62 45 33
45 63 36
63 45 51
45 64 15
64 45 28
45 65 44
65 45 31
45 66 6
66 45 6
45 67 17
67 45 16
45 68 39
68 45 38
45 69 24
69 45 37
45 70 53
70 45 38
45 71 30
71 45 24
45 72 36
72 45 30
45 73 37
73 45 25
45 74 12
74 45 12
45 75 14
75 45 11
46 48 27
48 46 44
46 50 25
50 46 32
46 51 24
51 46 23
46 53 16
53 46 31
46 55 27
55 46 45
46 56 14
56 46 19
46 6 47
6 46 35
46 8 27
8 46 50
46 17 66
17 46 58
46 23 59
23 46 51
46 25 40
25 46 32
46 33 14
33 46 25
46 35 5
35 46 6
46 36 5
36 46 10
46 37 43
37 46 51
46 38 45
38 46 49
46 47 5
47 46 6
46 49 64
49 46 54
46 52 55
52 46 42
46 54 56
54 46 68
46 57 26
57 46 46
46 58 29
58 46 53
46 59 26
59 46 18
46 60 25
60 46 17
46 61 30
61 46 21
46 62 36
62 46 34
46 63 37
63 46 36
46 64 54
64 46 55
46 65 51
65 46 57
46 66 20
66 46 27
46 67 16
67 46 22
46 68 13
68 46 11
46 69 17
69 46 17
46 70 12
70 46 13
46 71 26
71 46 47
46 72 18
72 46 25
46 73 13
73 46 11
46 74 28
74 46 24
46 75 39
75 46 27
48 50 18
50 48 17
48 51 47
51 48 42
48 53 36
53 48 55
48 55 13
55 48 14
48 56 56
56 48 54
48 6 30
6 48 40
48 8 26
8 48 25
48 17 10
17 48 18
48 23 8
23 48 7
48 25 23
25 48 30
48 33 54
33 48 38
48 35 37
35 48 50
48 36 53
36 48 53
48 37 29
37 48 45
48 38 38
38 48 28
48 47 21
47 48 40
48 49 23
49 48 18
48 52 41
52 48 47
48 54 42
54 48 32
48 57 53
57 48 36
48 58 61
58 48 64
48 59 34
59 48 62
48 60 57
60 48 40
48 61 33
61 48 25
48 62 13
62 48 11
48 63 33
63 48 33
48 64 55
64 48 50
48 65 53
65 48 56
48 66 49
66 48 33
48 67 15
67 48 26
48 68 44
68 48 51
48 69 58
69 48 62
48 70 42
70 48 57
48 71 26
71 48 32
48 72 18
72 48 20
48 73 18
73 48 33
48 74 34
74 48 28
48 75 14
75 48 28
50 51 32
51 50 25
50 53 21
53 50 38
50 55 14
55 50 27
50 56 51
56 50 38
50 6 23
6 50 24
50 8 17
8 50 20
50 17 23
17 50 26
50 23 25
23 50 22
50 25 18
25 50 14
50 33 21
33 50 21
50 35 51
35 50 38
50 36 35
36 50 39
50 37 18
37 50 32
50 38 31
38 50 21
50 47 16
47 50 26
50 49 22
49 50 22
50 52 24
52 50 32
50 54 45
54 50 36
50 57 12
57 50 24
50 58 40
58 50 48
50 59 64
59 50 49
50 60 46
60 50 34
50 61 21
61 50 19
50 62 16
62 50 13
50 63 20
63 50 37
50 64 28
64 50 37
50 65 32
65 50 43
50 66 20
66 50 16
50 67 13
67 50 11
50 68 60
68 50 41
50 69 48
69 50 48
50 70 44
70 50 45
50 71 17
71 50 22
50 72 12
72 50 15
50 73 30
73 50 22
50 74 7
74 50 11
50 75 16
75 50 11
51 53 13
53 51 13
51 55 33
55 51 50
51 56 10
56 51 16
51 6 15
6 51 13
51 8 30
8 51 35
51 17 28
17 51 48
51 23 54
23 51 47
51 25 9
25 51 15
51 33 5
33 51 4
51 35 39
35 51 28
51 36 19
36 51 24
51 37 35
37 51 29
51 38 34
38 51 33
51 47 25
47 51 18
51 49 32
49 51 43
51 52 21
52 51 19
51 54 51
54 51 54
51 57 34
57 51 26
51 58 37
58 51 31
51 59 35
59 51 35
51 60 22
60 51 37
51 61 19
61 51 30
51 62 20
62 51 35
51 63 73
63 51 51
51 64 30
64 51 32
51 65 50
65 51 34
51 66 11
66 51 10
51 67 17
67 51 17
51 68 39
68 51 34
51 69 47
69 51 32
51 70 43
70 51 33
51 71 22
71 51 29
51 72 40
72 51 30
51 73 34
73 51 23
51 74 20
74 51 14
51 75 14
75 51 14
53 55 45
55 53 63
53 56 10
56 53 14
53 6 25
6 53 19
53 8 45
8 53 45
53 17 89
17 53 60
53 23 56
23 53 60
53 25 28
25 53 26
53 33 17
33 53 17
53 35 26
35 53 34
53 36 16
36 53 27
53 37 20
37 53 32
53 38 57
38 53 42
53 47 32
47 53 28
53 49 28
49 53 54
53 52 24
52 53 20
53 54 80
54 53 64
53 57 23
57 53 33
53 58 13
58 53 23
53 59 54
59 53 37
53 60 33
60 53 47
53 61 63
61 53 43
53 62 66
62 53 48
53 63 89
63 53 63
53 64 39
64 53 34
53 65 31
65 53 33
53 66 17
66 53 22
53 67 17
67 53 30
53 68 40
68 53 41
53 69 35
69 53 33
53 70 52
70 53 37
53 71 54
71 53 37
53 72 23
72 53 43
53 73 32
73 53 34
53 74 28
74 53 27
53 75 32
75 53 27
55 56 57
56 55 59
55 6 56
6 55 51
55 8 51
8 55 39
55 17 25
17 55 31
55 23 14
23 55 18
55 25 32
25 55 41
55 33 56
33 55 46
55 35 43
35 55 50
55 36 66
36 55 55
55 37 60
37 55 58
55 38 49
38 55 42
55 47 33
47 55 42
55 49 25
49 55 32
55 52 84
52 55 59
55 54 23
54 55 45
55 57 50
57 55 49
55 58 94
58 55 75
55 59 43
59 55 62
55 60 26
60 55 36
55 61 32
61 55 25
55 62 12
62 55 15
55 63 25
63 55 22
55 64 61
64 55 63
55 65 71
65 55 69
55 66 52
66 55 43
55 67 47
67 55 33
55 68 54
68 55 49
55 69 34
69 55 62
55 70 85
70 55 57
55 71 27
71 55 45
55 72 21
72 55 21
55 73 28
73 55 34
55 74 18
74 55 36
55 75 37
75 55 37
56 6 25
6 56 27
56 8 71
8 56 50
56 17 88
17 56 63
56 23 46
23 56 60
56 25 27
25 56 30
56 33 23
33 56 20
56 35 26
35 56 20
56 36 13
36 56 13
56 37 36
37 56 43
56 38 58
38 56 48
56 47 21
47 56 18
56 49 51
49 56 58
56 52 22
52 56 32
56 54 50
54 56 70
56 57 59
57 56 41
56 58 19
58 56 37
56 59 21
59 56 23
56 60 44
60 56 36
56 61 38
61 56 36
56 62 50
62 56 45
56 63 31
63 56 55
56 64 68
64 56 46
56 65 46
65 56 46
56 66 13
66 56 25
56 67 35
67 56 28
56 68 19
68 56 27
56 69 26
69 56 19
56 70 29
70 56 23
56 71 61
71 56 45
56 72 47
72 56 38
56 73 14
73 56 26
56 74 37
74 56 27
56 75 34
75 56 28
6 8 19
8 6 26
6 17 37
17 6 41
6 23 35
23 6 44
6 25 14
25 6 10
6 33 7
33 6 10
6 35 22
35 6 40
6 36 36
36 6 36
6 37 14
37 6 16
6 38 31
38 6 22
6 47 35
47 6 29
6 49 22
49 6 36
6 52 6
52 6 9
6 54 41
54 6 44
6 57 14
57 6 14
6 58 19
58 6 24
6 59 61
59 6 48
6 60 64
60 6 46
6 61 37
61 6 36
6 62 26
62 6 36
6 63 30
63 6 57
6 64 18
64 6 20
6 65 15
65 6 23
6 66 9
66 6 9
6 67 26
67 6 20
6 68 47
68 6 46
6 69 27
69 6 45
6 70 43
70 6 46
6 71 25
71 6 18
6 72 35
72 6 34
6 73 37
73 6 32
6 74 19
74 6 16
6 75 11
75 6 14
8 17 25
17 8 17
8 23 16
23 8 25
8 25 14
25 8 20
8 33 19
33 8 31
8 35 55
35 8 56
8 36 72
36 8 56
8 37 16
37 8 22
8 38 4
38 8 4
8 47 29
47 8 44
8 49 12
49 8 11
8 52 24
52 8 29
8 54 23
54 8 19
8 57 13
57 8 14
8 58 42
58 8 44
8 59 98
59 8 67
8 60 76
60 8 54
8 61 39
61 8 39
8 62 33
62 8 30
8 63 81
63 8 55
8 64 36
64 8 26
8 65 34
65 8 33
8 66 36
66 8 25
8 67 23
67 8 29
8 68 40
68 8 60
8 69 39
69 8 65
8 70 88
70 8 63
8 71 13
71 8 9
8 72 22
72 8 35
8 73 31
73 8 41
8 74 37
74 8 26
8 75 29
75 8 24
17 23 7
23 17 13
17 25 38
25 17 34
17 33 64
33 17 44
17 35 72
35 17 64
17 36 84
36 17 65
17 37 52
37 17 39
17 38 24
38 17 21
17 47 67
47 17 52
17 49 5
49 17 6
17 52 32
52 17 46
17 54 10
54 17 14
17 57 43
57 17 31
17 58 75
58 17 61
17 59 99
59 17 75
17 60 41
60 17 57
17 61 27
61 17 42
17 62 17
62 17 28
17 63 67
63 17 51
17 64 54
64 17 43
17 65 27
65 17 50
17 66 26
66 17 38
17 67 21
67 17 37
17 68 82
68 17 66
17 69 65
69 17 74
17 70 97
70 17 71
17 71 38
71 17 26
17 72 54
72 17 37
17 73 44
73 17 48
17 74 24
74 17 36
17 75 39
75 17 35
23 25 39
25 23 34
23 33 22
33 23 43
23 35 33
35 23 57
23 36 37
36 23 60
23 37 36
37 23 46
23 38 17
38 23 29
23 47 44
47 23 47
23 49 18
49 23 15
23 52 62
52 23 50
23 54 32
54 23 27
23 57 48
57 23 37
23 58 53
58 23 66
23 59 69
59 23 69
23 60 66
60 23 47
23 61 19
61 23 32
23 62 18
62 23 18
23 63 20
63 23 38
23 64 68
64 23 51
23 65 63
65 23 58
23 66 48
66 23 38
23 67 41
67 23 33
23 68 41
68 23 58
23 69 92
69 23 68
23 70 73
70 23 64
23 71 24
71 23 33
23 72 23
72 23 27
23 73 45
73 23 40
23 74 23
74 23 33
23 75 29
75 23 33
25 33 14
33 25 11
25 35 45
35 25 38
25 36 31
36 25 36
25 37 15
37 25 21
25 38 22
38 25 18
25 47 13
47 25 26
25 49 16
49 25 28
25 52 12
52 25 18
25 54 40
54 25 39
25 57 19
57 25 14
25 58 37
58 25 34
25 59 28
59 25 48
25 60 38
60 25 40
25 61 38
61 25 28
25 62 36
62 25 26
25 63 46
63 25 49
25 64 20
64 25 26
25 65 35
65 25 31
25 66 3
66 25 6
25 67 15
67 25 13
25 68 53
68 25 43
25 69 58
69 25 45
25 70 41
70 25 45
25 71 21
71 25 15
25 72 18
72 25 26
25 73 25
73 25 26
25 74 7
74 25 9
25 75 3
75 25 6
33 35 41
35 33 30
33 36 24
36 33 27
33 37 23
37 33 26
33 38 30
38 33 28
33 47 19
47 33 19
33 49 38
49 33 38
33 52 20
52 33 18
33 54 56
54 33 50
33 57 32
57 33 22
33 58 23
58 33 31
33 59 20
59 33 39
33 60 42
60 33 37
33 61 32
61 33 28
33 62 40
62 33 32
33 63 36
63 33 49
33 64 42
64 33 30
33 65 18
65 33 33
33 66 4
66 33 5
33 67 10
67 33 14
33 68 24
68 33 36
33 69 47
69 33 36
33 70 51
70 33 36
33 71 19
71 33 25
33 72 33
72 33 28
33 73 22
73 33 22
33 74 14
74 33 10
33 75 5
75 33 10
35 36 9
36 35 8
35 37 33
37 35 56
35 38 48
38 35 55
35 47 12
47 35 12
35 49 64
49 35 60
35 52 64
52 35 47
35 54 77
54 35 74
35 57 65
57 35 52
35 58 50
58 35 56
35 59 10
59 35 12
35 60 10
60 35 18
35 61 14
61 35 26
35 62 41
62 35 39
35 63 34
63 35 39
35 64 71
64 35 60
35 65 70
65 35 62
35 66 19
66 35 33
35 67 21
67 35 28
35 68 8
68 35 7
35 69 9
69 35 12
35 70 8
70 35 7
35 71 55
71 35 53
35 72 16
72 35 30
35 73 19
73 35 17
35 74 15
74 35 30
35 75 45
75 35 33
36 37 44
37 36 53
36 38 53
38 36 54
36 47 19
47 36 13
36 49 86
49 36 61
36 52 60
52 36 42
36 54 82
54 36 74
36 57 31
57 36 49
36 58 51
58 36 50
36 59 10
59 36 12
36 60 18
60 36 26
36 61 19
61 36 30
36 62 38
62 36 42
36 63 52
63 36 46
36 64 28
64 36 56
36 65 67
65 36 57
36 66 42
66 36 31
36 67 30
67 36 28
36 68 21
68 36 15
36 69 11
69 36 9
36 70 9
70 36 10
36 71 56
71 36 51
36 72 49
72 36 34
36 73 17
73 36 21
36 74 42
74 36 30
36 75 38
75 36 32
37 38 17
38 37 18
37 47 43
47 37 45
37 49 43
49 37 34
37 52 9
52 37 12
37 54 54
54 37 37
37 57 5
57 37 9
37 58 31
58 37 23
37 59 84
59 37 64
37 60 33
60 37 61
37 61 47
61 37 49
37 62 55
62 37 45
37 63 98
63 37 69
37 64 5
64 37 5
37 65 10
65 37 12
37 66 29
66 37 24
37 67 19
67 37 34
37 68 32
68 37 62
37 69 69
69 37 61
37 70 75
70 37 62
37 71 11
71 37 13
37 72 66
72 37 47
37 73 27
73 37 47
37 74 26
74 37 30
37 75 26
75 37 27
38 47 40
47 38 43
38 49 19
49 38 16
38 52 37
52 38 25
38 54 24
54 38 22
38 57 11
57 38 10
38 58 44
58 38 40
38 59 44
59 38 66
38 60 30
60 38 54
38 61 31
61 38 40
38 62 26
62 38 32
38 63 75
63 38 57
38 64 22
64 38 22
38 65 28
65 38 29
38 66 27
66 38 23
38 67 20
67 38 28
38 68 49
68 38 59
38 69 82
69 38 63
38 70 33
70 38 62
38 71 4
71 38 5
38 72 43
72 38 36
38 73 52
73 38 41
38 74 27
74 38 25
38 75 32
75 38 22
47 49 47
49 47 48
47 52 26
52 47 37
47 54 43
54 47 62
47 57 57
57 47 40
47 58 58
58 47 48
47 59 32
59 47 23
47 60 10
60 47 19
47 61 16
61 47 18
47 62 30
62 47 29
47 63 22
63 47 37
47 64 38
64 47 49
47 65 33
65 47 52
47 66 12
66 47 21
47 67 10
67 47 16
47 68 10
68 47 17
47 69 18
69 47 22
47 70 21
70 47 19
47 71 47
71 47 41
47 72 31
72 47 21
47 73 10
73 47 8
47 74 19
74 47 18
47 75 30
75 47 21
49 52 23
52 49 40
49 54 20
54 49 15
49 57 30
57 49 25
49 58 79
58 49 55
49 59 61
59 49 71
49 60 69
60 49 54
49 61 37
61 49 39
49 62 13
62 49 26
49 63 52
63 49 51
49 64 45
64 49 38
49 65 32
65 49 45
49 66 25
66 49 33
49 67 45
67 49 33
49 68 38
68 49 63
49 69 83
69 49 70
49 70 69
70 49 67
49 71 28
71 49 20
49 72 49
72 49 34
49 73 25
73 49 44
49 74 41
74 49 31
49 75 23
75 49 30
52 54 59
54 52 47
52 57 9
57 52 15
52 58 13
58 52 17
52 59 44
59 52 54
52 60 30
60 52 54
52 61 55
61 52 45
52 62 37
62 52 44
52 63 60
63 52 66
52 64 9
64 52 14
52 65 14
65 52 15
52 66 20
66 52 18
52 67 31
67 52 29
52 68 46
68 52 53
52 69 30
69 52 50
52 70 31
70 52 52
52 71 12
71 52 20
52 72 22
72 52 43
52 73 47
73 52 40
52 74 27
74 52 25
52 75 19
75 52 23
54 57 40
57 54 32
54 58 37
58 54 60
54 59 103
59 54 85
54 60 73
60 54 69
54 61 79
61 54 54
54 62 43
62 54 41
54 63 59
63 54 65
54 64 49
64 54 40
54 65 27
65 54 47
54 66 49
66 54 45
54 67 26
67 54 46
54 68 90
68 54 77
54 69 110
69 54 84
54 70 85
70 54 81
54 71 38
71 54 27
54 72 62
72 54 49
54 73 73
73 54 58
54 74 34
74 54 45
54 75 53
75 54 42
57 58 20
58 57 30
57 59 83
59 57 61
57 60 76
60 57 54
57 61 38
61 57 41
57 62 19
62 57 36
57 63 52
63 57 60
57 64 17
64 57 14
57 65 20
65 57 21
57 66 18
66 57 19
57 67 26
67 57 27
57 68 82
68 57 57
57 69 35
69 57 58
57 70 33
70 57 58
57 71 5
71 57 5
57 72 39
72 57 38
57 73 25
73 57 40
57 74 13
74 57 23
57 75 18
75 57 20
58 59 51
59 58 60
58 60 97
60 58 67
58 61 61
61 58 59
58 62 39
62 58 60
58 63 115
63 58 80
58 64 17
64 58 21
58 65 15
65 58 15
58 66 45
66 58 33
58 67 52
67 58 44
58 68 77
68 58 63
58 69 64
69 58 56
58 70 56
70 58 60
58 71 30
71 58 35
58 72 64
72 58 58
58 73 64
73 58 53
58 74 35
74 58 40
58 75 26
75 58 38
59 60 33
60 59 28
59 61 26
61 59 38
59 62 55
62 59 51
59 63 55
63 59 49
59 64 86
64 59 67
59 65 91
65 59 68
59 66 49
66 59 42
59 67 42
67 59 39
59 68 13
68 59 14
59 69 2
69 59 4
59 70 4
70 59 5
59 71 46
71 59 63
59 72 46
72 59 42
59 73 38
73 59 29
59 74 55
74 59 41
59 75 29
75 59 43
60 61 12
61 60 15
60 62 41
62 60 29
60 63 17
63 60 21
60 64 75
64 60 66
60 65 35
65 60 69
60 66 55
66 60 37
60 67 30
67 60 27
60 68 12
68 60 14
60 69 26
69 60 30
60 70 25
70 60 23
60 71 77
71 60 54
60 72 14
72 60 20
60 73 13
73 60 15
60 74 32
74 60 31
60 75 50
75 60 34
61 62 18
62 61 14
61 63 30
63 61 21
61 64 71
64 61 54
61 65 43
65 61 59
61 66 15
66 61 27
61 67 19
67 61 15
61 68 29
68 61 26
61 69 27
69 61 38
61 70 40
70 61 33
61 71 33
71 61 40
61 72 4
72 61 5
61 73 12
73 61 10
61 74 24
74 61 19
61 75 11
75 61 22
62 63 34
63 62 25
62 64 63
64 62 50
62 65 72
65 62 56
62 66 38
66 62 28
62 67 12
67 62 18
62 68 49
68 62 40
62 69 43
69 62 51
62 70 59
70 62 46
62 71 44
71 62 34
62 72 5
72 62 9
62 73 21
73 62 22
62 74 13
74 62 21
62 75 19
75 62 22
63 64 86
64 63 74
63 65 40
65 63 79
63 66 32
66 63 48
63 67 27
67 63 36
63 68 48
68 63 35
63 69 34
69 63 51
63 70 62
70 63 44
63 71 57
71 63 59
63 72 16
72 63 22
63 73 21
73 63 29
63 74 27
74 63 40
63 75 41
75 63 43
64 65 5
65 64 7
64 66 17
66 64 28
64 67 44
67 64 39
64 68 56
68 64 66
64 69 94
69 64 64
64 70 72
70 64 66
64 71 14
71 64 18
64 72 52
72 64 51
64 73 35
73 64 51
64 74 32
74 64 34
64 75 35
75 64 32
65 66 33
66 65 32
65 67 46
67 65 43
65 68 40
68 65 68
65 69 77
69 65 65
65 70 40
70 65 67
65 71 35
71 65 25
65 72 66
72 65 57
65 73 31
73 65 55
65 74 28
74 65 39
65 75 25
75 65 36
66 67 10
67 66 11
66 68 34
68 66 38
66 69 25
69 66 40
66 70 31
70 66 40
66 71 17
71 66 21
66 72 30
72 66 25
66 73 13
73 66 23
66 74 5
74 66 7
66 75 3
75 66 5
67 68 46
68 67 31
67 69 30
69 67 38
67 70 30
70 67 35
67 71 31
71 67 27
67 72 16
72 67 14
67 73 17
73 67 13
67 74 5
74 67 4
67 75 10
75 67 7
68 69 13
69 68 16
68 70 10
70 68 9
68 71 33
71 68 58
68 72 32
72 68 30
68 73 17
73 68 19
68 74 25
74 68 34
68 75 50
75 68 37
69 70 7
70 69 8
69 71 59
71 69 61
69 72 40
72 69 42
69 73 31
73 69 29
69 74 53
74 69 39
69 75 61
75 69 41
70 71 59
71 70 60
70 72 40
72 70 37
70 73 35
73 70 24
70 74 40
74 70 37
70 75 55
75 70 40
71 72 53
72 71 37
71 73 36
73 71 40
71 74 18
74 71 24
71 75 21
75 71 21
72 73 12
73 72 14
72 74 12
74 72 18
72 75 22
75 72 21
73 74 9
74 73 17
73 75 23
75 73 20
74 75 4
75 74 3
