1 12 38 0 2550

214 253

1 3 10 37 52

3 8 52 64
8 11 31 62
11 11 42 41
14 10 12 42
17 10 27 23
21 11 62 42
25 8 7 38
27 10 30 48
34 10 61 33
42 10 21 10
47 12 25 32
48 10 25 55
2 9 49 49
4 11 20 26
5 9 40 30
6 8 21 47
7 12 17 63
9 11 52 33
10 12 51 21
12 8 31 32
13 12 5 25
15 12 36 16
16 8 52 41
18 10 17 33
19 8 13 13
20 10 57 58
22 10 42 57
23 11 16 57
24 8 8 52
26 11 27 68
28 10 43 67
29 10 58 48
30 11 58 27
31 11 37 69
32 10 38 46
33 8 46 10
35 12 62 63
36 9 63 69
37 11 32 22
38 10 45 35
39 12 59 15
40 9 5 6
41 11 10 17
43 12 5 64
44 11 30 15
45 9 39 10
46 9 32 39
49 11 48 28
50 10 56 37
51 8 30 40


1 3 13
3 1 19
1 8 16
8 1 12
1 11 11
11 1 12
1 14 17
14 1 27
1 17 39
17 1 31
1 21 22
21 1 27
1 25 33
25 1 33
1 27 5
27 1 8
1 34 35
34 1 31
1 42 35
42 1 45
1 47 19
47 1 23
1 48 8
48 1 12
1 2 10
2 1 12
1 4 46
4 1 31
1 5 17
5 1 22
1 6 16
6 1 17
1 7 17
7 1 23
1 9 33
9 1 24
1 10 48
10 1 34
1 12 15
12 1 21
1 13 38
13 1 42
1 15 20
15 1 36
1 16 13
16 1 19
1 18 35
18 1 28
1 19 32
19 1 46
1 20 22
20 1 21
1 22 4
22 1 7
1 23 28
23 1 22
1 24 38
24 1 29
1 26 27
26 1 19
1 28 20
28 1 16
1 29 25
29 1 21
1 30 16
30 1 32
1 31 22
31 1 17
1 32 7
32 1 6
1 33 34
33 1 43
1 35 28
35 1 27
1 36 20
36 1 31
1 37 21
37 1 30
1 38 26
38 1 19
1 39 43
39 1 43
1 40 32
40 1 56
1 41 34
41 1 44
1 43 19
43 1 34
1 44 38
44 1 37
1 45 39
45 1 42
1 46 7
46 1 14
1 49 38
49 1 26
1 50 26
50 1 24
1 51 18
51 1 14
3 8 14
8 3 21
3 11 27
11 3 25
3 14 47
14 3 45
3 17 33
17 3 48
3 21 29
21 3 24
3 25 49
25 3 51
3 27 19
27 3 27
3 34 46
34 3 32
3 42 86
42 3 62
3 47 36
47 3 42
3 48 32
48 3 28
3 2 19
2 3 15
3 4 30
4 3 50
3 5 21
5 3 36
3 6 24
6 3 35
3 7 33
7 3 35
3 9 31
9 3 31
3 10 56
10 3 43
3 12 42
12 3 38
3 13 43
13 3 61
3 15 30
15 3 51
3 16 27
16 3 23
3 18 70
18 3 47
3 19 49
19 3 64
3 20 9
20 3 8
3 22 8
22 3 12
3 23 34
23 3 37
3 24 60
24 3 46
3 26 13
26 3 25
3 28 11
28 3 9
3 29 11
29 3 17
3 30 41
30 3 37
3 31 16
31 3 15
3 32 30
32 3 23
3 33 65
33 3 54
3 35 6
35 3 10
3 36 8
36 3 12
3 37 65
37 3 46
3 38 33
38 3 30
3 39 44
39 3 49
3 40 69
40 3 75
3 41 85
41 3 63
3 43 28
43 3 47
3 44 37
44 3 53
3 45 67
45 3 56
3 46 32
46 3 32
3 49 42
49 3 36
3 50 28
50 3 27
3 51 38
51 3 33
8 11 25
11 8 24
8 14 15
14 8 28
8 17 40
17 8 39
8 21 47
21 8 37
8 25 46
25 8 34
8 27 13
27 8 14
8 34 29
34 8 42
8 42 41
42 8 53
8 47 32
47 8 31
8 48 5
48 8 9
8 2 24
2 8 22
8 4 28
4 8 38
8 5 27
5 8 33
8 6 23
6 8 18
8 7 11
7 8 14
8 9 42
9 8 36
8 10 55
10 8 46
8 12 44
12 8 30
8 13 42
13 8 45
8 15 25
15 8 46
8 16 43
16 8 30
8 18 38
18 8 32
8 19 68
19 8 52
8 20 15
20 8 26
8 22 9
22 8 12
8 23 12
23 8 16
8 24 15
24 8 25
8 26 7
26 8 7
8 28 16
28 8 13
8 29 37
29 8 30
8 30 65
30 8 44
8 31 12
31 8 9
8 32 19
32 8 17
8 33 38
33 8 54
8 35 46
35 8 31
8 36 39
36 8 33
8 37 57
37 8 40
8 38 37
38 8 30
8 39 80
39 8 54
8 40 89
40 8 62
8 41 56
41 8 49
8 43 38
43 8 26
8 44 30
44 8 47
8 45 71
45 8 53
8 46 23
46 8 23
8 49 33
49 8 38
8 50 51
50 8 35
8 51 28
51 8 22
11 14 37
14 11 30
11 17 18
17 11 23
11 21 11
21 11 20
11 25 44
25 11 35
11 27 9
27 11 14
11 34 16
34 11 21
11 42 49
42 11 37
11 47 22
47 11 19
11 48 16
48 11 22
11 2 10
2 11 11
11 4 34
4 11 27
11 5 16
5 11 11
11 6 22
6 11 22
11 7 27
7 11 33
11 9 9
9 11 13
11 10 28
10 11 22
11 12 14
12 11 14
11 13 26
13 11 40
11 15 35
15 11 26
11 16 10
16 11 10
11 18 31
18 11 26
11 19 56
19 11 40
11 20 25
20 11 23
11 22 17
22 11 16
11 23 46
23 11 31
11 24 30
24 11 36
11 26 19
26 11 31
11 28 36
28 11 26
11 29 25
29 11 17
11 30 11
30 11 21
11 31 19
31 11 28
11 32 3
32 11 6
11 33 46
33 11 31
11 35 30
35 11 30
11 36 26
36 11 35
11 37 22
37 11 21
11 38 4
38 11 7
11 39 33
39 11 31
11 40 68
40 11 51
11 41 45
41 11 40
11 43 52
43 11 44
11 44 36
44 11 28
11 45 45
45 11 31
11 46 12
46 11 10
11 49 17
49 11 14
11 50 10
50 11 15
11 51 11
51 11 12
14 17 14
17 14 24
14 21 59
21 14 50
14 25 3
25 14 6
14 27 25
27 14 19
14 34 62
34 14 50
14 42 44
42 14 33
14 47 21
47 14 16
14 48 26
48 14 18
14 2 35
2 14 38
14 4 15
4 14 18
14 5 38
5 14 30
14 6 7
6 14 10
14 7 24
7 14 22
14 9 47
9 14 41
14 10 45
10 14 44
14 12 31
12 14 21
14 13 16
13 14 18
14 15 23
15 14 35
14 16 25
16 14 40
14 18 7
18 14 10
14 19 40
19 14 29
14 20 32
20 14 48
14 22 28
22 14 34
14 23 21
23 14 16
14 24 9
24 14 11
14 26 40
26 14 30
14 28 51
28 14 40
14 29 59
29 14 46
14 30 61
30 14 48
14 31 48
31 14 37
14 32 30
32 14 26
14 33 31
33 14 47
14 35 35
35 14 54
14 36 67
36 14 58
14 37 25
37 14 28
14 38 37
38 14 34
14 39 64
39 14 54
14 40 38
40 14 37
14 41 32
41 14 25
14 43 29
43 14 23
14 44 36
44 14 32
14 45 43
45 14 42
14 46 20
46 14 20
14 49 41
49 14 39
14 50 53
50 14 44
14 51 9
51 14 18
17 21 22
21 17 40
17 25 28
25 17 25
17 27 15
27 17 25
17 34 18
34 17 35
17 42 8
42 17 14
17 47 12
47 17 9
17 48 38
48 17 32
17 2 38
2 17 34
17 4 5
4 17 8
17 5 18
5 17 15
17 6 27
6 17 25
17 7 32
7 17 41
17 9 22
9 17 27
17 10 31
10 17 24
17 12 6
12 17 10
17 13 22
13 17 22
17 15 8
15 17 11
17 16 41
16 17 31
17 18 19
18 17 14
17 19 22
19 17 17
17 20 57
20 17 46
17 22 33
22 17 37
17 23 31
23 17 36
17 24 50
24 17 35
17 26 26
26 17 45
17 28 24
28 17 47
17 29 57
29 17 40
17 30 45
30 17 31
17 31 34
31 17 47
17 32 14
32 17 25
17 33 28
33 17 23
17 35 35
35 17 53
17 36 62
36 17 58
17 37 4
37 17 5
17 38 20
38 17 22
17 39 17
39 17 33
17 40 21
40 17 28
17 41 9
41 17 18
17 43 52
43 17 47
17 44 8
44 17 9
17 45 24
45 17 18
17 46 10
46 17 17
17 49 15
49 17 22
17 50 33
50 17 32
17 51 10
51 17 17
21 25 63
25 21 55
21 27 20
27 21 33
21 34 6
34 21 9
21 42 33
42 21 52
21 47 47
47 21 38
21 48 22
48 21 39
21 2 22
2 21 15
21 4 62
4 21 45
21 5 20
5 21 25
21 6 44
6 21 41
21 7 32
7 21 50
21 9 8
9 21 13
21 10 23
10 21 24
21 12 39
12 21 33
21 13 70
13 21 59
21 15 19
15 21 37
21 16 6
16 21 10
21 18 46
18 21 46
21 19 58
19 21 57
21 20 20
20 21 17
21 22 18
22 21 25
21 23 66
23 21 48
21 24 32
24 21 55
21 26 27
26 21 44
21 28 41
28 21 31
21 29 9
29 21 7
21 30 8
30 21 16
21 31 25
31 21 37
21 32 29
32 21 24
21 33 31
33 21 36
21 35 21
35 21 21
21 36 34
36 21 27
21 37 53
37 21 36
21 38 21
38 21 18
21 39 38
39 21 27
21 40 56
40 21 67
21 41 37
41 21 57
21 43 52
43 21 61
21 44 29
44 21 42
21 45 23
45 21 39
21 46 17
46 21 30
21 49 19
49 21 20
21 50 4
50 21 8
21 51 29
51 21 32
25 27 35
27 25 25
25 34 43
34 25 54
25 42 25
42 25 31
25 47 22
47 25 19
25 48 32
48 25 25
25 2 56
2 25 43
25 4 23
4 25 18
25 5 19
5 25 34
25 6 15
6 25 16
25 7 29
7 25 27
25 9 65
9 25 45
25 10 42
10 25 47
25 12 24
12 25 25
25 13 13
13 25 13
25 15 47
15 25 36
25 16 26
16 25 45
25 18 15
18 25 11
25 19 26
19 25 26
25 20 32
20 25 54
25 22 44
22 25 40
25 23 30
23 25 21
25 24 17
24 25 14
25 26 37
26 25 36
25 28 24
28 25 46
25 29 28
29 25 52
25 30 73
30 25 52
25 31 32
31 25 43
25 32 21
32 25 32
25 33 66
33 25 48
25 35 40
35 25 60
25 36 65
36 25 64
25 37 29
37 25 30
25 38 38
38 25 38
25 39 39
39 25 57
25 40 26
40 25 32
25 41 26
41 25 21
25 43 22
43 25 26
25 44 23
44 25 33
25 45 50
45 25 43
25 46 22
46 25 25
25 49 52
49 25 42
25 50 55
50 25 49
25 51 29
51 25 23
27 34 19
34 27 34
27 42 34
42 27 39
27 47 11
47 27 17
27 48 7
48 27 9
27 2 25
2 27 19
27 4 25
4 27 24
27 5 21
5 27 21
27 6 12
6 27 9
27 7 22
7 27 20
27 9 31
9 27 27
27 10 27
10 27 34
27 12 21
12 27 16
27 13 24
13 27 34
27 15 34
15 27 33
27 16 20
16 27 23
27 18 18
18 27 20
27 19 56
19 27 39
27 20 29
20 27 29
27 22 22
22 27 15
27 23 9
23 27 17
27 24 15
24 27 22
27 26 18
26 27 20
27 28 27
28 27 23
27 29 36
29 27 28
27 30 24
30 27 35
27 31 18
31 27 22
27 32 10
32 27 8
27 33 31
33 27 41
27 35 39
35 27 35
27 36 37
36 27 39
27 37 14
37 27 26
27 38 23
38 27 20
27 39 26
39 27 44
27 40 54
40 27 49
27 41 49
41 27 37
27 43 39
43 27 30
27 44 37
44 27 33
27 45 42
45 27 39
27 46 11
46 27 9
27 49 18
49 27 27
27 50 34
50 27 28
27 51 8
51 27 8
34 42 48
42 34 46
34 47 32
47 34 36
34 48 45
48 34 42
34 2 16
2 34 20
34 4 36
4 34 41
34 5 12
5 34 21
34 6 25
6 34 42
34 7 57
7 34 53
34 9 10
9 34 9
34 10 8
10 34 16
34 12 19
12 34 30
34 13 77
13 34 57
34 15 41
15 34 30
34 16 16
16 34 12
34 18 49
18 34 44
34 19 56
19 34 52
34 20 13
20 34 25
34 22 41
22 34 31
34 23 30
23 34 51
34 24 34
24 34 56
34 26 40
26 34 49
34 28 41
28 34 38
34 29 21
29 34 15
34 30 5
30 34 7
34 31 28
31 34 43
34 32 30
32 34 26
34 33 27
33 34 27
34 35 32
35 34 30
34 36 19
36 34 36
34 37 45
37 34 31
34 38 14
38 34 16
34 39 11
39 34 18
34 40 82
40 34 62
34 41 58
41 34 53
34 43 43
43 34 64
34 44 52
44 34 36
34 45 25
45 34 32
34 46 37
46 34 30
34 49 7
49 34 14
34 50 5
50 34 6
34 51 39
51 34 32
42 47 17
47 42 22
42 48 41
48 42 45
42 2 43
2 42 48
42 4 17
4 42 16
42 5 31
5 42 27
42 6 33
6 42 37
42 7 47
7 42 53
42 9 28
9 42 39
42 10 45
10 42 32
42 12 33
12 42 24
42 13 23
13 42 22
42 15 15
15 42 16
42 16 41
16 42 44
42 18 17
18 42 23
42 19 9
19 42 9
42 20 81
20 42 60
42 22 47
22 42 51
42 23 45
23 42 47
42 24 48
24 42 44
42 26 81
26 42 58
42 28 53
28 42 61
42 29 53
29 42 53
42 30 28
30 42 41
42 31 54
31 42 61
42 32 51
32 42 40
42 33 28
33 42 25
42 35 59
35 42 67
42 36 69
36 42 72
42 37 17
37 42 16
42 38 49
38 42 35
42 39 26
39 42 38
42 40 21
40 42 16
42 41 14
41 42 13
42 43 56
43 42 56
42 44 13
44 42 10
42 45 22
45 42 18
42 46 42
46 42 31
42 49 21
49 42 32
42 50 39
50 42 44
42 51 37
51 42 31
47 48 28
48 47 23
47 2 42
2 47 29
47 4 9
4 47 8
47 5 14
5 47 15
47 6 12
6 47 16
47 7 27
7 47 32
47 9 17
9 47 27
47 10 35
10 47 28
47 12 3
12 47 6
47 13 30
13 47 21
47 15 24
15 47 19
47 16 31
16 47 28
47 18 8
18 47 8
47 19 26
19 47 22
47 20 23
20 47 41
47 22 44
22 47 30
47 23 15
23 47 27
47 24 29
24 47 26
47 26 39
26 47 36
47 28 51
28 47 39
47 29 52
29 47 37
47 30 29
30 47 33
47 31 25
31 47 39
47 32 26
32 47 19
47 33 31
33 47 30
47 35 42
35 47 48
47 36 30
36 47 53
47 37 8
37 47 12
47 38 26
38 47 20
47 39 47
39 47 38
47 40 40
40 47 33
47 41 26
41 47 21
47 43 20
43 47 38
47 44 14
44 47 18
47 45 35
45 47 26
47 46 10
46 47 10
47 49 27
49 47 23
47 50 26
50 47 31
47 51 5
51 47 9
48 2 22
2 48 25
48 4 23
4 48 29
48 5 24
5 48 29
48 6 13
6 48 9
48 7 8
7 48 11
48 9 35
9 48 35
48 10 48
10 48 43
48 12 14
12 48 24
48 13 48
13 48 36
48 15 32
15 48 40
48 16 33
16 48 30
48 18 33
18 48 23
48 19 44
19 48 44
48 20 43
20 48 32
48 22 16
22 48 17
48 23 12
23 48 9
48 24 11
24 48 17
48 26 17
26 48 13
48 28 31
28 48 22
48 29 46
29 48 34
48 30 35
30 48 43
48 31 13
31 48 18
48 32 16
32 48 16
48 33 50
33 48 49
48 35 22
35 48 38
48 36 21
36 48 40
48 37 27
37 48 34
48 38 20
38 48 28
48 39 50
39 48 52
48 40 79
40 48 53
48 41 49
41 48 41
48 43 26
43 48 22
48 44 35
44 48 40
48 45 51
45 48 47
48 46 13
46 48 17
48 49 45
49 48 35
48 50 31
50 48 36
48 51 13
51 48 16
2 4 53
4 2 37
2 5 11
5 2 21
2 6 35
6 2 28
2 7 50
7 2 35
2 9 9
9 2 16
2 10 31
10 2 28
2 12 27
12 2 25
2 13 66
13 2 50
2 15 43
15 2 35
2 16 13
16 2 9
2 18 47
18 2 36
2 19 28
19 2 51
2 20 6
20 2 12
2 22 15
22 2 11
2 23 23
23 2 34
2 24 55
24 2 41
2 26 31
26 2 29
2 28 20
28 2 19
2 29 8
29 2 9
2 30 26
30 2 24
2 31 12
31 2 23
2 32 11
32 2 11
2 33 54
33 2 39
2 35 15
35 2 19
2 36 28
36 2 24
2 37 31
37 2 32
2 38 17
38 2 15
2 39 41
39 2 35
2 40 86
40 2 62
2 41 70
41 2 50
2 43 64
43 2 46
2 44 31
44 2 39
2 45 58
45 2 40
2 46 18
46 2 20
2 49 24
49 2 21
2 50 9
50 2 14
2 51 30
51 2 21
4 5 12
5 4 20
4 6 29
6 4 21
4 7 42
7 4 37
4 9 38
9 4 32
4 10 43
10 4 31
4 12 11
12 4 13
4 13 15
13 4 15
4 15 22
15 4 19
4 16 38
16 4 35
4 18 6
18 4 8
4 19 16
19 4 15
4 20 56
20 4 49
4 22 25
22 4 38
4 23 21
23 4 31
4 24 33
24 4 29
4 26 49
26 4 43
4 28 52
28 4 47
4 29 33
29 4 44
4 30 55
30 4 38
4 31 64
31 4 46
4 32 19
32 4 27
4 33 29
33 4 31
4 35 83
35 4 56
4 36 41
36 4 61
4 37 13
37 4 13
4 38 32
38 4 27
4 39 59
39 4 41
4 40 19
40 4 25
4 41 16
41 4 13
4 43 34
43 4 41
4 44 21
44 4 15
4 45 33
45 4 25
4 46 25
46 4 18
4 49 16
49 4 28
4 50 51
50 4 37
4 51 17
51 4 17
5 6 31
6 5 25
5 7 57
7 5 40
5 9 6
9 5 12
5 10 17
10 5 14
5 12 12
12 5 9
5 13 44
13 5 35
5 15 10
15 5 15
5 16 23
16 5 16
5 18 12
18 5 23
5 19 20
19 5 32
5 20 27
20 5 33
5 22 24
22 5 27
5 23 19
23 5 36
5 24 32
24 5 39
5 26 30
26 5 40
5 28 37
28 5 37
5 29 32
29 5 25
5 30 24
30 5 18
5 31 27
31 5 39
5 32 18
32 5 16
5 33 25
33 5 21
5 35 41
35 5 40
5 36 25
36 5 45
5 37 14
37 5 11
5 38 4
38 5 7
5 39 18
39 5 24
5 40 32
40 5 42
5 41 21
41 5 33
5 43 33
43 5 48
5 44 9
44 5 18
5 45 12
45 5 20
5 46 12
46 5 12
5 49 10
49 5 8
5 50 16
50 5 17
5 51 10
51 5 14
6 7 15
7 6 16
6 9 39
9 6 34
6 10 52
10 6 40
6 12 11
12 6 18
6 13 23
13 6 27
6 15 26
15 6 34
6 16 42
16 6 32
6 18 10
18 6 15
6 19 37
19 6 35
6 20 53
20 6 38
6 22 16
22 6 23
6 23 12
23 6 11
6 24 8
24 6 14
6 26 18
26 6 22
6 28 41
28 6 30
6 29 45
29 6 37
6 30 37
30 6 42
6 31 32
31 6 27
6 32 15
32 6 17
6 33 39
33 6 45
6 35 32
35 6 44
6 36 64
36 6 47
6 37 28
37 6 27
6 38 17
38 6 27
6 39 69
39 6 50
6 40 30
40 6 44
6 41 47
41 6 32
6 43 25
43 6 23
6 44 47
44 6 33
6 45 58
45 6 41
6 46 14
46 6 14
6 49 41
49 6 33
6 50 30
50 6 36
6 51 14
51 6 11
7 9 25
9 7 46
7 10 56
10 7 54
7 12 49
12 7 34
7 13 37
13 7 40
7 15 58
15 7 51
7 16 37
16 7 41
7 18 25
18 7 30
7 19 74
19 7 50
7 20 23
20 7 40
7 22 17
22 7 26
7 23 7
23 7 6
7 24 13
24 7 14
7 26 9
26 7 11
7 28 16
28 7 26
7 29 58
29 7 44
7 30 36
30 7 54
7 31 12
31 7 21
7 32 19
32 7 27
7 33 41
33 7 60
7 35 51
35 7 45
7 36 33
36 7 46
7 37 32
37 7 44
7 38 50
38 7 40
7 39 42
39 7 64
7 40 31
40 7 58
7 41 44
41 7 46
7 43 6
43 7 12
7 44 55
44 7 50
7 45 66
45 7 57
7 46 23
46 7 28
7 49 29
49 7 46
7 50 26
50 7 47
7 51 33
51 7 26
9 10 17
10 9 12
9 12 21
12 9 21
9 13 35
13 9 48
9 15 20
15 9 23
9 16 8
16 9 8
9 18 37
18 9 35
9 19 24
19 9 44
9 20 23
20 9 25
9 22 23
22 9 26
9 23 34
23 9 43
9 24 54
24 9 48
9 26 47
26 9 43
9 28 48
28 9 35
9 29 22
29 9 16
9 30 5
30 9 8
9 31 36
31 9 39
9 32 19
32 9 19
9 33 17
33 9 24
9 35 16
35 9 32
9 36 41
36 9 38
9 37 21
37 9 23
9 38 8
38 9 7
9 39 14
39 9 19
9 40 78
40 9 54
9 41 46
41 9 45
9 43 61
43 9 56
9 44 38
44 9 28
9 45 38
45 9 26
9 46 30
46 9 21
9 49 4
49 9 6
9 50 7
50 9 6
9 51 25
51 9 23
10 12 33
12 10 23
10 13 62
13 10 46
10 15 8
15 10 16
10 16 27
16 10 20
10 18 31
18 10 36
10 19 44
19 10 39
10 20 22
20 10 37
10 22 25
22 10 37
10 23 66
23 10 50
10 24 52
24 10 53
10 26 50
26 10 53
10 28 25
28 10 47
10 29 37
29 10 28
10 30 6
30 10 9
10 31 58
31 10 50
10 32 38
32 10 28
10 33 11
33 10 12
10 35 41
35 10 43
10 36 59
36 10 49
10 37 16
37 10 19
10 38 14
38 10 15
10 39 10
39 10 10
10 40 47
40 10 48
10 41 48
41 10 41
10 43 89
43 10 63
10 44 27
44 10 22
10 45 23
45 10 16
10 46 17
46 10 26
10 49 6
49 10 8
10 50 12
50 10 17
10 51 21
51 10 28
12 13 23
13 12 27
12 15 23
15 12 17
12 16 14
16 12 23
12 18 9
18 12 14
12 19 33
19 12 26
12 20 53
20 12 37
12 22 32
22 12 27
12 23 19
23 12 29
12 24 19
24 12 30
12 26 39
26 12 36
12 28 28
28 12 37
12 29 27
29 12 31
12 30 17
30 12 27
12 31 45
31 12 37
12 32 8
32 12 16
12 33 30
33 12 27
12 35 39
35 12 44
12 36 47
36 12 49
12 37 13
37 12 10
12 38 15
38 12 14
12 39 44
39 12 33
12 40 31
40 12 37
12 41 19
41 12 26
12 43 24
43 12 41
12 44 19
44 12 17
12 45 21
45 12 23
12 46 8
46 12 7
12 49 16
49 12 17
12 50 24
50 12 25
12 51 11
51 12 8
13 15 36
15 13 32
13 16 36
16 13 50
13 18 12
18 13 14
13 19 17
19 13 14
13 20 53
20 13 61
13 22 29
22 13 49
13 23 28
23 13 34
13 24 31
24 13 27
13 26 69
26 13 48
13 28 53
28 13 57
13 29 40
29 13 58
13 30 56
30 13 53
13 31 53
31 13 54
13 32 31
32 13 39
13 33 43
33 13 44
13 35 36
35 13 68
13 36 106
36 13 72
13 37 33
37 13 27
13 38 50
38 13 41
13 39 69
39 13 55
13 40 22
40 13 19
13 41 9
41 13 9
13 43 21
43 13 39
13 44 22
44 13 27
13 45 28
45 13 37
13 46 21
46 13 30
13 49 31
49 13 43
13 50 58
50 13 52
13 51 32
51 13 29
15 16 34
16 15 30
15 18 24
18 15 25
15 19 12
19 15 23
15 20 59
20 15 47
15 22 48
22 15 41
15 23 65
23 15 46
15 24 66
24 15 46
15 26 40
26 15 53
15 28 58
28 15 51
15 29 51
29 15 39
15 30 37
30 15 25
15 31 77
31 15 53
15 32 23
32 15 30
15 33 7
33 15 12
15 35 72
35 15 54
15 36 81
36 15 59
15 37 9
37 15 7
15 38 20
38 15 21
15 39 25
39 15 23
15 40 25
40 15 33
15 41 36
41 15 26
15 43 41
43 15 57
15 44 4
44 15 6
15 45 8
45 15 7
15 46 12
46 15 23
15 49 24
49 15 17
15 50 27
50 15 29
15 51 16
51 15 25
16 18 18
18 16 36
16 19 61
19 16 48
16 20 13
20 16 18
16 22 18
22 16 19
16 23 49
23 16 39
16 24 26
24 16 45
16 26 41
26 16 37
16 28 33
28 16 28
16 29 12
29 16 9
16 30 14
30 16 15
16 31 16
31 16 32
16 32 9
32 16 15
16 33 19
33 16 32
16 35 31
35 16 24
16 36 21
36 16 30
16 37 19
37 16 28
16 38 12
38 16 9
16 39 17
39 16 27
16 40 40
40 16 58
16 41 63
41 16 48
16 43 65
43 16 52
16 44 43
44 16 34
16 45 34
45 16 34
16 46 25
46 16 20
16 49 16
49 16 14
16 50 5
50 16 6
16 51 28
51 16 22
18 19 18
19 18 20
18 20 53
20 18 47
18 22 46
22 18 35
18 23 24
23 18 24
18 24 31
24 18 21
18 26 35
26 18 36
18 28 51
28 18 43
18 29 58
29 18 44
18 30 57
30 18 41
18 31 21
31 18 41
18 32 19
32 18 25
18 33 29
33 18 37
18 35 52
35 18 54
18 36 59
36 18 58
18 37 27
37 18 19
18 38 25
38 18 28
18 39 44
39 18 46
18 40 17
40 18 30
18 41 17
41 18 17
18 43 40
43 18 33
18 44 17
44 18 22
18 45 23
45 18 32
18 46 9
46 18 16
18 49 18
49 18 31
18 50 42
50 18 39
18 51 13
51 18 15
19 20 45
20 19 63
19 22 75
22 19 53
19 23 31
23 19 44
19 24 56
24 19 39
19 26 62
26 19 57
19 28 43
28 19 62
19 29 29
29 19 57
19 30 67
30 19 47
19 31 65
31 19 61
19 32 34
32 19 41
19 33 40
33 19 33
19 35 89
35 19 70
19 36 64
36 19 75
19 37 19
37 19 21
19 38 55
38 19 39
19 39 43
39 19 46
19 40 6
40 19 11
19 41 4
41 19 5
19 43 64
43 19 51
19 44 11
44 19 17
19 45 14
45 19 26
19 46 30
46 19 32
19 49 22
49 19 38
19 50 50
50 19 49
19 51 24
51 19 31
20 22 11
22 20 15
20 23 55
23 20 41
20 24 50
24 20 49
20 26 47
26 20 32
20 28 9
28 20 17
20 29 6
29 20 10
20 30 25
30 20 31
20 31 16
31 20 23
20 32 27
32 20 22
20 33 47
33 20 49
20 35 4
35 20 7
20 36 13
36 20 13
20 37 48
37 20 44
20 38 24
38 20 26
20 39 39
39 20 43
20 40 50
40 20 74
20 41 68
41 20 62
20 43 51
43 20 52
20 44 56
44 20 51
20 45 72
45 20 51
20 46 17
46 20 31
20 49 22
49 20 31
20 50 31
50 20 21
20 51 17
51 20 32
22 23 30
23 22 26
22 24 27
24 22 34
22 26 13
26 22 19
22 28 10
28 22 10
22 29 9
29 22 18
22 30 42
30 22 34
22 31 15
31 22 13
22 32 7
32 22 12
22 33 34
33 22 47
22 35 31
35 22 21
22 36 35
36 22 24
22 37 24
37 22 36
22 38 26
38 22 22
22 39 63
39 22 45
22 40 49
40 22 63
22 41 28
41 22 51
22 43 34
43 22 38
22 44 24
44 22 43
22 45 30
45 22 47
22 46 15
46 22 21
22 49 15
49 22 30
22 50 33
50 22 24
22 51 25
51 22 21
23 24 11
24 23 9
23 26 16
26 23 16
23 28 35
28 23 29
23 29 55
29 23 43
23 30 62
30 23 52
23 31 27
31 23 24
23 32 30
32 23 25
23 33 73
33 23 56
23 35 64
35 23 46
23 36 49
36 23 49
23 37 40
37 23 38
23 38 18
38 23 36
23 39 70
39 23 60
23 40 31
40 23 52
23 41 36
41 23 40
23 43 10
43 23 13
23 44 42
44 23 44
23 45 61
45 23 52
23 46 16
46 23 24
23 49 62
49 23 43
23 50 23
50 23 45
23 51 27
51 23 22
24 26 27
26 24 25
24 28 45
28 24 38
24 29 68
29 24 50
24 30 67
30 24 56
24 31 46
31 24 34
24 32 41
32 24 30
24 33 71
33 24 57
24 35 46
35 24 55
24 36 58
36 24 58
24 37 46
37 24 38
24 38 43
38 24 41
24 39 67
39 24 63
24 40 57
40 24 46
24 41 22
41 24 35
24 43 17
43 24 12
24 44 47
44 24 43
24 45 73
45 24 52
24 46 16
46 24 27
24 49 55
49 24 46
24 50 62
50 24 50
24 51 29
51 24 25
26 28 21
28 26 16
26 29 43
29 26 37
26 30 30
30 26 51
26 31 11
31 26 10
26 32 15
32 26 25
26 33 61
33 26 61
26 35 18
35 26 35
26 36 53
36 26 36
26 37 64
37 26 46
26 38 39
38 26 38
26 39 81
39 26 62
26 40 96
40 26 66
26 41 52
41 26 54
26 43 22
43 26 22
26 44 52
44 26 53
26 45 88
45 26 59
26 46 37
46 26 29
26 49 59
49 26 45
26 50 39
50 26 42
26 51 16
51 26 28
28 29 14
29 28 24
28 30 50
30 28 43
28 31 8
31 28 6
28 32 12
32 28 22
28 33 40
33 28 57
28 35 22
35 28 19
28 36 21
36 28 20
28 37 53
37 28 46
28 38 42
38 28 32
28 39 35
39 28 54
28 40 43
40 28 72
28 41 65
41 28 60
28 43 28
43 28 38
28 44 67
44 28 53
28 45 80
45 28 57
28 46 28
46 28 30
28 49 58
49 28 39
28 50 48
50 28 33
28 51 27
51 28 30
29 30 29
30 29 21
29 31 23
31 29 30
29 32 28
32 29 20
29 33 52
33 29 40
29 35 23
35 29 16
29 36 24
36 29 22
29 37 31
37 29 37
29 38 21
38 29 18
29 39 47
39 29 33
29 40 67
40 29 67
29 41 50
41 29 57
29 43 61
43 29 55
29 44 22
44 29 43
29 45 22
45 29 42
29 46 35
46 29 28
29 49 13
49 29 22
29 50 10
50 29 11
29 51 37
51 29 29
30 31 28
31 30 47
30 32 40
32 30 28
30 33 15
33 30 21
30 35 24
35 30 36
30 36 31
36 30 42
30 37 26
37 30 26
30 38 17
38 30 15
30 39 11
39 30 12
30 40 40
40 30 57
30 41 26
41 30 49
30 43 70
43 30 64
30 44 42
44 30 30
30 45 32
45 30 25
30 46 15
46 30 29
30 49 7
49 30 10
30 50 8
50 30 10
30 51 30
51 30 31
31 32 34
32 31 23
31 33 40
33 31 60
31 35 25
35 31 26
31 36 15
36 31 26
31 37 28
37 31 47
31 38 19
38 31 35
31 39 67
39 31 58
31 40 96
40 31 71
31 41 42
41 31 59
31 43 35
43 31 32
31 44 48
44 31 54
31 45 52
45 31 59
31 46 25
46 31 30
31 49 59
49 31 42
31 50 34
50 31 37
31 51 43
51 31 30
32 33 27
33 32 37
32 35 25
35 32 29
32 36 36
36 32 34
32 37 27
37 32 25
32 38 16
38 32 13
32 39 24
39 32 37
32 40 54
40 32 52
32 41 49
41 32 40
32 43 29
43 32 38
32 44 40
44 32 32
32 45 37
45 32 36
32 46 13
46 32 9
32 49 14
49 32 21
32 50 21
50 32 20
32 51 14
51 32 10
33 35 38
35 33 55
33 36 45
36 33 61
33 37 13
37 33 18
33 38 31
38 33 25
33 39 10
39 33 14
33 40 29
40 33 41
33 41 52
41 33 37
33 43 41
43 33 68
33 44 25
44 33 17
33 45 8
45 33 7
33 46 46
46 33 32
33 49 18
49 33 18
33 50 19
50 33 29
33 51 28
51 33 34
35 36 8
36 35 6
35 37 48
37 35 51
35 38 42
38 35 33
35 39 34
39 35 48
35 40 54
40 35 81
35 41 50
41 35 69
35 43 41
43 35 57
35 44 63
44 35 58
35 45 79
45 35 58
35 46 55
46 35 38
35 49 53
49 35 38
35 50 21
50 35 27
35 51 26
51 35 39
36 37 34
37 36 56
36 38 23
38 36 38
36 39 32
39 36 54
36 40 88
40 36 86
36 41 69
41 36 74
36 43 61
43 36 58
36 44 79
44 36 63
36 45 68
45 36 64
36 46 42
46 36 43
36 49 62
49 36 44
36 50 47
50 36 33
36 51 25
51 36 44
37 38 15
38 37 18
37 39 24
39 37 28
37 40 24
40 37 31
37 41 30
41 37 23
37 43 68
43 37 50
37 44 6
44 37 7
37 45 15
45 37 14
37 46 18
46 37 17
37 49 13
49 37 17
37 50 23
50 37 28
37 51 18
51 37 18
38 39 25
39 38 24
38 40 57
40 38 49
38 41 34
41 38 39
38 43 30
43 38 49
38 44 36
44 38 25
38 45 28
45 38 26
38 46 20
46 38 14
38 49 5
49 38 8
38 50 9
50 38 11
38 51 8
51 38 16
39 40 71
40 39 55
39 41 73
41 39 49
39 43 96
43 39 73
39 44 29
44 39 29
39 45 18
45 39 21
39 46 32
46 39 36
39 49 13
49 39 17
39 50 31
50 39 22
39 51 39
51 39 38
40 41 8
41 40 12
40 43 44
43 40 58
40 44 28
44 40 26
40 45 40
45 40 34
40 46 56
46 40 43
40 49 47
49 40 48
40 50 39
50 40 60
40 51 57
51 40 42
41 43 49
43 41 47
41 44 26
44 41 20
41 45 36
45 41 30
41 46 28
46 41 31
41 49 47
49 41 40
41 50 60
50 41 50
41 51 35
51 41 30
43 44 53
44 43 55
43 45 64
45 43 64
43 46 24
46 43 37
43 49 76
49 43 56
43 50 73
50 43 58
43 51 33
51 43 35
44 45 11
45 44 10
44 46 34
46 44 24
44 49 32
49 44 22
44 50 31
50 44 34
44 51 16
51 44 25
45 46 40
46 45 30
45 49 17
49 45 20
45 50 30
50 45 32
45 51 30
51 45 31
46 49 23
49 46 19
46 50 13
50 46 24
46 51 1
51 46 2
49 50 10
50 49 12
49 51 15
51 49 22
50 51 22
51 50 26
