1 12 38 0 2550

246 253

1 5 6 37 52

5 8 40 30
12 11 31 32
15 11 36 16
16 10 52 41
27 10 30 48
28 11 43 67
30 8 58 27
36 10 63 69
37 10 32 22
41 10 10 17
45 12 39 10
46 10 32 39
2 9 49 49
3 11 52 64
4 9 20 26
6 8 21 47
7 12 17 63
8 11 31 62
9 12 52 33
10 8 51 21
11 12 42 41
13 12 5 25
14 8 12 42
17 10 27 23
18 8 17 33
19 10 13 13
20 10 57 58
21 11 62 42
22 8 42 57
23 11 16 57
24 10 8 52
25 10 7 38
26 11 27 68
29 11 58 48
31 10 37 69
32 8 38 46
33 12 46 10
34 9 61 33
35 11 62 63
38 10 45 35
39 12 59 15
40 9 5 6
42 11 21 10
43 12 5 64
44 11 30 15
47 9 25 32
48 9 25 55
49 11 48 28
50 10 56 37
51 8 30 40


1 5 30
5 1 22
1 12 24
12 1 21
1 15 35
15 1 36
1 16 12
16 1 19
1 27 6
27 1 8
1 28 17
28 1 16
1 30 33
30 1 32
1 36 26
36 1 31
1 37 40
37 1 30
1 41 53
41 1 44
1 45 30
45 1 42
1 46 17
46 1 14
1 2 10
2 1 12
1 3 27
3 1 19
1 4 18
4 1 31
1 6 16
6 1 17
1 7 17
7 1 23
1 8 15
8 1 12
1 9 23
9 1 24
1 10 18
10 1 34
1 11 17
11 1 12
1 13 53
13 1 42
1 14 29
14 1 27
1 17 29
17 1 31
1 18 15
18 1 28
1 19 40
19 1 46
1 20 18
20 1 21
1 21 17
21 1 27
1 22 5
22 1 7
1 23 18
23 1 22
1 24 35
24 1 29
1 25 31
25 1 33
1 26 13
26 1 19
1 29 21
29 1 21
1 31 12
31 1 17
1 32 5
32 1 6
1 33 45
33 1 43
1 34 20
34 1 31
1 35 35
35 1 27
1 38 26
38 1 19
1 39 43
39 1 43
1 40 32
40 1 56
1 42 59
42 1 45
1 43 19
43 1 34
1 44 38
44 1 37
1 47 28
47 1 23
1 48 8
48 1 12
1 49 38
49 1 26
1 50 26
50 1 24
1 51 18
51 1 14
5 12 5
12 5 9
5 15 12
15 5 15
5 16 8
16 5 16
5 27 23
27 5 21
5 28 20
28 5 37
5 30 26
30 5 18
5 36 37
36 5 45
5 37 6
37 5 11
5 41 31
41 5 33
5 45 27
45 5 20
5 46 16
46 5 12
5 2 16
2 5 21
5 3 53
3 5 36
5 4 25
4 5 20
5 6 19
6 5 25
5 7 50
7 5 40
5 8 29
8 5 33
5 9 16
9 5 12
5 10 20
10 5 14
5 11 6
11 5 11
5 13 40
13 5 35
5 14 18
14 5 30
5 17 13
17 5 15
5 18 21
18 5 23
5 19 45
19 5 32
5 20 37
20 5 33
5 21 19
21 5 25
5 22 38
22 5 27
5 23 18
23 5 36
5 24 23
24 5 39
5 25 19
25 5 34
5 26 44
26 5 40
5 29 36
29 5 25
5 31 42
31 5 39
5 32 10
32 5 16
5 33 12
33 5 21
5 34 19
34 5 21
5 35 56
35 5 40
5 38 10
38 5 7
5 39 24
39 5 24
5 40 28
40 5 42
5 42 40
42 5 27
5 43 42
43 5 48
5 44 15
44 5 18
5 47 15
47 5 15
5 48 31
48 5 29
5 49 4
49 5 8
5 50 17
50 5 17
5 51 9
51 5 14
12 15 25
15 12 17
12 16 15
16 12 23
12 27 15
27 12 16
12 28 47
28 12 37
12 30 36
30 12 27
12 36 38
36 12 49
12 37 9
37 12 10
12 41 33
41 12 26
12 45 28
45 12 23
12 46 7
46 12 7
12 2 31
2 12 25
12 3 28
3 12 38
12 4 19
4 12 13
12 6 23
6 12 18
12 7 45
7 12 34
12 8 15
8 12 30
12 9 25
9 12 21
12 10 28
10 12 23
12 11 16
11 12 14
12 13 20
13 12 27
12 14 27
14 12 21
12 17 13
17 12 10
12 18 11
18 12 14
12 19 15
19 12 26
12 20 39
20 12 37
12 21 33
21 12 33
12 22 16
22 12 27
12 23 43
23 12 29
12 24 33
24 12 30
12 25 25
25 12 25
12 26 29
26 12 36
12 29 32
29 12 31
12 31 35
31 12 37
12 32 17
32 12 16
12 33 22
33 12 27
12 34 16
34 12 30
12 35 59
35 12 44
12 38 11
38 12 14
12 39 43
39 12 33
12 40 29
40 12 37
12 42 15
42 12 24
12 43 47
43 12 41
12 44 14
44 12 17
12 47 6
47 12 6
12 48 22
48 12 24
12 49 17
49 12 17
12 50 26
50 12 25
12 51 5
51 12 8
15 16 37
16 15 30
15 27 28
27 15 33
15 28 43
28 15 51
15 30 14
30 15 25
15 36 38
36 15 59
15 37 9
37 15 7
15 41 15
41 15 26
15 45 4
45 15 7
15 46 27
46 15 23
15 2 36
2 15 35
15 3 49
3 15 51
15 4 25
4 15 19
15 6 44
6 15 34
15 7 33
7 15 51
15 8 63
8 15 46
15 9 21
9 15 23
15 10 9
10 15 16
15 11 37
11 15 26
15 13 24
13 15 32
15 14 48
14 15 35
15 17 14
17 15 11
15 18 29
18 15 25
15 19 25
19 15 23
15 20 60
20 15 47
15 21 50
21 15 37
15 22 31
22 15 41
15 23 61
23 15 46
15 24 58
24 15 46
15 25 43
25 15 36
15 26 35
26 15 53
15 29 33
29 15 39
15 31 62
31 15 53
15 32 34
32 15 30
15 33 9
33 15 12
15 34 28
34 15 30
15 35 29
35 15 54
15 38 11
38 15 21
15 39 15
39 15 23
15 40 35
40 15 33
15 42 17
42 15 16
15 43 48
43 15 57
15 44 7
44 15 6
15 47 12
47 15 19
15 48 47
48 15 40
15 49 15
49 15 17
15 50 38
50 15 29
15 51 15
51 15 25
16 27 34
27 16 23
16 28 32
28 16 28
16 30 20
30 16 15
16 36 28
36 16 30
16 37 25
37 16 28
16 41 54
41 16 48
16 45 42
45 16 34
16 46 13
46 16 20
16 2 7
2 16 9
16 3 32
3 16 23
16 4 41
4 16 35
16 6 18
6 16 32
16 7 44
7 16 41
16 8 28
8 16 30
16 9 11
9 16 8
16 10 11
10 16 20
16 11 8
11 16 10
16 13 30
13 16 50
16 14 25
14 16 40
16 17 45
17 16 31
16 18 32
18 16 36
16 19 32
19 16 48
16 20 26
20 16 18
16 21 8
21 16 10
16 22 11
22 16 19
16 23 21
23 16 39
16 24 24
24 16 45
16 25 64
25 16 45
16 26 52
26 16 37
16 29 10
29 16 9
16 31 23
31 16 32
16 32 22
32 16 15
16 33 32
33 16 32
16 34 8
34 16 12
16 35 31
35 16 24
16 38 12
38 16 9
16 39 24
39 16 27
16 40 61
40 16 58
16 42 65
42 16 44
16 43 70
43 16 52
16 44 35
44 16 34
16 47 36
47 16 28
16 48 25
48 16 30
16 49 7
49 16 14
16 50 4
50 16 6
16 51 25
51 16 22
27 28 28
28 27 23
27 30 43
30 27 35
27 36 35
36 27 39
27 37 38
37 27 26
27 41 24
41 27 37
27 45 54
45 27 39
27 46 13
46 27 9
27 2 19
2 27 19
27 3 25
3 27 27
27 4 31
4 27 24
27 6 9
6 27 9
27 7 12
7 27 20
27 8 11
8 27 14
27 9 27
9 27 27
27 10 36
10 27 34
27 11 20
11 27 14
27 13 23
13 27 34
27 14 26
14 27 19
27 17 28
17 27 25
27 18 12
18 27 20
27 19 32
19 27 39
27 20 36
20 27 29
27 21 33
21 27 33
27 22 10
22 27 15
27 23 23
23 27 17
27 24 26
24 27 22
27 25 20
25 27 25
27 26 27
26 27 20
27 29 15
29 27 28
27 31 12
31 27 22
27 32 8
32 27 8
27 33 58
33 27 41
27 34 42
34 27 34
27 35 49
35 27 35
27 38 25
38 27 20
27 39 22
39 27 44
27 40 32
40 27 49
27 42 23
42 27 39
27 43 21
43 27 30
27 44 29
44 27 33
27 47 21
47 27 17
27 48 6
48 27 9
27 49 31
49 27 27
27 50 35
50 27 28
27 51 9
51 27 8
28 30 40
30 28 43
28 36 13
36 28 20
28 37 56
37 28 46
28 41 49
41 28 60
28 45 38
45 28 57
28 46 38
46 28 30
28 2 22
2 28 19
28 3 8
3 28 9
28 4 49
4 28 47
28 6 17
6 28 30
28 7 20
7 28 26
28 8 8
8 28 13
28 9 40
9 28 35
28 10 46
10 28 47
28 11 26
11 28 26
28 13 71
13 28 57
28 14 41
14 28 40
28 17 51
17 28 47
28 18 61
18 28 43
28 19 45
19 28 62
28 20 16
20 28 17
28 21 27
21 28 31
28 22 14
22 28 10
28 23 28
23 28 29
28 24 22
24 28 38
28 25 59
25 28 46
28 26 8
26 28 16
28 29 14
29 28 24
28 31 8
31 28 6
28 32 14
32 28 22
28 33 48
33 28 57
28 34 51
34 28 38
28 35 14
35 28 19
28 38 24
38 28 32
28 39 51
39 28 54
28 40 36
40 28 72
28 42 67
42 28 61
28 43 20
43 28 38
28 44 72
44 28 53
28 47 23
47 28 39
28 48 29
48 28 22
28 49 46
49 28 39
28 50 26
50 28 33
28 51 20
51 28 30
30 36 30
36 30 42
30 37 29
37 30 26
30 41 72
41 30 49
30 45 14
45 30 25
30 46 19
46 30 29
30 2 35
2 30 24
30 3 37
3 30 37
30 4 51
4 30 38
30 6 48
6 30 42
30 7 42
7 30 54
30 8 54
8 30 44
30 9 9
9 30 8
30 10 6
10 30 9
30 11 31
11 30 21
30 13 27
13 30 53
30 14 45
14 30 48
30 17 33
17 30 31
30 18 23
18 30 41
30 19 59
19 30 47
30 20 17
20 30 31
30 21 8
21 30 16
30 22 35
22 30 34
30 23 77
23 30 52
30 24 79
24 30 56
30 25 28
25 30 52
30 26 40
26 30 51
30 29 23
29 30 21
30 31 48
31 30 47
30 32 36
32 30 28
30 33 12
33 30 21
30 34 4
34 30 7
30 35 50
35 30 36
30 38 22
38 30 15
30 39 13
39 30 12
30 40 41
40 30 57
30 42 33
42 30 41
30 43 79
43 30 64
30 44 18
44 30 30
30 47 28
47 30 33
30 48 61
48 30 43
30 49 6
49 30 10
30 50 8
50 30 10
30 51 16
51 30 31
36 37 46
37 36 56
36 41 104
41 36 74
36 45 39
45 36 64
36 46 60
46 36 43
36 2 21
2 36 24
36 3 7
3 36 12
36 4 45
4 36 61
36 6 37
6 36 47
36 7 41
7 36 46
36 8 43
8 36 33
36 9 51
9 36 38
36 10 36
10 36 49
36 11 21
11 36 35
36 13 44
13 36 72
36 14 66
14 36 58
36 17 57
17 36 58
36 18 30
18 36 58
36 19 56
19 36 75
36 20 17
20 36 13
36 21 14
21 36 27
36 22 16
22 36 24
36 23 45
23 36 49
36 24 80
24 36 58
36 25 34
25 36 64
36 26 52
26 36 36
36 29 18
29 36 22
36 31 19
31 36 26
36 32 17
32 36 34
36 33 53
33 36 61
36 34 53
34 36 36
36 35 8
35 36 6
36 38 30
38 36 38
36 39 73
39 36 54
36 40 100
40 36 86
36 42 37
42 36 72
36 43 43
43 36 58
36 44 40
44 36 63
36 47 51
47 36 53
36 48 55
48 36 40
36 49 43
49 36 44
36 50 22
50 36 33
36 51 34
51 36 44
37 41 14
41 37 23
37 45 7
45 37 14
37 46 10
46 37 17
37 2 26
2 37 32
37 3 68
3 37 46
37 4 15
4 37 13
37 6 39
6 37 27
37 7 37
7 37 44
37 8 25
8 37 40
37 9 28
9 37 23
37 10 25
10 37 19
37 11 14
11 37 21
37 13 28
13 37 27
37 14 28
14 37 28
37 17 3
17 37 5
37 18 19
18 37 19
37 19 20
19 37 21
37 20 55
20 37 44
37 21 52
21 37 36
37 22 28
22 37 36
37 23 44
23 37 38
37 24 41
24 37 38
37 25 43
25 37 30
37 26 38
26 37 46
37 29 42
29 37 37
37 31 54
31 37 47
37 32 36
32 37 25
37 33 14
33 37 18
37 34 31
34 37 31
37 35 54
35 37 51
37 38 15
38 37 18
37 39 40
39 37 28
37 40 36
40 37 31
37 42 23
42 37 16
37 43 68
43 37 50
37 44 10
44 37 7
37 47 7
47 37 12
37 48 41
48 37 34
37 49 15
49 37 17
37 50 40
50 37 28
37 51 24
51 37 18
41 45 23
45 41 30
41 46 21
46 41 31
41 2 46
2 41 50
41 3 53
3 41 63
41 4 17
4 41 13
41 6 29
6 41 32
41 7 51
7 41 46
41 8 56
8 41 49
41 9 25
9 41 45
41 10 35
10 41 41
41 11 48
11 41 40
41 13 13
13 41 9
41 14 28
14 41 25
41 17 16
17 41 18
41 18 16
18 41 17
41 19 4
19 41 5
41 20 82
20 41 62
41 21 74
21 41 57
41 22 47
22 41 51
41 23 32
23 41 40
41 24 30
24 41 35
41 25 31
25 41 21
41 26 49
26 41 54
41 29 30
29 41 57
41 31 80
31 41 59
41 32 55
32 41 40
41 33 35
33 41 37
41 34 45
34 41 53
41 35 69
35 41 69
41 38 24
38 41 39
41 39 70
39 41 49
41 40 11
40 41 12
41 42 14
42 41 13
41 43 52
43 41 47
41 44 28
44 41 20
41 47 21
47 41 21
41 48 60
48 41 41
41 49 33
49 41 40
41 50 28
50 41 50
41 51 23
51 41 30
45 46 31
46 45 30
45 2 30
2 45 40
45 3 33
3 45 56
45 4 24
4 45 25
45 6 51
6 45 41
45 7 77
7 45 57
45 8 47
8 45 53
45 9 28
9 45 26
45 10 18
10 45 16
45 11 30
11 45 31
45 13 47
13 45 37
45 14 24
14 45 42
45 17 17
17 45 18
45 18 21
18 45 32
45 19 18
19 45 26
45 20 61
20 45 51
45 21 21
21 45 39
45 22 40
22 45 47
45 23 63
23 45 52
45 24 57
24 45 52
45 25 55
25 45 43
45 26 85
26 45 59
45 29 50
29 45 42
45 31 88
31 45 59
45 32 22
32 45 36
45 33 10
33 45 7
45 34 36
34 45 32
45 35 81
35 45 58
45 38 31
38 45 26
45 39 15
39 45 21
45 40 37
40 45 34
45 42 12
42 45 18
45 43 43
43 45 64
45 44 14
44 45 10
45 47 35
47 45 26
45 48 63
48 45 47
45 49 19
49 45 20
45 50 46
50 45 32
45 51 34
51 45 31
46 2 29
2 46 20
46 3 22
3 46 32
46 4 19
4 46 18
46 6 13
6 46 14
46 7 40
7 46 28
46 8 31
8 46 23
46 9 11
9 46 21
46 10 37
10 46 26
46 11 13
11 46 10
46 13 27
13 46 30
46 14 28
14 46 20
46 17 18
17 46 17
46 18 18
18 46 16
46 19 43
19 46 32
46 20 36
20 46 31
46 21 31
21 46 30
46 22 13
22 46 21
46 23 16
23 46 24
46 24 19
24 46 27
46 25 37
25 46 25
46 26 35
26 46 29
46 29 34
29 46 28
46 31 25
31 46 30
46 32 12
32 46 9
46 33 19
33 46 32
46 34 26
34 46 30
46 35 39
35 46 38
46 38 13
38 46 14
46 39 38
39 46 36
46 40 60
40 46 43
46 42 25
42 46 31
46 43 33
43 46 37
46 44 27
44 46 24
46 47 9
47 46 10
46 48 13
48 46 17
46 49 16
49 46 19
46 50 13
50 46 24
46 51 2
51 46 2
2 3 8
3 2 15
2 4 27
4 2 37
2 6 35
6 2 28
2 7 50
7 2 35
2 8 22
8 2 22
2 9 17
9 2 16
2 10 40
10 2 28
2 11 16
11 2 11
2 13 60
13 2 50
2 14 56
14 2 38
2 17 34
17 2 34
2 18 26
18 2 36
2 19 32
19 2 51
2 20 15
20 2 12
2 21 10
21 2 15
2 22 14
22 2 11
2 23 33
23 2 34
2 24 45
24 2 41
2 25 36
25 2 43
2 26 15
26 2 29
2 29 12
29 2 9
2 31 21
31 2 23
2 32 10
32 2 11
2 33 42
33 2 39
2 34 26
34 2 20
2 35 10
35 2 19
2 38 17
38 2 15
2 39 41
39 2 35
2 40 86
40 2 62
2 42 39
42 2 48
2 43 64
43 2 46
2 44 31
44 2 39
2 47 26
47 2 29
2 48 31
48 2 25
2 49 24
49 2 21
2 50 9
50 2 14
2 51 30
51 2 21
3 4 57
4 3 50
3 6 43
6 3 35
3 7 52
7 3 35
3 8 24
8 3 21
3 9 43
9 3 31
3 10 28
10 3 43
3 11 35
11 3 25
3 13 75
13 3 61
3 14 23
14 3 45
3 17 66
17 3 48
3 18 58
18 3 47
3 19 81
19 3 64
3 20 4
20 3 8
3 21 24
21 3 24
3 22 12
22 3 12
3 23 44
23 3 37
3 24 45
24 3 46
3 25 55
25 3 51
3 26 17
26 3 25
3 29 10
29 3 17
3 31 13
31 3 15
3 32 13
32 3 23
3 33 54
33 3 54
3 34 43
34 3 32
3 35 11
35 3 10
3 38 42
38 3 30
3 39 31
39 3 49
3 40 44
40 3 75
3 42 32
42 3 62
3 43 57
43 3 47
3 44 50
44 3 53
3 47 43
47 3 42
3 48 24
48 3 28
3 49 32
49 3 36
3 50 18
50 3 27
3 51 26
51 3 33
4 6 20
6 4 21
4 7 45
7 4 37
4 8 41
8 4 38
4 9 20
9 4 32
4 10 42
10 4 31
4 11 37
11 4 27
4 13 10
13 4 15
4 14 10
14 4 18
4 17 4
17 4 8
4 18 8
18 4 8
4 19 21
19 4 15
4 20 57
20 4 49
4 21 24
21 4 45
4 22 29
22 4 38
4 23 44
23 4 31
4 24 42
24 4 29
4 25 20
25 4 18
4 26 53
26 4 43
4 29 47
29 4 44
4 31 27
31 4 46
4 32 34
32 4 27
4 33 24
33 4 31
4 34 32
34 4 41
4 35 38
35 4 56
4 38 14
38 4 27
4 39 47
39 4 41
4 40 25
40 4 25
4 42 11
42 4 16
4 43 59
43 4 41
4 44 20
44 4 15
4 47 10
47 4 8
4 48 24
48 4 29
4 49 32
49 4 28
4 50 46
50 4 37
4 51 14
51 4 17
6 7 15
7 6 16
6 8 15
8 6 18
6 9 35
9 6 34
6 10 54
10 6 40
6 11 27
11 6 22
6 13 31
13 6 27
6 14 13
14 6 10
6 17 20
17 6 25
6 18 17
18 6 15
6 19 21
19 6 35
6 20 52
20 6 38
6 21 41
21 6 41
6 22 20
22 6 23
6 23 13
23 6 11
6 24 19
24 6 14
6 25 17
25 6 16
6 26 31
26 6 22
6 29 30
29 6 37
6 31 27
31 6 27
6 32 9
32 6 17
6 33 33
33 6 45
6 34 56
34 6 42
6 35 60
35 6 44
6 38 17
38 6 27
6 39 69
39 6 50
6 40 30
40 6 44
6 42 48
42 6 37
6 43 25
43 6 23
6 44 47
44 6 33
6 47 19
47 6 16
6 48 6
48 6 9
6 49 41
49 6 33
6 50 30
50 6 36
6 51 14
51 6 11
7 8 9
8 7 14
7 9 60
9 7 46
7 10 63
10 7 54
7 11 40
11 7 33
7 13 40
13 7 40
7 14 28
14 7 22
7 17 40
17 7 41
7 18 44
18 7 30
7 19 58
19 7 50
7 20 32
20 7 40
7 21 27
21 7 50
7 22 13
22 7 26
7 23 7
23 7 6
7 24 20
24 7 14
7 25 18
25 7 27
7 26 10
26 7 11
7 29 32
29 7 44
7 31 22
31 7 21
7 32 16
32 7 27
7 33 43
33 7 60
7 34 57
34 7 53
7 35 34
35 7 45
7 38 50
38 7 40
7 39 42
39 7 64
7 40 31
40 7 58
7 42 27
42 7 53
7 43 6
43 7 12
7 44 55
44 7 50
7 47 47
47 7 32
7 48 15
48 7 11
7 49 29
49 7 46
7 50 26
50 7 47
7 51 33
51 7 26
8 9 29
9 8 36
8 10 39
10 8 46
8 11 23
11 8 24
8 13 59
13 8 45
8 14 14
14 8 28
8 17 21
17 8 39
8 18 30
18 8 32
8 19 42
19 8 52
8 20 23
20 8 26
8 21 27
21 8 37
8 22 12
22 8 12
8 23 11
23 8 16
8 24 28
24 8 25
8 25 23
25 8 34
8 26 7
26 8 7
8 29 34
29 8 30
8 31 11
31 8 9
8 32 16
32 8 17
8 33 33
33 8 54
8 34 33
34 8 42
8 35 17
35 8 31
8 38 22
38 8 30
8 39 48
39 8 54
8 40 56
40 8 62
8 42 55
42 8 53
8 43 24
43 8 26
8 44 58
44 8 47
8 47 40
47 8 31
8 48 12
48 8 9
8 49 42
49 8 38
8 50 36
50 8 35
8 51 26
51 8 22
9 10 12
10 9 12
9 11 16
11 9 13
9 13 56
13 9 48
9 14 28
14 9 41
9 17 36
17 9 27
9 18 47
18 9 35
9 19 47
19 9 44
9 20 34
20 9 25
9 21 11
21 9 13
9 22 26
22 9 26
9 23 22
23 9 43
9 24 68
24 9 48
9 25 60
25 9 45
9 26 62
26 9 43
9 29 23
29 9 16
9 31 53
31 9 39
9 32 16
32 9 19
9 33 29
33 9 24
9 34 10
34 9 9
9 35 30
35 9 32
9 38 9
38 9 7
9 39 23
39 9 19
9 40 32
40 9 54
9 42 44
42 9 39
9 43 57
43 9 56
9 44 24
44 9 28
9 47 21
47 9 27
9 48 24
48 9 35
9 49 7
49 9 6
9 50 7
50 9 6
9 51 21
51 9 23
10 11 28
11 10 22
10 13 42
13 10 46
10 14 45
14 10 44
10 17 28
17 10 24
10 18 46
18 10 36
10 19 23
19 10 39
10 20 46
20 10 37
10 21 35
21 10 24
10 22 33
22 10 37
10 23 28
23 10 50
10 24 52
24 10 53
10 25 28
25 10 47
10 26 65
26 10 53
10 29 15
29 10 28
10 31 27
31 10 50
10 32 34
32 10 28
10 33 11
33 10 12
10 34 19
34 10 16
10 35 22
35 10 43
10 38 14
38 10 15
10 39 14
39 10 10
10 40 50
40 10 48
10 42 26
42 10 32
10 43 37
43 10 63
10 44 24
44 10 22
10 47 29
47 10 28
10 48 39
48 10 43
10 49 6
49 10 8
10 50 14
50 10 17
10 51 37
51 10 28
11 13 56
13 11 40
11 14 16
14 11 30
11 17 22
17 11 23
11 18 29
18 11 26
11 19 41
19 11 40
11 20 20
20 11 23
11 21 13
21 11 20
11 22 12
22 11 16
11 23 46
23 11 31
11 24 30
24 11 36
11 25 40
25 11 35
11 26 40
26 11 31
11 29 13
29 11 17
11 31 27
31 11 28
11 32 8
32 11 6
11 33 33
33 11 31
11 34 18
34 11 21
11 35 43
35 11 30
11 38 8
38 11 7
11 39 33
39 11 31
11 40 38
40 11 51
11 42 45
42 11 37
11 43 35
43 11 44
11 44 27
44 11 28
11 47 24
47 11 19
11 48 27
48 11 22
11 49 19
49 11 14
11 50 16
50 11 15
11 51 8
51 11 12
13 14 16
14 13 18
13 17 21
17 13 22
13 18 9
18 13 14
13 19 8
19 13 14
13 20 57
20 13 61
13 21 53
21 13 59
13 22 33
22 13 49
13 23 40
23 13 34
13 24 34
24 13 27
13 25 12
25 13 13
13 26 66
26 13 48
13 29 47
29 13 58
13 31 35
31 13 54
13 32 54
32 13 39
13 33 49
33 13 44
13 34 52
34 13 57
13 35 50
35 13 68
13 38 41
38 13 41
13 39 75
39 13 55
13 40 28
40 13 19
13 42 18
42 13 22
13 43 38
43 13 39
13 44 39
44 13 27
13 47 15
47 13 21
13 48 27
48 13 36
13 49 63
49 13 43
13 50 41
50 13 52
13 51 38
51 13 29
14 17 24
17 14 24
14 18 10
18 14 10
14 19 35
19 14 29
14 20 48
20 14 48
14 21 31
21 14 50
14 22 34
22 14 34
14 23 8
23 14 16
14 24 11
24 14 11
14 25 7
25 14 6
14 26 21
26 14 30
14 29 41
29 14 46
14 31 26
31 14 37
14 32 28
32 14 26
14 33 63
33 14 47
14 34 61
34 14 50
14 35 38
35 14 54
14 38 19
38 14 34
14 39 57
39 14 54
14 40 48
40 14 37
14 42 29
42 14 33
14 43 24
43 14 23
14 44 18
44 14 32
14 47 9
47 14 16
14 48 22
48 14 18
14 49 51
49 14 39
14 50 26
50 14 44
14 51 24
51 14 18
17 18 15
18 17 14
17 19 11
19 17 17
17 20 65
20 17 46
17 21 40
21 17 40
17 22 32
22 17 37
17 23 35
23 17 36
17 24 43
24 17 35
17 25 13
25 17 25
17 26 28
26 17 45
17 29 41
29 17 40
17 31 50
31 17 47
17 32 28
32 17 25
17 33 22
33 17 23
17 34 50
34 17 35
17 35 34
35 17 53
17 38 18
38 17 22
17 39 38
39 17 33
17 40 26
40 17 28
17 42 13
42 17 14
17 43 53
43 17 47
17 44 6
44 17 9
17 47 10
47 17 9
17 48 17
48 17 32
17 49 12
49 17 22
17 50 43
50 17 32
17 51 10
51 17 17
18 19 11
19 18 20
18 20 57
20 18 47
18 21 44
21 18 46
18 22 45
22 18 35
18 23 33
23 18 24
18 24 28
24 18 21
18 25 10
25 18 11
18 26 49
26 18 36
18 29 38
29 18 44
18 31 34
31 18 41
18 32 18
32 18 25
18 33 22
33 18 37
18 34 60
34 18 44
18 35 74
35 18 54
18 38 21
38 18 28
18 39 43
39 18 46
18 40 36
40 18 30
18 42 23
42 18 23
18 43 37
43 18 33
18 44 30
44 18 22
18 47 7
47 18 8
18 48 26
48 18 23
18 49 36
49 18 31
18 50 37
50 18 39
18 51 13
51 18 15
19 20 86
20 19 63
19 21 82
21 19 57
19 22 57
22 19 53
19 23 37
23 19 44
19 24 37
24 19 39
19 25 28
25 19 26
19 26 31
26 19 57
19 29 60
29 19 57
19 31 85
31 19 61
19 32 54
32 19 41
19 33 24
33 19 33
19 34 71
34 19 52
19 35 85
35 19 70
19 38 31
38 19 39
19 39 42
39 19 46
19 40 10
40 19 11
19 42 11
42 19 9
19 43 46
43 19 51
19 44 22
44 19 17
19 47 31
47 19 22
19 48 43
48 19 44
19 49 25
49 19 38
19 50 59
50 19 49
19 51 30
51 19 31
20 21 22
21 20 17
20 22 11
22 20 15
20 23 30
23 20 41
20 24 64
24 20 49
20 25 63
25 20 54
20 26 27
26 20 32
20 29 9
29 20 10
20 31 19
31 20 23
20 32 21
32 20 22
20 33 52
33 20 49
20 34 36
34 20 25
20 35 7
35 20 7
20 38 34
38 20 26
20 39 36
39 20 43
20 40 89
40 20 74
20 42 68
42 20 60
20 43 29
43 20 52
20 44 54
44 20 51
20 47 39
47 20 41
20 48 33
48 20 32
20 49 37
49 20 31
20 50 14
50 20 21
20 51 30
51 20 32
21 22 19
22 21 25
21 23 48
23 21 48
21 24 30
24 21 55
21 25 59
25 21 55
21 26 22
26 21 44
21 29 5
29 21 7
21 31 40
31 21 37
21 32 17
32 21 24
21 33 47
33 21 36
21 34 12
34 21 9
21 35 17
35 21 21
21 38 9
38 21 18
21 39 36
39 21 27
21 40 50
40 21 67
21 42 30
42 21 52
21 43 83
43 21 61
21 44 37
44 21 42
21 47 36
47 21 38
21 48 21
48 21 39
21 49 21
49 21 20
21 50 6
50 21 8
21 51 16
51 21 32
22 23 34
23 22 26
22 24 23
24 22 34
22 25 33
25 22 40
22 26 11
26 22 19
22 29 10
29 22 18
22 31 16
31 22 13
22 32 9
32 22 12
22 33 62
33 22 47
22 34 19
34 22 31
22 35 21
35 22 21
22 38 18
38 22 22
22 39 40
39 22 45
22 40 38
40 22 63
22 42 47
42 22 51
22 43 54
43 22 38
22 44 47
44 22 43
22 47 38
47 22 30
22 48 25
48 22 17
22 49 27
49 22 30
22 50 19
50 22 24
22 51 26
51 22 21
23 24 13
24 23 9
23 25 21
25 23 21
23 26 18
26 23 16
23 29 37
29 23 43
23 31 17
31 23 24
23 32 23
32 23 25
23 33 77
33 23 56
23 34 37
34 23 51
23 35 64
35 23 46
23 38 34
38 23 36
23 39 78
39 23 60
23 40 35
40 23 52
23 42 66
42 23 47
23 43 14
43 23 13
23 44 61
44 23 44
23 47 33
47 23 27
23 48 5
48 23 9
23 49 48
49 23 43
23 50 56
50 23 45
23 51 19
51 23 22
24 25 15
25 24 14
24 26 19
26 24 25
24 29 56
29 24 50
24 31 44
31 24 34
24 32 41
32 24 30
24 33 60
33 24 57
24 34 43
34 24 56
24 35 61
35 24 55
24 38 50
38 24 41
24 39 67
39 24 63
24 40 58
40 24 46
24 42 37
42 24 44
24 43 7
43 24 12
24 44 45
44 24 43
24 47 36
47 24 26
24 48 12
48 24 17
24 49 25
49 24 46
24 50 25
50 24 50
24 51 35
51 24 25
25 26 45
26 25 36
25 29 48
29 25 52
25 31 60
31 25 43
25 32 32
32 25 32
25 33 71
33 25 48
25 34 40
34 25 54
25 35 72
35 25 60
25 38 33
38 25 38
25 39 65
39 25 57
25 40 25
40 25 32
25 42 45
42 25 31
25 43 35
43 25 26
25 44 33
44 25 33
25 47 11
47 25 19
25 48 32
48 25 25
25 49 33
49 25 42
25 50 44
50 25 49
25 51 17
51 25 23
26 29 38
29 26 37
26 31 7
31 26 10
26 32 15
32 26 25
26 33 61
33 26 61
26 34 70
34 26 49
26 35 22
35 26 35
26 38 21
38 26 38
26 39 60
39 26 62
26 40 74
40 26 66
26 42 35
42 26 58
26 43 23
43 26 22
26 44 43
44 26 53
26 47 19
47 26 36
26 48 14
48 26 13
26 49 60
49 26 45
26 50 60
50 26 42
26 51 32
51 26 28
29 31 18
31 29 30
29 32 20
32 29 20
29 33 20
33 29 40
29 34 20
34 29 15
29 35 12
35 29 16
29 38 13
38 29 18
29 39 22
39 29 33
29 40 43
40 29 67
29 42 60
42 29 53
29 43 38
43 29 55
29 44 24
44 29 43
29 47 51
47 29 37
29 48 23
48 29 34
29 49 25
49 29 22
29 50 8
50 29 11
29 51 19
51 29 29
31 32 12
32 31 23
31 33 48
33 31 60
31 34 32
34 31 43
31 35 28
35 31 26
31 38 52
38 31 35
31 39 60
39 31 58
31 40 71
40 31 71
31 42 41
42 31 61
31 43 22
43 31 32
31 44 73
44 31 54
31 47 30
47 31 39
31 48 26
48 31 18
31 49 45
49 31 42
31 50 47
50 31 37
31 51 24
51 31 30
32 33 24
33 32 37
32 34 36
34 32 26
32 35 25
35 32 29
32 38 13
38 32 13
32 39 32
39 32 37
32 40 48
40 32 52
32 42 47
42 32 40
32 43 48
43 32 38
32 44 42
44 32 32
32 47 19
47 32 19
32 48 22
48 32 16
32 49 26
49 32 21
32 50 15
50 32 20
32 51 6
51 32 10
33 34 40
34 33 27
33 35 77
35 33 55
33 38 21
38 33 25
33 39 19
39 33 14
33 40 32
40 33 41
33 42 25
42 33 25
33 43 37
43 33 68
33 44 18
44 33 17
33 47 23
47 33 30
33 48 65
48 33 49
33 49 13
49 33 18
33 50 15
50 33 29
33 51 30
51 33 34
34 35 43
35 34 30
34 38 18
38 34 16
34 39 14
39 34 18
34 40 68
40 34 62
34 42 53
42 34 46
34 43 34
43 34 64
34 44 20
44 34 36
34 47 38
47 34 36
34 48 32
48 34 42
34 49 9
49 34 14
34 50 3
50 34 6
34 51 47
51 34 32
35 38 17
38 35 33
35 39 34
39 35 48
35 40 66
40 35 81
35 42 38
42 35 67
35 43 34
43 35 57
35 44 64
44 35 58
35 47 66
47 35 48
35 48 33
48 35 38
35 49 42
49 35 38
35 50 31
50 35 27
35 51 38
51 35 39
38 39 25
39 38 24
38 40 57
40 38 49
38 42 31
42 38 35
38 43 30
43 38 49
38 44 36
44 38 25
38 47 21
47 38 20
38 48 27
48 38 28
38 49 5
49 38 8
38 50 9
50 38 11
38 51 8
51 38 16
39 40 71
40 39 55
39 42 46
42 39 38
39 43 96
43 39 73
39 44 29
44 39 29
39 47 41
47 39 38
39 48 28
48 39 52
39 49 13
49 39 17
39 50 31
50 39 22
39 51 39
51 39 38
40 42 18
42 40 16
40 43 44
43 40 58
40 44 28
44 40 26
40 47 46
47 40 33
40 48 29
48 40 53
40 49 47
49 40 48
40 50 39
50 40 60
40 51 57
51 40 42
42 43 36
43 42 56
42 44 11
44 42 10
42 47 30
47 42 22
42 48 34
48 42 45
42 49 43
49 42 32
42 50 31
50 42 44
42 51 18
51 42 31
43 44 53
44 43 55
43 47 27
47 43 38
43 48 22
48 43 22
43 49 76
49 43 56
43 50 73
50 43 58
43 51 33
51 43 35
44 47 13
47 44 18
44 48 58
48 44 40
44 49 32
49 44 22
44 50 31
50 44 34
44 51 16
51 44 25
47 48 21
48 47 23
47 49 13
49 47 23
47 50 40
50 47 31
47 51 9
51 47 9
48 49 42
49 48 35
48 50 19
50 48 36
48 51 14
51 48 16
49 50 10
50 49 12
49 51 15
51 49 22
50 51 22
51 50 26
