1 56 19 0 5700

328 384

76 5 9 22 22

1 9 36 26
2 9 21 45
4 8 55 20
5 9 33 34
6 12 50 50
7 9 55 45
9 11 40 66
11 12 35 51
12 10 62 35
14 12 62 24
16 11 33 44
17 11 9 56
20 12 44 13
21 10 26 13
22 11 11 28
23 9 7 43
25 9 41 46
26 10 55 34
27 11 35 16
28 9 52 26
29 12 43 26
30 12 31 76
31 10 22 53
32 8 26 29
33 12 50 40
35 11 54 10
36 9 60 15
37 8 47 66
38 8 30 60
39 10 30 50
40 10 12 17
41 9 15 14
42 10 16 19
43 11 21 48
46 10 50 15
48 12 12 38
49 12 15 56
50 10 29 39
52 10 55 57
53 12 67 41
54 12 10 70
56 11 65 27
59 10 64 4
60 12 36 6
61 10 30 20
62 9 20 30
64 12 50 70
65 9 57 72
67 10 38 33
68 12 50 4
69 12 66 8
70 12 59 5
71 9 35 60
73 10 40 20
74 10 40 37
75 10 40 40
3 11 45 35
8 9 26 59
10 10 55 65
13 12 62 57
15 10 21 36
18 9 62 48
19 10 66 14
24 9 17 64
34 9 55 50
44 11 50 30
45 10 51 42
47 12 48 21
51 10 54 38
55 10 6 25
57 8 40 60
58 9 70 64
63 12 15 5
66 9 45 42
72 8 27 24


76 1 19
1 76 15
76 2 21
2 76 23
76 4 46
4 76 33
76 5 14
5 76 16
76 6 33
6 76 39
76 7 45
7 76 40
76 9 25
9 76 48
76 11 25
11 76 32
76 12 34
12 76 42
76 14 47
14 76 40
76 16 29
16 76 25
76 17 32
17 76 36
76 20 16
20 76 24
76 21 6
21 76 10
76 22 17
22 76 13
76 23 26
23 76 26
76 25 26
25 76 30
76 26 32
26 76 35
76 27 12
27 76 14
76 28 40
28 76 30
76 29 28
29 76 21
76 30 55
30 76 55
76 31 19
31 76 31
76 32 9
32 76 8
76 33 22
33 76 33
76 35 30
35 76 34
76 36 39
36 76 39
76 37 71
37 76 51
76 38 46
38 76 39
76 39 23
39 76 29
76 40 13
40 76 11
76 41 9
41 76 11
76 42 5
42 76 7
76 43 31
43 76 26
76 46 23
46 76 29
76 48 20
48 76 19
76 49 18
49 76 35
76 50 25
50 76 18
76 52 54
52 76 48
76 53 33
53 76 48
76 54 54
54 76 49
76 56 26
56 76 43
76 59 59
59 76 45
76 60 21
60 76 21
76 61 7
61 76 8
76 62 4
62 76 8
76 64 69
64 76 55
76 65 78
65 76 61
76 67 16
67 76 19
76 68 44
68 76 33
76 69 26
69 76 46
76 70 59
70 76 40
76 71 44
71 76 40
76 73 18
73 76 18
76 74 14
74 76 23
76 75 34
75 76 25
76 3 27
3 76 26
76 8 36
8 76 37
76 10 74
10 76 54
76 13 36
13 76 53
76 15 11
15 76 14
76 18 67
18 76 47
76 19 58
19 76 45
76 24 30
24 76 42
76 34 54
34 76 43
76 44 18
44 76 29
76 45 19
45 76 35
76 47 17
47 76 26
76 51 45
51 76 35
76 55 15
55 76 16
76 57 22
57 76 42
76 58 65
58 76 63
76 63 14
63 76 18
76 66 34
66 76 30
76 72 4
72 76 5
1 2 26
2 1 24
1 4 16
4 1 20
1 5 11
5 1 9
1 6 18
6 1 28
1 7 38
7 1 27
1 9 30
9 1 40
1 11 37
11 1 25
1 12 30
12 1 28
1 14 22
14 1 26
1 16 11
16 1 18
1 17 31
17 1 40
1 20 22
20 1 15
1 21 12
21 1 16
1 22 36
22 1 25
1 23 33
23 1 34
1 25 18
25 1 21
1 26 22
26 1 21
1 27 13
27 1 10
1 28 12
28 1 16
1 29 8
29 1 7
1 30 53
30 1 50
1 31 33
31 1 30
1 32 12
32 1 10
1 33 20
33 1 20
1 35 25
35 1 24
1 36 22
36 1 26
1 37 55
37 1 41
1 38 47
38 1 34
1 39 32
39 1 25
1 40 35
40 1 26
1 41 20
41 1 24
1 42 17
42 1 21
1 43 18
43 1 27
1 46 18
46 1 18
1 48 29
48 1 27
1 49 54
49 1 37
1 50 12
50 1 15
1 52 50
52 1 36
1 53 45
53 1 34
1 54 53
54 1 51
1 56 23
56 1 29
1 59 23
59 1 36
1 60 19
60 1 20
1 61 4
61 1 8
1 62 18
62 1 16
1 64 35
64 1 46
1 65 65
65 1 50
1 67 10
67 1 7
1 68 16
68 1 26
1 69 29
69 1 35
1 70 36
70 1 31
1 71 47
71 1 34
1 73 4
73 1 7
1 74 12
74 1 11
1 75 10
75 1 14
1 3 15
3 1 13
1 8 27
8 1 34
1 10 59
10 1 43
1 13 22
13 1 40
1 15 22
15 1 18
1 18 38
18 1 34
1 19 36
19 1 32
1 24 56
24 1 42
1 34 43
34 1 31
1 44 11
44 1 15
1 45 30
45 1 22
1 47 18
47 1 13
1 51 20
51 1 22
1 55 37
55 1 30
1 57 25
57 1 34
1 58 33
58 1 51
1 63 38
63 1 29
1 66 13
66 1 18
1 72 7
72 1 9
2 4 38
4 2 42
2 5 16
5 2 16
2 6 34
6 2 29
2 7 22
7 2 34
2 9 32
9 2 28
2 11 9
11 2 15
2 12 52
12 2 42
2 14 29
14 2 46
2 16 17
16 2 12
2 17 15
17 2 16
2 20 54
20 2 39
2 21 37
21 2 32
2 22 16
22 2 20
2 23 18
23 2 14
2 25 27
25 2 20
2 26 44
26 2 36
2 27 24
27 2 32
2 28 53
28 2 36
2 29 33
29 2 29
2 30 49
30 2 33
2 31 6
31 2 8
2 32 21
32 2 17
2 33 25
33 2 29
2 35 24
35 2 48
2 36 44
36 2 49
2 37 40
37 2 33
2 38 25
38 2 17
2 39 11
39 2 10
2 40 32
40 2 29
2 41 44
41 2 32
2 42 18
42 2 26
2 43 2
43 2 3
2 46 42
46 2 41
2 48 16
48 2 11
2 49 13
49 2 13
2 50 8
50 2 10
2 52 36
52 2 36
2 53 30
53 2 46
2 54 24
54 2 27
2 56 34
56 2 48
2 59 74
59 2 59
2 60 34
60 2 42
2 61 17
61 2 27
2 62 10
62 2 15
2 64 48
64 2 38
2 65 67
65 2 45
2 67 29
67 2 21
2 68 47
68 2 50
2 69 30
69 2 58
2 70 62
70 2 54
2 71 11
71 2 21
2 73 26
73 2 31
2 74 31
74 2 21
2 75 22
75 2 20
2 3 21
3 2 26
2 8 16
8 2 15
2 10 25
10 2 39
2 13 62
13 2 43
2 15 9
15 2 9
2 18 56
18 2 41
2 19 54
19 2 55
2 24 24
24 2 19
2 34 46
34 2 34
2 44 38
44 2 33
2 45 17
45 2 30
2 47 32
47 2 36
2 51 46
51 2 33
2 55 25
55 2 25
2 57 33
57 2 24
2 58 48
58 2 52
2 63 55
63 2 40
2 66 19
66 2 24
2 72 31
72 2 22
4 5 18
5 4 26
4 6 35
6 4 30
4 7 33
7 4 25
4 9 59
9 4 48
4 11 29
11 4 37
4 12 23
12 4 17
4 14 7
14 4 8
4 16 42
16 4 33
4 17 42
17 4 58
4 20 11
20 4 13
4 21 44
21 4 30
4 22 33
22 4 45
4 23 29
23 4 53
4 25 25
25 4 30
4 26 19
26 4 14
4 27 26
27 4 20
4 28 7
28 4 7
4 29 8
29 4 13
4 30 44
30 4 61
4 31 26
31 4 47
4 32 42
32 4 30
4 33 11
33 4 21
4 35 14
35 4 10
4 36 10
36 4 7
4 37 25
37 4 46
4 38 53
38 4 47
4 39 52
39 4 39
4 40 26
40 4 43
4 41 44
41 4 40
4 42 21
42 4 39
4 43 36
43 4 44
4 46 7
46 4 7
4 48 40
48 4 46
4 49 66
49 4 54
4 50 46
50 4 32
4 52 52
52 4 37
4 53 32
53 4 24
4 54 70
54 4 67
4 56 6
56 4 12
4 59 13
59 4 18
4 60 25
60 4 24
4 61 15
61 4 25
4 62 48
62 4 36
4 64 28
64 4 50
4 65 39
65 4 52
4 67 20
67 4 21
4 68 25
68 4 17
4 69 17
69 4 16
4 70 20
70 4 16
4 71 56
71 4 45
4 73 18
73 4 15
4 74 27
74 4 23
4 75 23
75 4 25
4 3 15
3 4 18
4 8 32
8 4 49
4 10 59
10 4 45
4 13 49
13 4 38
4 15 33
15 4 38
4 18 33
18 4 29
4 19 8
19 4 13
4 24 49
24 4 58
4 34 22
34 4 30
4 44 7
44 4 11
4 45 24
45 4 22
4 47 4
47 4 7
4 51 10
51 4 18
4 55 67
55 4 49
4 57 44
57 4 43
4 58 24
58 4 46
4 63 37
63 4 43
4 66 18
66 4 24
4 72 23
72 4 28
5 6 27
6 5 23
5 7 20
7 5 25
5 9 37
9 5 33
5 11 12
11 5 17
5 12 21
12 5 29
5 14 38
14 5 31
5 16 9
16 5 10
5 17 21
17 5 33
5 20 15
20 5 24
5 21 20
21 5 22
5 22 28
22 5 23
5 23 15
23 5 28
5 25 15
25 5 14
5 26 26
26 5 22
5 27 16
27 5 18
5 28 31
28 5 21
5 29 12
29 5 13
5 30 33
30 5 42
5 31 21
31 5 22
5 32 10
32 5 9
5 33 22
33 5 18
5 35 31
35 5 32
5 36 25
36 5 33
5 37 49
37 5 35
5 38 27
38 5 26
5 39 16
39 5 16
5 40 14
40 5 27
5 41 37
41 5 27
5 42 13
42 5 23
5 43 11
43 5 18
5 46 30
46 5 25
5 48 25
48 5 21
5 49 23
49 5 28
5 50 3
50 5 6
5 52 29
52 5 32
5 53 32
53 5 34
5 54 55
54 5 42
5 56 41
56 5 32
5 59 54
59 5 43
5 60 22
60 5 28
5 61 20
61 5 14
5 62 13
62 5 14
5 64 44
64 5 40
5 65 41
65 5 45
5 67 3
67 5 5
5 68 35
68 5 34
5 69 56
69 5 42
5 70 44
70 5 38
5 71 32
71 5 26
5 73 9
73 5 16
5 74 9
74 5 8
5 75 5
75 5 9
5 3 13
3 5 12
5 8 36
8 5 26
5 10 41
10 5 38
5 13 27
13 5 37
5 15 12
15 5 12
5 18 43
18 5 32
5 19 33
19 5 39
5 24 45
24 5 34
5 34 37
34 5 27
5 44 24
44 5 17
5 45 11
45 5 20
5 47 16
47 5 20
5 51 12
51 5 21
5 55 35
55 5 28
5 57 28
57 5 27
5 58 29
58 5 47
5 63 26
63 5 34
5 66 17
66 5 14
5 72 12
72 5 12
6 7 9
7 6 7
6 9 28
9 6 19
6 11 16
11 6 15
6 12 28
12 6 19
6 14 28
14 6 29
6 16 26
16 6 18
6 17 41
17 6 41
6 20 27
20 6 37
6 21 31
21 6 44
6 22 37
22 6 45
6 23 63
23 6 44
6 25 10
25 6 10
6 26 15
26 6 17
6 27 32
27 6 37
6 28 13
28 6 24
6 29 20
29 6 25
6 30 32
30 6 32
6 31 24
31 6 28
6 32 29
32 6 32
6 33 8
33 6 10
6 35 20
35 6 40
6 36 29
36 6 36
6 37 20
37 6 16
6 38 14
38 6 22
6 39 13
39 6 20
6 40 34
40 6 50
6 41 74
41 6 50
6 42 47
42 6 46
6 43 43
43 6 29
6 46 29
46 6 35
6 48 54
48 6 40
6 49 52
49 6 36
6 50 17
50 6 24
6 52 6
52 6 9
6 53 17
53 6 19
6 54 26
54 6 44
6 56 40
56 6 27
6 59 41
59 6 48
6 60 32
60 6 46
6 61 46
61 6 36
6 62 33
62 6 36
6 64 27
64 6 20
6 65 34
65 6 23
6 67 28
67 6 20
6 68 42
68 6 46
6 69 38
69 6 45
6 70 32
70 6 46
6 71 17
71 6 18
6 73 28
73 6 32
6 74 19
74 6 16
6 75 7
75 6 14
6 3 20
3 6 16
6 8 29
8 6 26
6 10 21
10 6 16
6 13 15
13 6 14
6 15 34
15 6 32
6 18 13
18 6 12
6 19 49
19 6 39
6 24 30
24 6 36
6 34 7
34 6 5
6 44 26
44 6 20
6 45 4
45 6 8
6 47 23
47 6 29
6 51 14
51 6 13
6 55 49
55 6 51
6 57 16
57 6 14
6 58 33
58 6 24
6 63 54
63 6 57
6 66 6
66 6 9
6 72 30
72 6 34
7 9 31
9 7 26
7 11 12
11 7 21
7 12 15
12 7 12
7 14 12
14 7 22
7 16 24
16 7 22
7 17 31
17 7 47
7 20 26
20 7 34
7 21 41
21 7 43
7 22 37
22 7 47
7 23 30
23 7 48
7 25 19
25 7 14
7 26 6
26 7 11
7 27 21
27 7 35
7 28 13
28 7 19
7 29 19
29 7 22
7 30 39
30 7 39
7 31 41
31 7 34
7 32 34
32 7 33
7 33 9
33 7 7
7 35 34
35 7 35
7 36 23
36 7 30
7 37 11
37 7 22
7 38 32
38 7 29
7 39 33
39 7 25
7 40 61
40 7 51
7 41 71
41 7 51
7 42 48
42 7 47
7 43 23
43 7 34
7 46 32
46 7 30
7 48 23
48 7 44
7 49 24
49 7 41
7 50 31
50 7 27
7 52 9
52 7 12
7 53 10
53 7 13
7 54 33
54 7 51
7 56 17
56 7 21
7 59 60
59 7 42
7 60 24
60 7 43
7 61 43
61 7 35
7 62 21
62 7 38
7 64 20
64 7 25
7 65 34
65 7 27
7 67 30
67 7 21
7 68 37
68 7 41
7 69 54
69 7 38
7 70 55
70 7 40
7 71 23
71 7 25
7 73 33
73 7 29
7 74 16
74 7 17
7 75 9
75 7 15
7 3 10
3 7 14
7 8 29
8 7 32
7 10 13
10 7 20
7 13 7
13 7 14
7 15 51
15 7 35
7 18 11
18 7 8
7 19 46
19 7 33
7 24 56
24 7 42
7 34 6
34 7 5
7 44 16
44 7 16
7 45 4
45 7 5
7 47 13
47 7 25
7 51 9
51 7 7
7 55 49
55 7 53
7 57 26
57 7 21
7 58 15
58 7 24
7 63 51
63 7 56
7 66 6
66 7 10
7 72 24
72 7 35
9 11 20
11 9 16
9 12 33
12 9 38
9 14 69
14 9 47
9 16 18
16 9 23
9 17 32
17 9 33
9 20 67
20 9 53
9 21 77
21 9 55
9 22 70
22 9 48
9 23 24
23 9 40
9 25 15
25 9 20
9 26 21
26 9 35
9 27 31
27 9 50
9 28 57
28 9 42
9 29 47
29 9 40
9 30 10
30 9 13
9 31 27
31 9 22
9 32 54
32 9 40
9 33 38
33 9 28
9 35 81
35 9 58
9 36 49
36 9 55
9 37 8
37 9 7
9 38 14
38 9 12
9 39 15
39 9 19
9 40 63
40 9 56
9 41 54
41 9 58
9 42 51
42 9 53
9 43 14
43 9 26
9 46 75
46 9 52
9 48 45
48 9 39
9 49 14
49 9 27
9 50 42
50 9 29
9 52 20
52 9 17
9 53 44
53 9 37
9 54 23
54 9 30
9 56 65
56 9 46
9 59 68
59 9 66
9 60 57
60 9 60
9 61 46
61 9 47
9 62 60
62 9 41
9 64 16
64 9 11
9 65 15
65 9 18
9 67 21
67 9 33
9 68 54
68 9 63
9 69 60
69 9 63
9 70 90
70 9 64
9 71 4
71 9 8
9 73 23
73 9 46
9 74 33
74 9 29
9 75 23
75 9 26
9 3 32
3 9 31
9 8 10
8 9 16
9 10 18
10 9 15
9 13 28
13 9 24
9 15 52
15 9 36
9 18 25
18 9 28
9 19 60
19 9 58
9 24 34
24 9 23
9 34 13
34 9 22
9 44 43
44 9 37
9 45 19
45 9 26
9 47 56
47 9 46
9 51 36
51 9 31
9 55 60
55 9 53
9 57 7
57 9 6
9 58 20
58 9 30
9 63 54
63 9 66
9 66 24
66 9 25
9 72 31
72 9 44
11 12 36
12 11 31
11 14 21
14 11 38
11 16 4
16 11 7
11 17 16
17 11 26
11 20 27
20 11 39
11 21 50
21 11 39
11 22 41
22 11 33
11 23 25
23 11 29
11 25 11
25 11 8
11 26 38
26 11 26
11 27 45
27 11 35
11 28 29
28 11 30
11 29 37
29 11 26
11 30 19
30 11 25
11 31 7
31 11 13
11 32 32
32 11 24
11 33 25
33 11 19
11 35 24
35 11 45
11 36 23
36 11 44
11 37 19
37 11 19
11 38 8
38 11 10
11 39 4
39 11 5
11 40 35
40 11 41
11 41 46
41 11 42
11 42 29
42 11 37
11 43 12
43 11 14
11 46 47
46 11 39
11 48 32
48 11 26
11 49 17
49 11 21
11 50 7
50 11 13
11 52 18
52 11 21
11 53 45
53 11 34
11 54 32
54 11 31
11 56 29
56 11 38
11 59 48
59 11 55
11 60 62
60 11 45
11 61 19
61 11 31
11 62 35
62 11 26
11 64 27
64 11 24
11 65 19
65 11 30
11 67 25
67 11 18
11 68 26
68 11 49
11 69 56
69 11 53
11 70 44
70 11 52
11 71 9
71 11 9
11 73 46
73 11 31
11 74 17
74 11 15
11 75 17
75 11 12
11 3 21
3 11 19
11 8 14
8 11 12
11 10 24
10 11 24
11 13 32
13 11 28
11 15 17
15 11 21
11 18 32
18 11 27
11 19 71
19 11 48
11 24 23
24 11 22
11 34 29
34 11 20
11 44 30
44 11 26
11 45 21
45 11 18
11 47 32
47 11 33
11 51 18
51 11 23
11 55 39
55 11 39
11 57 12
57 11 10
11 58 24
58 11 37
11 63 56
63 11 50
11 66 16
66 11 13
11 72 25
72 11 28
12 14 13
14 12 11
12 16 25
16 12 30
12 17 63
17 12 57
12 20 16
20 12 28
12 21 61
21 12 42
12 22 68
22 12 51
12 23 79
23 12 56
12 25 17
25 12 24
12 26 6
26 12 7
12 27 38
27 12 33
12 28 13
28 12 13
12 29 16
29 12 21
12 30 64
30 12 51
12 31 25
31 12 44
12 32 50
32 12 36
12 33 12
33 12 13
12 35 13
35 12 26
12 36 13
36 12 20
12 37 44
37 12 34
12 38 57
38 12 41
12 39 43
39 12 35
12 40 36
40 12 53
12 41 34
41 12 51
12 42 50
42 12 49
12 43 62
43 12 43
12 46 16
46 12 23
12 48 47
48 12 50
12 49 39
49 12 51
12 50 46
50 12 33
12 52 22
52 12 23
12 53 8
53 12 8
12 54 53
54 12 63
12 56 10
56 12 9
12 59 17
59 12 31
12 60 48
60 12 38
12 61 20
61 12 35
12 62 21
62 12 42
12 64 27
64 12 37
12 65 24
65 12 37
12 67 23
67 12 24
12 68 36
68 12 33
12 69 39
69 12 27
12 70 27
70 12 30
12 71 51
71 12 37
12 73 13
73 12 26
12 74 27
74 12 22
12 75 21
75 12 23
12 3 16
3 12 17
12 8 34
8 12 43
12 10 17
10 12 31
12 13 23
13 12 22
12 15 49
15 12 41
12 18 14
18 12 13
12 19 12
19 12 21
12 24 74
24 12 54
12 34 13
34 12 17
12 44 14
44 12 13
12 45 12
45 12 13
12 47 27
47 12 19
12 51 9
51 12 9
12 55 74
55 12 56
12 57 27
57 12 33
12 58 32
58 12 30
12 63 34
63 12 56
12 66 21
66 12 18
12 72 35
72 12 37
14 16 46
16 14 35
14 17 84
17 14 62
14 20 12
20 14 21
14 21 53
21 14 38
14 22 64
22 14 51
14 23 62
23 14 58
14 25 24
25 14 30
14 26 6
26 14 12
14 27 17
27 14 28
14 28 9
28 14 10
14 29 14
29 14 19
14 30 84
30 14 60
14 31 46
31 14 49
14 32 50
32 14 36
14 33 21
33 14 20
14 35 20
35 14 16
14 36 13
36 14 9
14 37 46
37 14 45
14 38 28
38 14 48
14 39 24
39 14 41
14 40 35
40 14 50
14 41 40
41 14 48
14 42 48
42 14 46
14 43 28
43 14 48
14 46 14
46 14 15
14 48 28
48 14 52
14 49 61
49 14 57
14 50 29
50 14 36
14 52 22
52 14 34
14 53 9
53 14 18
14 54 61
54 14 69
14 56 4
56 14 4
14 59 28
59 14 20
14 60 18
60 14 32
14 61 47
61 14 32
14 62 51
62 14 42
14 64 36
64 14 48
14 65 55
65 14 48
14 67 15
67 14 25
14 68 18
68 14 23
14 69 12
69 14 16
14 70 14
70 14 19
14 71 52
71 14 45
14 73 23
73 14 22
14 74 26
74 14 25
14 75 14
75 14 27
14 3 22
3 14 20
14 8 29
8 14 50
14 10 27
10 14 42
14 13 33
13 14 33
14 15 47
15 14 43
14 18 12
18 14 24
14 19 8
19 14 11
14 24 77
24 14 60
14 34 18
34 14 27
14 44 9
44 14 13
14 45 21
45 14 21
14 47 14
47 14 14
14 51 22
51 14 16
14 55 81
55 14 56
14 57 51
57 14 42
14 58 37
58 14 41
14 63 39
63 14 51
14 66 15
66 14 25
14 72 25
72 14 35
16 17 38
17 16 27
16 20 22
20 16 33
16 21 25
21 16 32
16 22 26
22 16 27
16 23 38
23 16 26
16 25 8
25 16 8
16 26 13
26 16 24
16 27 18
27 16 28
16 28 24
28 16 26
16 29 29
29 16 21
16 30 35
30 16 32
16 31 9
31 16 14
16 32 17
32 16 17
16 33 18
33 16 17
16 35 54
35 16 40
16 36 49
36 16 40
16 37 21
37 16 26
16 38 11
38 16 16
16 39 10
39 16 7
16 40 19
40 16 34
16 41 44
41 16 35
16 42 22
42 16 30
16 43 11
43 16 13
16 46 46
46 16 34
16 48 29
48 16 22
16 49 18
49 16 22
16 50 8
50 16 6
16 52 33
52 16 26
16 53 31
53 16 34
16 54 44
54 16 35
16 56 51
56 16 36
16 59 50
59 16 50
16 60 31
60 16 38
16 61 33
61 16 24
16 62 13
62 16 19
16 64 22
64 16 31
16 65 35
65 16 37
16 67 16
67 16 12
16 68 55
68 16 43
16 69 53
69 16 49
16 70 58
70 16 46
16 71 9
71 16 16
16 73 14
73 16 25
16 74 13
74 16 10
16 75 8
75 16 8
16 3 17
3 16 15
16 8 16
8 16 17
16 10 20
10 16 30
16 13 30
13 16 32
16 15 14
15 16 14
16 18 43
18 16 29
16 19 39
19 16 45
16 24 27
24 16 26
16 34 18
34 16 23
16 44 29
44 16 22
16 45 25
45 16 18
16 47 34
47 16 27
16 51 19
51 16 21
16 55 20
55 16 33
16 57 12
57 16 17
16 58 60
58 16 42
16 63 56
63 16 43
16 66 16
66 16 12
16 72 16
72 16 21
17 20 41
20 17 55
17 21 32
21 17 46
17 22 32
22 17 28
17 23 9
23 17 13
17 25 22
25 17 34
17 26 73
26 17 51
17 27 28
27 17 48
17 28 75
28 17 52
17 29 61
29 17 45
17 30 28
30 17 29
17 31 18
31 17 13
17 32 27
32 17 32
17 33 53
33 17 44
17 35 36
35 17 64
17 36 69
36 17 65
17 37 41
37 17 39
17 38 26
38 17 21
17 39 28
39 17 22
17 40 22
40 17 39
17 41 62
41 17 42
17 42 42
42 17 38
17 43 19
43 17 14
17 46 67
46 17 58
17 48 19
48 17 18
17 49 6
49 17 6
17 50 29
50 17 26
17 52 39
52 17 46
17 53 79
53 17 60
17 54 16
54 17 14
17 56 94
56 17 63
17 59 55
59 17 75
17 60 68
60 17 57
17 61 33
61 17 42
17 62 14
62 17 28
17 64 61
64 17 43
17 65 74
65 17 50
17 67 38
67 17 37
17 68 45
68 17 66
17 69 104
69 17 74
17 70 45
70 17 71
17 71 19
71 17 26
17 73 59
73 17 48
17 74 53
74 17 36
17 75 34
75 17 35
17 3 55
3 17 42
17 8 16
8 17 17
17 10 32
10 17 47
17 13 66
13 17 53
17 15 25
15 17 23
17 18 72
18 17 54
17 19 75
19 17 71
17 24 8
24 17 11
17 34 24
34 17 46
17 44 38
44 17 48
17 45 52
45 17 44
17 47 49
47 17 52
17 51 39
51 17 48
17 55 27
55 17 31
17 57 29
57 17 31
17 58 89
58 17 61
17 63 41
63 17 51
17 66 54
66 17 38
17 72 42
72 17 37
20 21 9
21 20 18
20 22 43
22 20 36
20 23 52
23 20 48
20 25 38
25 20 33
20 26 20
26 20 24
20 27 8
27 20 9
20 28 8
28 20 15
20 29 7
29 20 13
20 30 72
30 20 64
20 31 53
31 20 46
20 32 28
32 20 24
20 33 17
33 20 28
20 35 14
35 20 10
20 36 11
36 20 16
20 37 32
37 20 53
20 38 37
38 20 49
20 39 20
39 20 40
20 40 32
40 20 32
20 41 26
41 20 29
20 42 25
42 20 28
20 43 56
43 20 42
20 46 7
46 20 6
20 48 54
48 20 41
20 49 69
49 20 52
20 50 40
50 20 30
20 52 43
52 20 45
20 53 51
53 20 36
20 54 47
54 20 66
20 56 28
56 20 25
20 59 27
59 20 22
20 60 13
60 20 11
20 61 22
61 20 15
20 62 30
62 20 29
20 64 51
64 20 57
20 65 30
65 20 60
20 67 13
67 20 21
20 68 11
68 20 11
20 69 18
69 20 22
20 70 19
70 20 17
20 71 25
71 20 48
20 73 8
73 20 8
20 74 19
74 20 24
20 75 28
75 20 27
20 3 32
3 20 22
20 8 37
8 20 49
20 10 75
10 20 53
20 13 29
13 20 48
20 15 45
15 20 33
20 18 40
18 20 39
20 19 12
19 20 22
20 24 54
24 20 58
20 34 42
34 20 39
20 44 26
44 20 18
20 45 16
45 20 30
20 47 12
47 20 9
20 51 17
51 20 27
20 55 56
55 20 39
20 57 51
57 20 47
20 58 49
58 20 57
20 63 33
63 20 30
20 66 19
66 20 29
20 72 22
72 20 20
21 22 13
22 21 21
21 23 47
23 21 36
21 25 28
25 21 36
21 26 44
26 21 36
21 27 7
27 21 9
21 28 38
28 21 29
21 29 28
29 21 21
21 30 71
30 21 63
21 31 41
31 21 40
21 32 15
32 21 16
21 33 33
33 21 36
21 35 41
35 21 28
21 36 19
36 21 34
21 37 32
37 21 57
21 38 58
38 21 47
21 39 41
39 21 37
21 40 11
40 21 15
21 41 9
41 21 11
21 42 15
42 21 12
21 43 30
43 21 35
21 46 17
46 21 24
21 48 32
48 21 29
21 49 40
49 21 44
21 50 38
50 21 26
21 52 67
52 21 53
21 53 47
53 21 49
21 54 54
54 21 59
21 56 40
56 21 41
21 59 55
59 21 39
21 60 11
60 21 12
21 61 9
61 21 8
21 62 16
62 21 18
21 64 68
64 21 62
21 65 50
65 21 67
21 67 22
67 21 23
21 68 33
68 21 26
21 69 41
69 21 40
21 70 39
70 21 34
21 71 47
71 21 48
21 73 11
73 21 15
21 74 38
74 21 27
21 75 33
75 21 30
21 3 38
3 21 29
21 8 26
8 21 46
21 10 54
10 21 60
21 13 75
13 21 57
21 15 16
15 21 24
21 18 50
18 21 50
21 19 24
19 21 40
21 24 68
24 21 52
21 34 47
34 21 47
21 44 29
44 21 29
21 45 28
45 21 38
21 47 26
47 21 23
21 51 34
51 21 37
21 55 26
55 21 23
21 57 34
57 21 49
21 58 83
58 21 67
21 63 19
63 21 14
21 66 50
66 21 35
21 72 15
72 21 11
22 23 13
23 22 16
22 25 32
25 22 35
22 26 58
26 22 44
22 27 17
27 22 27
22 28 31
28 22 41
22 29 37
29 22 32
22 30 62
30 22 52
22 31 35
31 22 27
22 32 20
32 22 15
22 33 38
33 22 41
22 35 24
35 22 47
22 36 66
36 22 51
22 37 51
37 22 52
22 38 40
38 22 37
22 39 38
39 22 29
22 40 10
40 22 11
22 41 14
41 22 15
22 42 10
42 22 10
22 43 31
43 22 22
22 46 48
46 22 41
22 48 11
48 22 10
22 49 33
49 22 28
22 50 26
50 22 21
22 52 44
52 22 53
22 53 77
53 22 57
22 54 53
54 22 42
22 56 70
56 22 54
22 59 40
59 22 58
22 60 48
60 22 33
22 61 16
61 22 21
22 62 8
62 22 9
22 64 64
64 22 57
22 65 59
65 22 64
22 67 18
67 22 27
22 68 24
68 22 46
22 69 33
69 22 58
22 70 51
70 22 53
22 71 59
71 22 40
22 73 26
73 22 30
22 74 18
74 22 30
22 75 30
75 22 31
22 3 25
3 22 35
22 8 17
8 22 34
22 10 57
10 22 57
22 13 50
13 22 59
22 15 12
15 22 13
22 18 74
18 22 55
22 19 81
19 22 57
22 24 20
24 22 36
22 34 57
34 22 49
22 44 33
44 22 39
22 45 56
45 22 42
22 47 22
47 22 38
22 51 53
51 22 44
22 55 7
55 22 6
22 57 34
57 22 43
22 58 59
58 22 69
22 63 30
63 22 23
22 66 36
66 22 37
22 72 15
72 22 16
23 25 21
25 23 34
23 26 59
26 23 49
23 27 47
27 23 39
23 28 24
28 23 48
23 29 30
29 23 40
23 30 49
30 23 41
23 31 23
31 23 18
23 32 23
32 23 24
23 33 52
33 23 43
23 35 40
35 23 57
23 36 85
36 23 60
23 37 24
37 23 46
23 38 39
38 23 29
23 39 22
39 23 24
23 40 19
40 23 26
23 41 28
41 23 30
23 42 20
42 23 26
23 43 12
43 23 15
23 46 28
46 23 51
23 48 5
48 23 7
23 49 21
49 23 15
23 50 29
50 23 22
23 52 25
52 23 50
23 53 72
53 23 60
23 54 23
54 23 27
23 56 68
56 23 60
23 59 40
59 23 69
23 60 26
60 23 47
23 61 47
61 23 32
23 62 22
62 23 18
23 64 32
64 23 51
23 65 43
65 23 58
23 67 47
67 23 33
23 68 36
68 23 58
23 69 60
69 23 68
23 70 52
70 23 64
23 71 33
71 23 33
23 73 41
73 23 40
23 74 28
74 23 33
23 75 41
75 23 33
23 3 47
3 23 39
23 8 24
8 23 25
23 10 66
10 23 53
23 13 29
13 23 57
23 15 14
15 23 16
23 18 67
18 23 55
23 19 37
19 23 66
23 24 25
24 23 23
23 34 64
34 23 49
23 44 67
44 23 45
23 45 63
45 23 44
23 47 24
47 23 47
23 51 70
51 23 47
23 55 24
55 23 18
23 57 42
57 23 37
23 58 37
58 23 66
23 63 49
63 23 38
23 66 28
66 23 38
23 72 37
72 23 27
25 26 24
26 25 18
25 27 39
27 25 31
25 28 30
28 25 23
25 29 22
29 25 20
25 30 20
30 25 32
25 31 26
31 25 20
25 32 31
32 25 23
25 33 13
33 25 11
25 35 27
35 25 38
25 36 45
36 25 36
25 37 17
37 25 21
25 38 11
38 25 18
25 39 10
39 25 12
25 40 60
40 25 41
25 41 32
41 25 41
25 42 47
42 25 37
25 43 27
43 25 20
25 46 18
46 25 32
25 48 34
48 25 30
25 49 15
49 25 28
25 50 20
50 25 14
25 52 14
52 25 18
25 53 15
53 25 26
25 54 23
54 25 39
25 56 15
56 25 30
25 59 64
59 25 48
25 60 35
60 25 40
25 61 15
61 25 28
25 62 25
62 25 26
25 64 14
64 25 26
25 65 27
65 25 31
25 67 12
67 25 13
25 68 55
68 25 43
25 69 63
69 25 45
25 70 56
70 25 45
25 71 21
71 25 15
25 73 35
73 25 26
25 74 10
74 25 9
25 75 8
75 25 6
25 3 16
3 25 12
25 8 10
8 25 20
25 10 34
10 25 24
25 13 33
13 25 24
25 15 18
15 25 22
25 18 28
18 25 21
25 19 24
19 25 41
25 24 34
24 25 30
25 34 21
34 25 15
25 44 13
44 25 18
25 45 16
45 25 11
25 47 20
47 25 26
25 51 20
51 25 15
25 55 61
55 25 41
25 57 17
57 25 14
25 58 37
58 25 34
25 63 40
63 25 49
25 66 7
66 25 6
25 72 32
72 25 26
26 27 21
27 26 27
26 28 13
28 26 9
26 29 16
29 26 14
26 30 55
30 26 48
26 31 39
31 26 38
26 32 18
32 26 29
26 33 10
33 26 8
26 35 32
35 26 24
26 36 27
36 26 20
26 37 46
37 26 33
26 38 24
38 26 36
26 39 20
39 26 30
26 40 59
40 26 46
26 41 64
41 26 44
26 42 40
42 26 42
26 43 23
43 26 37
26 46 23
46 26 20
26 48 59
48 26 43
26 49 33
49 26 46
26 50 31
50 26 26
26 52 25
52 26 23
26 53 16
53 26 14
26 54 80
54 26 58
26 56 7
56 26 12
26 59 34
59 26 31
26 60 47
60 26 34
26 61 26
61 26 28
26 62 51
62 26 35
26 64 21
64 26 36
26 65 42
65 26 38
26 67 10
67 26 17
26 68 31
68 26 30
26 69 30
69 26 28
26 70 25
70 26 29
26 71 25
71 26 33
26 73 22
73 26 20
26 74 21
74 26 15
26 75 18
75 26 16
26 3 9
3 26 10
26 8 50
8 26 38
26 10 39
10 26 31
26 13 22
13 26 24
26 15 47
15 26 34
26 18 13
18 26 16
26 19 14
19 26 23
26 24 47
24 26 48
26 34 18
34 26 16
26 44 8
44 26 6
26 45 11
45 26 9
26 47 14
47 26 15
26 51 2
51 26 4
26 55 50
55 26 49
26 57 36
57 26 30
26 58 22
58 26 34
26 63 29
63 26 49
26 66 19
66 26 13
26 72 35
72 26 30
27 28 25
28 27 20
27 29 16
29 27 13
27 30 67
30 27 60
27 31 41
31 27 39
27 32 8
32 27 16
27 33 15
33 27 28
27 35 16
35 27 20
27 36 16
36 27 25
27 37 63
37 27 51
27 38 42
38 27 44
27 39 21
39 27 34
27 40 21
40 27 23
27 41 17
41 27 20
27 42 26
42 27 19
27 43 48
43 27 35
27 46 22
46 27 15
27 48 33
48 27 32
27 49 57
49 27 45
27 50 16
50 27 24
27 52 41
52 27 46
27 53 22
53 27 41
27 54 55
54 27 60
27 56 21
56 27 32
27 59 33
59 27 31
27 60 10
60 27 10
27 61 4
61 27 6
27 62 29
62 27 20
27 64 54
64 27 56
27 65 81
65 27 60
27 67 15
67 27 17
27 68 15
68 27 19
27 69 18
69 27 32
27 70 28
70 27 26
27 71 37
71 27 44
27 73 5
73 27 6
27 74 13
74 27 21
27 75 29
75 27 24
27 3 30
3 27 21
27 8 23
8 27 44
27 10 74
10 27 53
27 13 38
13 27 49
27 15 21
15 27 24
27 18 31
18 27 42
27 19 43
19 27 31
27 24 36
24 27 51
27 34 20
34 27 39
27 44 15
44 27 21
27 45 25
45 27 30
27 47 15
47 27 14
27 51 19
51 27 29
27 55 39
55 27 30
27 57 23
57 27 44
27 58 40
58 27 59
27 63 12
63 27 23
27 66 23
66 27 28
27 72 9
72 27 11
28 29 8
29 28 9
28 30 76
30 28 54
28 31 31
31 28 40
28 32 24
32 28 26
28 33 15
33 28 14
28 35 17
35 28 16
28 36 10
36 28 14
28 37 57
37 28 40
28 38 40
38 28 40
28 39 28
39 28 33
28 40 42
40 28 41
28 41 21
41 28 39
28 42 37
42 28 37
28 43 19
43 28 38
28 46 11
46 28 11
28 48 53
48 28 42
28 49 61
49 28 48
28 50 14
50 28 26
28 52 26
52 28 31
28 53 11
53 28 21
28 54 72
54 28 61
28 56 7
56 28 13
28 59 30
59 28 25
28 60 15
60 28 25
28 61 26
61 28 23
28 62 26
62 28 32
28 64 27
64 28 44
28 65 65
65 28 46
28 67 22
67 28 16
28 68 31
68 28 22
28 69 16
69 28 23
28 70 14
70 28 22
28 71 29
71 28 38
28 73 19
73 28 13
28 74 21
74 28 16
28 75 21
75 28 18
28 3 13
3 28 11
28 8 46
8 28 42
28 10 48
10 28 39
28 13 21
13 28 33
28 15 19
15 28 33
28 18 34
18 28 24
28 19 26
19 28 18
28 24 72
24 28 52
28 34 15
34 28 24
28 44 2
44 28 4
28 45 22
45 28 16
28 47 3
47 28 6
28 51 14
51 28 12
28 55 41
55 28 46
28 57 43
57 28 36
28 58 42
58 28 42
28 63 25
63 28 43
28 66 10
66 28 17
28 72 30
72 28 25
29 30 53
30 29 51
29 31 42
31 29 34
29 32 23
32 29 17
29 33 15
33 29 16
29 35 16
35 29 19
29 36 26
36 29 20
29 37 32
37 29 40
29 38 25
38 29 36
29 39 14
39 29 27
29 40 28
40 29 32
29 41 42
41 29 30
29 42 17
42 29 28
29 43 28
43 29 31
29 46 17
46 29 13
29 48 35
48 29 33
29 49 34
49 29 41
29 50 16
50 29 19
29 52 42
52 29 33
29 53 33
53 29 28
29 54 79
54 29 55
29 56 18
56 29 22
29 59 37
59 29 30
29 60 20
60 29 21
29 61 18
61 29 14
29 62 28
62 29 23
29 64 66
64 29 45
29 65 34
65 29 48
29 67 10
67 29 9
29 68 12
68 29 23
29 69 35
69 29 29
29 70 27
70 29 26
29 71 30
71 29 35
29 73 10
73 29 7
29 74 12
74 29 11
29 75 8
75 29 14
29 3 11
3 29 9
29 8 27
8 29 37
29 10 32
10 29 41
29 13 46
13 29 36
29 15 23
15 29 24
29 18 40
18 29 29
29 19 35
19 29 26
29 24 26
24 29 46
29 34 31
34 29 27
29 44 11
44 29 8
29 45 15
45 29 18
29 47 6
47 29 7
29 51 20
51 29 16
29 55 28
55 29 37
29 57 18
57 29 34
29 58 59
58 29 47
29 63 36
63 29 35
29 66 8
66 29 16
29 72 18
72 29 16
30 31 16
31 30 25
30 32 43
32 30 47
30 33 26
33 30 41
30 35 62
35 30 70
30 36 46
36 30 68
30 37 28
37 30 19
30 38 21
38 30 16
30 39 33
39 30 26
30 40 41
40 30 62
30 41 86
41 30 64
30 42 41
42 30 59
30 43 39
43 30 30
30 46 82
46 30 64
30 48 25
48 30 42
30 49 13
49 30 26
30 50 29
50 30 37
30 52 41
52 30 31
30 53 68
53 30 50
30 54 16
54 30 22
30 56 75
56 30 60
30 59 98
59 30 79
30 60 56
60 30 70
30 61 28
61 30 56
30 62 36
62 30 47
30 64 27
64 30 20
30 65 14
65 30 26
30 67 48
67 30 44
30 68 110
68 30 74
30 69 48
69 30 76
30 70 66
70 30 76
30 71 16
71 30 16
30 73 49
73 30 56
30 74 41
74 30 40
30 75 27
75 30 37
30 3 27
3 30 43
30 8 22
8 30 18
30 10 16
10 30 26
30 13 29
13 30 36
30 15 53
15 30 41
30 18 35
18 30 42
30 19 42
19 30 71
30 24 26
24 30 18
30 34 22
34 30 35
30 44 58
44 30 50
30 45 23
45 30 39
30 47 39
47 30 58
30 51 59
51 30 44
30 55 50
55 30 56
30 57 24
57 30 18
30 58 54
58 30 41
30 63 40
63 30 72
30 66 51
66 30 37
30 72 37
72 30 52
31 32 35
32 31 24
31 33 26
33 31 31
31 35 70
35 31 54
31 36 33
36 31 54
31 37 25
37 31 28
31 38 12
38 31 11
31 39 5
39 31 9
31 40 52
40 31 37
31 41 51
41 31 40
31 42 41
42 31 35
31 43 6
43 31 5
31 46 47
46 31 47
31 48 20
48 31 18
31 49 11
49 31 8
31 50 20
50 31 16
31 52 40
52 31 33
31 53 33
53 31 47
31 54 31
54 31 21
31 56 29
56 31 50
31 59 80
59 31 64
31 60 25
60 31 49
31 61 27
61 31 34
31 62 18
62 31 23
31 64 49
64 31 33
31 65 41
65 31 40
31 67 25
67 31 26
31 68 57
68 31 56
31 69 35
69 31 63
31 70 30
70 31 60
31 71 20
71 31 15
31 73 35
73 31 38
31 74 15
74 31 24
31 75 22
75 31 22
31 3 42
3 31 29
31 8 9
8 31 7
31 10 39
10 31 35
31 13 49
13 31 40
31 15 14
15 31 17
31 18 33
18 31 40
31 19 49
19 31 58
31 24 17
24 31 12
31 34 49
34 31 33
31 44 50
44 31 36
31 45 26
45 31 31
31 47 32
47 31 41
31 51 49
51 31 35
31 55 41
55 31 32
31 57 22
57 31 19
31 58 66
58 31 49
31 63 24
63 31 48
31 66 27
66 31 25
31 72 24
72 31 29
32 33 37
33 32 26
32 35 39
35 32 34
32 36 34
36 32 37
32 37 36
37 32 43
32 38 32
38 32 31
32 39 22
39 32 21
32 40 20
40 32 18
32 41 10
41 32 19
32 42 8
42 32 14
32 43 13
43 32 20
32 46 24
46 32 28
32 48 10
48 32 17
32 49 19
49 32 29
32 50 9
50 32 10
32 52 54
52 32 40
32 53 56
53 32 42
32 54 58
54 32 44
32 56 54
56 32 39
32 59 35
59 32 45
32 60 30
60 32 25
32 61 5
61 32 10
32 62 5
62 32 6
32 64 55
64 32 47
32 65 28
65 32 53
32 67 8
67 32 13
32 68 20
68 32 35
32 69 62
69 32 45
32 70 37
70 32 41
32 71 16
71 32 32
32 73 21
73 32 17
32 74 9
74 32 16
32 75 12
75 32 18
32 3 25
3 32 20
32 8 15
8 32 30
32 10 60
10 32 46
32 13 47
13 32 46
32 15 9
15 32 9
32 18 32
18 32 41
32 19 56
19 32 43
32 24 34
24 32 36
32 34 44
34 32 36
32 44 23
44 32 24
32 45 34
45 32 28
32 47 23
47 32 23
32 51 30
51 32 29
32 55 12
55 32 20
32 57 50
57 32 34
32 58 64
58 32 56
32 63 26
63 32 26
32 66 12
66 32 23
32 72 4
72 32 5
33 35 23
35 33 30
33 36 35
36 33 27
33 37 38
37 33 26
33 38 25
38 33 28
33 39 18
39 33 22
33 40 22
40 33 44
33 41 54
41 33 44
33 42 33
42 33 40
33 43 44
43 33 30
33 46 17
46 33 25
33 48 40
48 33 38
33 49 30
49 33 38
33 50 12
50 33 21
33 52 9
52 33 18
33 53 10
53 33 17
33 54 70
54 33 50
33 56 18
56 33 20
33 59 37
59 33 39
33 60 25
60 33 37
33 61 24
61 33 28
33 62 44
62 33 32
33 64 30
64 33 30
33 65 22
65 33 33
33 67 18
67 33 14
33 68 35
68 33 36
33 69 48
69 33 36
33 70 42
70 33 36
33 71 23
71 33 25
33 73 23
73 33 22
33 74 8
74 33 10
33 75 13
75 33 10
33 3 4
3 33 7
33 8 42
8 33 31
33 10 20
10 33 25
33 13 11
13 33 21
33 15 40
15 33 29
33 18 8
18 33 14
33 19 20
19 33 31
33 24 46
24 33 41
33 34 16
34 33 11
33 44 7
44 33 10
33 45 2
45 33 2
33 47 25
47 33 19
33 51 4
51 33 4
33 55 27
55 33 46
33 57 25
57 33 22
33 58 30
58 33 31
33 63 39
63 33 49
33 66 7
66 33 5
33 72 30
72 33 28
35 36 7
36 35 8
35 37 66
37 35 56
35 38 40
38 35 55
35 39 33
39 35 47
35 40 28
40 35 43
35 41 46
41 35 39
35 42 55
42 35 39
35 43 53
43 35 50
35 46 4
46 35 6
35 48 67
48 35 50
35 49 61
49 35 60
35 50 34
50 35 38
35 52 31
52 35 47
35 53 23
53 35 34
35 54 63
54 35 74
35 56 25
56 35 20
35 59 11
59 35 12
35 60 24
60 35 18
35 61 35
61 35 26
35 62 47
62 35 39
35 64 56
64 35 60
35 65 65
65 35 62
35 67 36
67 35 28
35 68 9
68 35 7
35 69 12
69 35 12
35 70 6
70 35 7
35 71 31
71 35 53
35 73 22
73 35 17
35 74 21
74 35 30
35 75 47
75 35 33
35 3 38
3 35 27
35 8 33
8 35 56
35 10 77
10 35 55
35 13 31
13 35 48
35 15 57
15 35 42
35 18 35
18 35 39
35 19 19
19 35 13
35 24 64
24 35 65
35 34 34
34 35 40
35 44 10
44 35 20
35 45 29
45 35 32
35 47 15
47 35 12
35 51 31
51 35 28
35 55 68
55 35 50
35 57 57
57 35 52
35 58 73
58 35 56
35 63 30
63 35 39
35 66 29
66 35 33
35 72 29
72 35 30
36 37 65
37 36 53
36 38 75
38 36 54
36 39 25
39 36 46
36 40 53
40 36 48
36 41 46
41 36 45
36 42 24
42 36 44
36 43 72
43 36 51
36 46 13
46 36 10
36 48 68
48 36 53
36 49 75
49 36 61
36 50 43
50 36 39
36 52 62
52 36 42
36 53 31
53 36 27
36 54 96
54 36 74
36 56 16
56 36 13
36 59 7
59 36 12
36 60 21
60 36 26
36 61 43
61 36 30
36 62 34
62 36 42
36 64 34
64 36 56
36 65 69
65 36 57
36 67 35
67 36 28
36 68 12
68 36 15
36 69 9
69 36 9
36 70 14
70 36 10
36 71 60
71 36 51
36 73 24
73 36 21
36 74 22
74 36 30
36 75 27
75 36 32
36 3 32
3 36 25
36 8 73
8 36 56
36 10 43
10 36 50
36 13 57
13 36 42
36 15 51
15 36 44
36 18 43
18 36 33
36 19 7
19 36 6
36 24 40
24 36 65
36 34 21
34 36 35
36 44 12
44 36 18
36 45 39
45 36 28
36 47 7
47 36 13
36 51 16
51 36 24
36 55 28
55 36 55
36 57 44
57 36 49
36 58 73
58 36 50
36 63 52
63 36 46
36 66 46
66 36 31
36 72 36
72 36 34
37 38 17
38 37 18
37 39 23
39 37 23
37 40 75
40 37 60
37 41 80
41 37 61
37 42 64
42 37 56
37 43 28
43 37 32
37 46 62
46 37 51
37 48 44
48 37 45
37 49 25
49 37 34
37 50 32
50 37 32
37 52 12
52 37 12
37 53 31
53 37 32
37 54 53
54 37 37
37 56 29
56 37 43
37 59 50
59 37 64
37 60 85
60 37 61
37 61 28
61 37 49
37 62 31
62 37 45
37 64 5
64 37 5
37 65 13
65 37 12
37 67 39
67 37 34
37 68 50
68 37 62
37 69 59
69 37 61
37 70 84
70 37 62
37 71 12
71 37 13
37 73 62
73 37 47
37 74 30
74 37 30
37 75 25
75 37 27
37 3 38
3 37 31
37 8 12
8 37 22
37 10 10
10 37 8
37 13 12
13 37 17
37 15 39
15 37 40
37 18 12
18 37 23
37 19 43
19 37 55
37 24 15
24 37 30
37 34 26
34 37 18
37 44 52
44 37 36
37 45 22
45 37 24
37 47 45
47 37 45
37 51 22
51 37 29
37 55 85
55 37 58
37 57 9
57 37 9
37 58 15
58 37 23
37 63 52
63 37 69
37 66 15
66 37 24
37 72 56
72 37 47
38 39 11
39 38 10
38 40 31
40 38 47
38 41 54
41 38 48
38 42 41
42 38 43
38 43 14
43 38 15
38 46 40
46 38 49
38 48 18
48 38 28
38 49 18
49 38 16
38 50 31
50 38 21
38 52 17
52 38 25
38 53 54
53 38 42
38 54 12
54 38 22
38 56 70
56 38 48
38 59 66
59 38 66
38 60 66
60 38 54
38 61 45
61 38 40
38 62 30
62 38 32
38 64 31
64 38 22
38 65 21
65 38 29
38 67 35
67 38 28
38 68 43
68 38 59
38 69 94
69 38 63
38 70 76
70 38 62
38 71 5
71 38 5
38 73 34
73 38 41
38 74 26
74 38 25
38 75 20
75 38 22
38 3 24
3 38 29
38 8 5
8 38 4
38 10 16
10 38 25
38 13 26
13 38 32
38 15 27
15 38 26
38 18 23
18 38 34
38 19 41
19 38 58
38 24 8
24 38 14
38 34 17
34 38 27
38 44 47
44 38 36
38 45 25
45 38 28
38 47 51
47 38 43
38 51 21
51 38 33
38 55 42
55 38 42
38 57 12
57 38 10
38 58 20
58 38 40
38 63 57
63 38 57
38 66 33
66 38 23
38 72 26
72 38 36
39 40 38
40 39 38
39 41 55
41 39 39
39 42 46
42 39 34
39 43 12
43 39 9
39 46 36
46 39 40
39 48 17
48 39 22
39 49 12
49 39 16
39 50 7
50 39 11
39 52 38
52 39 26
39 53 38
53 39 38
39 54 16
54 39 28
39 56 22
56 39 42
39 59 65
59 39 57
39 60 38
60 39 44
39 61 30
61 39 30
39 62 11
62 39 22
39 64 34
64 39 28
39 65 47
65 39 35
39 67 18
67 39 19
39 68 37
68 39 50
39 69 37
69 39 55
39 70 38
70 39 53
39 71 10
71 39 11
39 73 22
73 39 32
39 74 21
74 39 16
39 75 10
75 39 14
39 3 27
3 39 21
39 8 12
8 39 10
39 10 30
10 39 29
39 13 45
13 39 33
39 15 22
15 39 17
39 18 21
18 39 32
39 19 46
19 39 51
39 24 15
24 39 19
39 34 16
34 39 25
39 44 40
44 39 28
39 45 17
45 39 22
39 47 38
47 39 34
39 51 34
51 39 27
39 55 22
55 39 35
39 57 9
57 39 14
39 58 38
58 39 42
39 63 28
63 39 47
39 66 18
66 39 17
39 72 31
72 39 26
40 41 5
41 40 4
40 42 3
42 40 4
40 43 16
43 40 32
40 46 40
46 40 38
40 48 23
48 40 21
40 49 45
49 40 39
40 50 28
50 40 28
40 52 47
52 40 58
40 53 80
53 40 59
40 54 37
54 40 53
40 56 32
56 40 54
40 59 71
59 40 54
40 60 32
60 40 26
40 61 19
61 40 18
40 62 13
62 40 15
40 64 91
64 40 65
40 65 38
65 40 71
40 67 36
67 40 30
40 68 36
68 40 40
40 69 29
69 40 55
40 70 72
70 40 49
40 71 67
71 40 49
40 73 30
73 40 28
40 74 26
74 40 34
40 75 25
75 40 36
40 3 41
3 40 38
40 8 53
8 40 44
40 10 45
10 40 64
40 13 61
13 40 64
40 15 27
15 40 21
40 18 80
18 40 58
40 19 52
19 40 54
40 24 29
24 40 47
40 34 34
34 40 54
40 44 50
44 40 40
40 45 61
45 40 46
40 47 43
47 40 36
40 51 34
51 40 46
40 55 9
55 40 10
40 57 64
57 40 51
40 58 62
58 40 74
40 63 9
63 40 12
40 66 53
66 40 41
40 72 18
72 40 16
41 42 4
42 41 5
41 43 28
43 41 34
41 46 45
46 41 35
41 48 32
48 41 24
41 49 41
49 41 42
41 50 25
50 41 29
41 52 71
52 41 59
41 53 75
53 41 58
41 54 44
54 41 56
41 56 73
56 41 52
41 59 33
59 41 50
41 60 17
60 41 22
41 61 18
61 41 16
41 62 12
62 41 17
41 64 94
64 41 66
41 65 87
65 41 72
41 67 34
67 41 30
41 68 40
68 41 36
41 69 38
69 41 51
41 70 59
70 41 45
41 71 54
71 41 50
41 73 19
73 41 26
41 74 32
74 41 34
41 75 28
75 41 36
41 3 36
3 41 37
41 8 59
8 41 46
41 10 69
10 41 65
41 13 59
13 41 64
41 15 14
15 41 23
41 18 80
18 41 58
41 19 46
19 41 51
41 24 63
24 41 50
41 34 54
34 41 54
41 44 38
44 41 38
41 45 48
45 41 46
41 47 29
47 41 34
41 51 45
51 41 46
41 55 10
55 41 14
41 57 32
57 41 52
41 58 64
58 41 74
41 63 6
63 41 9
41 66 48
66 41 41
41 72 8
72 41 16
42 43 23
43 42 29
42 46 18
46 42 34
42 48 20
48 42 19
42 49 52
49 42 37
42 50 20
50 42 24
42 52 50
52 42 54
42 53 76
53 42 55
42 54 65
54 42 51
42 56 66
56 42 50
42 59 43
59 42 50
42 60 12
60 42 24
42 61 18
61 42 14
42 62 15
62 42 12
42 64 58
64 42 61
42 65 57
65 42 67
42 67 25
67 42 26
42 68 29
68 42 37
42 69 61
69 42 51
42 70 62
70 42 45
42 71 64
71 42 45
42 73 17
73 42 24
42 74 16
74 42 30
42 75 41
75 42 32
42 3 48
3 42 33
42 8 23
8 42 41
42 10 66
10 42 60
42 13 74
13 42 60
42 15 14
15 42 18
42 18 47
18 42 54
42 19 50
19 42 50
42 24 60
24 42 45
42 34 71
34 42 50
42 44 45
44 42 36
42 45 44
45 42 42
42 47 17
47 42 32
42 51 56
51 42 42
42 55 7
55 42 12
42 57 41
57 42 48
42 58 91
58 42 70
42 63 14
63 42 14
42 66 38
66 42 37
42 72 14
72 42 12
43 46 22
46 43 44
43 48 10
48 43 13
43 49 10
49 43 10
43 50 16
50 43 12
43 52 44
52 43 35
43 53 24
53 43 47
43 54 17
54 43 25
43 56 48
56 43 49
43 59 62
59 43 61
43 60 47
60 43 45
43 61 27
61 43 29
43 62 13
62 43 18
43 64 34
64 43 36
43 65 51
65 43 43
43 67 22
67 43 23
43 68 28
68 43 53
43 69 68
69 43 60
43 70 62
70 43 57
43 71 21
71 43 18
43 73 24
73 43 34
43 74 22
74 43 22
43 75 20
75 43 21
43 3 40
3 43 27
43 8 6
8 43 12
43 10 36
10 43 38
43 13 62
13 43 42
43 15 15
15 43 12
43 18 61
18 43 41
43 19 48
19 43 56
43 24 13
24 43 16
43 34 47
34 43 34
43 44 44
44 43 34
43 45 27
45 43 31
43 47 28
47 43 38
43 51 48
51 43 34
43 55 23
55 43 27
43 57 11
57 43 22
43 58 48
58 43 52
43 63 46
63 43 43
43 66 21
66 43 25
43 72 25
72 43 25
46 48 36
48 46 44
46 49 37
49 46 54
46 50 42
50 46 32
46 52 60
52 46 42
46 53 34
53 46 31
46 54 38
54 46 68
46 56 26
56 46 19
46 59 9
59 46 18
46 60 14
60 46 17
46 61 24
61 46 21
46 62 44
62 46 34
46 64 73
64 46 55
46 65 56
65 46 57
46 67 26
67 46 22
46 68 10
68 46 11
46 69 19
69 46 17
46 70 13
70 46 13
46 71 28
71 46 47
46 73 15
73 46 11
46 74 15
74 46 24
46 75 24
75 46 27
46 3 15
3 46 21
46 8 61
8 46 50
46 10 37
10 46 50
46 13 39
13 46 44
46 15 23
15 46 36
46 18 35
18 46 35
46 19 20
19 46 16
46 24 34
24 46 59
46 34 21
34 46 35
46 44 17
44 46 15
46 45 22
45 46 27
46 47 3
47 46 6
46 51 19
51 46 23
46 55 27
55 46 45
46 57 51
57 46 46
46 58 50
58 46 53
46 63 43
63 46 36
46 66 14
66 46 27
46 72 31
72 46 25
48 49 16
49 48 18
48 50 19
50 48 17
48 52 27
52 48 47
48 53 36
53 48 55
48 54 23
54 48 32
48 56 34
56 48 54
48 59 63
59 48 62
48 60 32
60 48 40
48 61 17
61 48 25
48 62 16
62 48 11
48 64 47
64 48 50
48 65 73
65 48 56
48 67 29
67 48 26
48 68 64
68 48 51
48 69 35
69 48 62
48 70 75
70 48 57
48 71 30
71 48 32
48 73 24
73 48 33
48 74 20
74 48 28
48 75 40
75 48 28
48 3 21
3 48 33
48 8 19
8 48 25
48 10 58
10 48 50
48 13 53
13 48 53
48 15 12
15 48 9
48 18 45
18 48 51
48 19 30
19 48 59
48 24 27
24 48 26
48 34 24
34 48 45
48 44 41
44 48 39
48 45 22
45 48 39
48 47 20
47 48 40
48 51 21
51 48 42
48 55 16
55 48 14
48 57 42
57 48 36
48 58 55
58 48 64
48 63 24
63 48 33
48 66 39
66 48 33
48 72 11
72 48 20
49 50 13
50 49 22
49 52 42
52 49 40
49 53 38
53 49 54
49 54 10
54 49 15
49 56 48
56 49 58
49 59 48
59 49 71
49 60 61
60 49 54
49 61 30
61 49 39
49 62 33
62 49 26
49 64 19
64 49 38
49 65 28
65 49 45
49 67 25
67 49 33
49 68 83
68 49 63
49 69 86
69 49 70
49 70 99
70 49 67
49 71 11
71 49 20
49 73 50
73 49 44
49 74 42
74 49 31
49 75 43
75 49 30
49 3 37
3 49 37
49 8 16
8 49 11
49 10 50
10 49 41
49 13 48
13 49 47
49 15 16
15 49 21
49 18 29
18 49 47
49 19 82
19 49 66
49 24 4
24 49 8
49 34 37
34 49 40
49 44 43
44 49 44
49 45 35
45 49 39
49 47 27
47 49 48
49 51 40
51 49 43
49 55 39
55 49 32
49 57 24
57 49 25
49 58 51
58 49 55
49 63 39
63 49 51
49 66 37
66 49 33
49 72 23
72 49 34
50 52 31
52 50 32
50 53 21
53 50 38
50 54 36
54 50 36
50 56 51
56 50 38
50 59 64
59 50 49
50 60 50
60 50 34
50 61 13
61 50 19
50 62 14
62 50 13
50 64 34
64 50 37
50 65 43
65 50 43
50 67 14
67 50 11
50 68 28
68 50 41
50 69 26
69 50 48
50 70 43
70 50 45
50 71 12
71 50 22
50 73 22
73 50 22
50 74 9
74 50 11
50 75 16
75 50 11
50 3 16
3 50 16
50 8 22
8 50 20
50 10 28
10 50 36
50 13 34
13 50 38
50 15 10
15 50 9
50 18 45
18 50 34
50 19 55
19 50 44
50 24 40
24 50 28
50 34 35
34 50 28
50 44 14
44 50 23
50 45 29
45 50 22
50 47 29
47 50 26
50 51 15
51 50 25
50 55 26
55 50 27
50 57 18
57 50 24
50 58 67
58 50 48
50 63 44
63 50 37
50 66 13
66 50 16
50 72 8
72 50 15
52 53 19
53 52 20
52 54 33
54 52 47
52 56 34
56 52 32
52 59 56
59 52 54
52 60 62
60 52 54
52 61 51
61 52 45
52 62 61
62 52 44
52 64 7
64 52 14
52 65 16
65 52 15
52 67 17
67 52 29
52 68 55
68 52 53
52 69 39
69 52 50
52 70 66
70 52 52
52 71 18
71 52 20
52 73 35
73 52 40
52 74 32
74 52 25
52 75 29
75 52 23
52 3 15
3 52 24
52 8 27
8 52 29
52 10 11
10 52 8
52 13 8
13 52 7
52 15 34
15 52 40
52 18 7
18 52 11
52 19 25
19 52 44
52 24 55
24 52 39
52 34 8
34 52 7
52 44 17
44 52 27
52 45 11
45 52 16
52 47 19
47 52 37
52 51 27
51 52 19
52 55 32
55 52 59
52 57 14
57 52 15
52 58 25
58 52 17
52 63 54
63 52 66
52 66 16
66 52 18
52 72 29
72 52 43
53 54 39
54 53 64
53 56 10
56 53 14
53 59 52
59 53 37
53 60 56
60 53 47
53 61 41
61 53 43
53 62 62
62 53 48
53 64 34
64 53 34
53 65 26
65 53 33
53 67 38
67 53 30
53 68 24
68 53 41
53 69 24
69 53 33
53 70 31
70 53 37
53 71 49
71 53 37
53 73 22
73 53 34
53 74 22
74 53 27
53 75 26
75 53 27
53 3 28
3 53 22
53 8 39
8 53 45
53 10 15
10 53 27
53 13 15
13 53 17
53 15 47
15 53 46
53 18 5
18 53 9
53 19 35
19 53 27
53 24 60
24 53 55
53 34 13
34 53 15
53 44 18
44 53 20
53 45 22
45 53 16
53 47 32
47 53 28
53 51 7
51 53 13
53 55 83
55 53 63
53 57 23
57 53 33
53 58 12
58 53 23
53 63 39
63 53 63
53 66 21
66 53 22
53 72 53
72 53 43
54 56 48
56 54 70
54 59 107
59 54 85
54 60 78
60 54 69
54 61 30
61 54 54
54 62 23
62 54 41
54 64 52
64 54 40
54 65 36
65 54 47
54 67 49
67 54 46
54 68 44
68 54 77
54 69 49
69 54 84
54 70 81
70 54 81
54 71 17
71 54 27
54 73 64
73 54 58
54 74 36
74 54 45
54 75 60
75 54 42
54 3 50
3 54 49
54 8 20
8 54 19
54 10 53
10 54 45
54 13 35
13 54 54
54 15 28
15 54 36
54 18 80
18 54 56
54 19 96
19 54 79
54 24 7
24 54 9
54 34 45
34 54 49
54 44 71
44 54 57
54 45 48
45 54 50
54 47 56
47 54 62
54 51 76
51 54 54
54 55 34
55 54 45
54 57 17
57 54 32
54 58 49
58 54 60
54 63 48
63 54 65
54 66 59
66 54 45
54 72 64
72 54 49
56 59 22
59 56 23
56 60 36
60 56 36
56 61 29
61 56 36
56 62 24
62 56 45
56 64 59
64 56 46
56 65 24
65 56 46
56 67 38
67 56 28
56 68 25
68 56 27
56 69 24
69 56 19
56 70 15
70 56 23
56 71 35
71 56 45
56 73 35
73 56 26
56 74 37
74 56 27
56 75 29
75 56 28
56 3 30
3 56 22
56 8 34
8 56 50
56 10 49
10 56 39
56 13 29
13 56 30
56 15 52
15 56 45
56 18 20
18 56 21
56 19 10
19 56 13
56 24 87
24 56 60
56 34 36
34 56 25
56 44 13
44 56 15
56 45 11
45 56 21
56 47 23
47 56 18
56 51 11
51 56 16
56 55 82
55 56 59
56 57 29
57 56 41
56 58 26
58 56 37
56 63 46
63 56 55
56 66 17
66 56 25
56 72 39
72 56 38
59 60 30
60 59 28
59 61 19
61 59 38
59 62 75
62 59 51
59 64 64
64 59 67
59 65 48
65 59 68
59 67 49
67 59 39
59 68 15
68 59 14
59 69 4
69 59 4
59 70 7
70 59 5
59 71 52
71 59 63
59 73 19
73 59 29
59 74 33
74 59 41
59 75 50
75 59 43
59 3 27
3 59 36
59 8 93
8 59 67
59 10 72
10 59 62
59 13 37
13 59 53
59 15 64
15 59 54
59 18 30
18 59 44
59 19 7
19 59 10
59 24 58
24 59 76
59 34 67
34 59 47
59 44 40
44 59 30
59 45 56
45 59 40
59 47 13
47 59 23
59 51 52
51 59 35
59 55 77
55 59 62
59 57 36
57 59 61
59 58 56
58 59 60
59 63 40
63 59 49
59 66 40
66 59 42
59 72 25
72 59 42
60 61 22
61 60 15
60 62 39
62 60 29
60 64 75
64 60 66
60 65 52
65 60 69
60 67 21
67 60 27
60 68 9
68 60 14
60 69 20
69 60 30
60 70 15
70 60 23
60 71 68
71 60 54
60 73 9
73 60 15
60 74 22
74 60 31
60 75 49
75 60 34
60 3 17
3 60 30
60 8 59
8 60 54
60 10 54
10 60 62
60 13 33
13 60 57
60 15 42
15 60 34
60 18 68
18 60 49
60 19 40
19 60 31
60 24 50
24 60 61
60 34 56
34 60 48
60 44 14
44 60 28
60 45 39
45 60 39
60 47 19
47 60 19
60 51 31
51 60 37
60 55 29
55 60 36
60 57 53
57 60 54
60 58 43
58 60 67
60 63 27
63 60 21
60 66 55
66 60 37
60 72 15
72 60 20
61 62 9
62 61 14
61 64 34
64 61 54
61 65 34
65 61 59
61 67 15
67 61 15
61 68 25
68 61 26
61 69 19
69 61 38
61 70 45
70 61 33
61 71 29
71 61 40
61 73 7
73 61 10
61 74 20
74 61 19
61 75 22
75 61 22
61 3 24
3 61 21
61 8 39
8 61 39
61 10 27
10 61 51
61 13 51
13 61 49
61 15 15
15 61 18
61 18 24
18 61 42
61 19 50
19 61 36
61 24 53
24 61 45
61 34 42
34 61 39
61 44 20
44 61 22
61 45 21
45 61 30
61 47 16
47 61 18
61 51 19
51 61 30
61 55 23
55 61 25
61 57 35
57 61 41
61 58 49
58 61 59
61 63 22
63 61 21
61 66 38
66 61 27
61 72 4
72 61 5
62 64 65
64 62 50
62 65 76
65 62 56
62 67 25
67 62 18
62 68 27
68 62 40
62 69 60
69 62 51
62 70 24
70 62 46
62 71 31
71 62 34
62 73 32
73 62 22
62 74 20
74 62 21
62 75 30
75 62 22
62 3 18
3 62 25
62 8 35
8 62 30
62 10 67
10 62 49
62 13 51
13 62 50
62 15 4
15 62 6
62 18 64
18 62 46
62 19 29
19 62 48
62 24 25
24 62 34
62 34 50
34 62 40
62 44 20
44 62 30
62 45 41
45 62 33
62 47 27
47 62 29
62 51 33
51 62 35
62 55 15
55 62 15
62 57 43
57 62 36
62 58 87
58 62 60
62 63 18
63 62 25
62 66 21
66 62 28
62 72 8
72 62 9
64 65 7
65 64 7
64 67 26
67 64 39
64 68 52
68 64 66
64 69 92
69 64 64
64 70 82
70 64 66
64 71 17
71 64 18
64 73 36
73 64 51
64 74 40
74 64 34
64 75 35
75 64 32
64 3 37
3 64 35
64 8 35
8 64 26
64 10 6
10 64 7
64 13 21
13 64 18
64 15 24
15 64 45
64 18 17
18 64 25
64 19 72
19 64 58
64 24 44
24 64 34
64 34 12
34 64 21
64 44 50
44 64 40
64 45 40
45 64 28
64 47 35
47 64 49
64 51 23
51 64 32
64 55 41
55 64 63
64 57 17
57 64 14
64 58 30
58 64 21
64 63 65
63 64 74
64 66 31
66 64 28
64 72 44
72 64 51
65 67 42
67 65 43
65 68 51
68 65 68
65 69 56
69 65 65
65 70 45
70 65 67
65 71 31
71 65 25
65 73 71
73 65 55
65 74 58
74 65 39
65 75 23
75 65 36
65 3 58
3 65 39
65 8 35
8 65 33
65 10 5
10 65 7
65 13 10
13 65 16
65 15 42
15 65 51
65 18 28
18 65 25
65 19 49
19 65 59
65 24 47
24 65 41
65 34 23
34 65 22
65 44 45
44 65 42
65 45 42
45 65 31
65 47 36
47 65 52
65 51 50
51 65 34
65 55 47
55 65 69
65 57 30
57 65 21
65 58 8
58 65 15
65 63 64
63 65 79
65 66 19
66 65 32
65 72 71
72 65 57
67 68 36
68 67 31
67 69 34
69 67 38
67 70 23
70 67 35
67 71 17
71 67 27
67 73 16
73 67 13
67 74 3
74 67 4
67 75 8
75 67 7
67 3 9
3 67 7
67 8 24
8 67 29
67 10 34
10 67 36
67 13 36
13 67 34
67 15 9
15 67 17
67 18 31
18 67 28
67 19 35
19 67 34
67 24 44
24 67 37
67 34 33
34 67 24
67 44 11
44 67 12
67 45 11
45 67 16
67 47 17
47 67 16
67 51 10
51 67 17
67 55 36
55 67 33
67 57 39
57 67 27
67 58 65
58 67 44
67 63 20
63 67 36
67 66 9
66 67 11
67 72 11
72 67 14
68 69 15
69 68 16
68 70 13
70 68 9
68 71 80
71 68 58
68 73 16
73 68 19
68 74 38
74 68 34
68 75 27
75 68 37
68 3 26
3 68 31
68 8 56
8 68 60
68 10 50
10 68 61
68 13 72
13 68 54
68 15 30
15 68 43
68 18 64
18 68 46
68 19 17
19 68 19
68 24 70
24 68 68
68 34 31
34 68 46
68 44 37
44 68 26
68 45 41
45 68 38
68 47 22
47 68 17
68 51 31
51 68 34
68 55 52
55 68 49
68 57 62
57 68 57
68 58 92
58 68 63
68 63 24
63 68 35
68 66 38
66 68 38
68 72 25
72 68 30
69 70 8
70 69 8
69 71 32
71 69 61
69 73 37
73 69 29
69 74 20
74 69 39
69 75 23
75 69 41
69 3 29
3 69 34
69 8 97
8 69 65
69 10 51
10 69 58
69 13 53
13 69 49
69 15 50
15 69 53
69 18 32
18 69 40
69 19 3
19 69 6
69 24 53
24 69 74
69 34 36
34 69 43
69 44 22
44 69 27
69 45 36
45 69 37
69 47 22
47 69 22
69 51 28
51 69 32
69 55 75
55 69 62
69 57 62
57 69 58
69 58 71
58 69 56
69 63 56
63 69 51
69 66 41
66 69 40
69 72 42
72 69 42
70 71 84
71 70 60
70 73 23
73 70 24
70 74 20
74 70 37
70 75 35
75 70 40
70 3 48
3 70 33
70 8 52
8 70 63
70 10 47
10 70 60
70 13 39
13 70 52
70 15 42
15 70 49
70 18 28
18 70 43
70 19 9
19 70 11
70 24 51
24 70 72
70 34 47
34 70 45
70 44 40
44 70 27
70 45 47
45 70 38
70 47 19
47 70 19
70 51 31
51 70 33
70 55 29
55 70 57
70 57 51
57 70 58
70 58 67
58 70 60
70 63 25
63 70 44
70 66 49
66 70 40
70 72 19
72 70 37
71 73 59
73 71 40
71 74 30
74 71 24
71 75 28
75 71 21
71 3 23
3 71 27
71 8 9
8 71 9
71 10 30
10 71 21
71 13 27
13 71 27
71 15 21
15 71 28
71 18 30
18 71 29
71 19 30
19 71 55
71 24 18
24 71 18
71 34 16
34 71 22
71 44 30
44 71 34
71 45 22
45 71 24
71 47 23
47 71 41
71 51 22
51 71 29
71 55 48
55 71 45
71 57 4
57 71 5
71 58 45
58 71 35
71 63 73
63 71 59
71 66 24
66 71 21
71 72 51
72 71 37
73 74 25
74 73 17
73 75 22
75 73 20
73 3 9
3 73 16
73 8 39
8 73 41
73 10 49
10 73 47
73 13 58
13 73 43
73 15 18
15 73 25
73 18 22
18 73 36
73 19 19
19 73 27
73 24 69
24 73 50
73 34 49
34 73 34
73 44 19
44 73 14
73 45 26
45 73 25
73 47 9
47 73 8
73 51 22
51 73 23
73 55 38
55 73 34
73 57 38
57 73 40
73 58 61
58 73 53
73 63 23
63 73 29
73 66 34
66 73 23
73 72 15
72 73 14
74 75 4
75 74 3
74 3 4
3 74 5
74 8 34
8 74 26
74 10 23
10 74 32
74 13 36
13 74 30
74 15 17
15 74 19
74 18 19
18 74 24
74 19 32
19 74 34
74 24 27
24 74 35
74 34 26
34 74 20
74 44 17
44 74 12
74 45 12
45 74 12
74 47 14
47 74 18
74 51 12
51 74 14
74 55 35
55 74 36
74 57 33
57 74 23
74 58 27
58 74 40
74 63 47
63 74 40
74 66 8
66 74 7
74 72 17
72 74 18
75 3 6
3 75 7
75 8 31
8 75 24
75 10 31
10 75 29
75 13 40
13 75 28
75 15 25
15 75 19
75 18 21
18 75 23
75 19 22
19 75 36
75 24 42
24 75 33
75 34 24
34 75 18
75 44 18
44 75 14
75 45 11
45 75 11
75 47 13
47 75 21
75 51 19
51 75 14
75 55 46
55 75 37
75 57 11
57 75 20
75 58 35
58 75 38
75 63 25
63 75 43
75 66 4
66 75 5
75 72 22
72 75 21
3 8 16
8 3 31
3 10 32
10 3 32
3 13 23
13 3 28
3 15 28
15 3 24
3 18 18
18 3 21
3 19 37
19 3 30
3 24 46
24 3 40
3 34 18
34 3 18
3 44 8
44 3 7
3 45 8
45 3 9
3 47 18
47 3 14
3 51 12
51 3 9
3 55 50
55 3 40
3 57 35
57 3 25
3 58 39
58 3 38
3 63 54
63 3 42
3 66 4
66 3 7
3 72 30
72 3 21
8 10 36
10 8 30
8 13 46
13 8 36
8 15 27
15 8 24
8 18 56
18 8 38
8 19 45
19 8 60
8 24 9
24 8 10
8 34 37
34 8 30
8 44 42
44 8 38
8 45 41
45 8 30
8 47 44
47 8 44
8 51 40
51 8 35
8 55 25
55 8 39
8 57 19
57 8 14
8 58 51
58 8 44
8 63 54
63 8 55
8 66 13
66 8 25
8 72 43
72 8 35
10 13 8
13 10 11
10 15 46
15 10 45
10 18 20
18 10 18
10 19 49
19 10 52
10 24 19
24 10 38
10 34 12
34 10 15
10 44 18
44 10 35
10 45 18
45 10 23
10 47 38
47 10 44
10 51 37
51 10 27
10 55 51
55 10 63
10 57 21
57 10 16
10 58 15
58 10 15
10 63 45
63 10 72
10 66 28
66 10 25
10 72 30
72 10 50
13 15 28
15 13 46
13 18 9
18 13 9
13 19 42
19 13 43
13 24 25
24 13 46
13 34 10
34 13 10
13 44 24
44 13 30
13 45 10
45 13 19
13 47 48
47 13 39
13 51 31
51 13 21
13 55 33
55 13 64
13 57 11
57 13 22
13 58 7
58 13 11
13 63 85
63 13 70
13 66 25
66 13 23
13 72 63
72 13 48
15 18 58
18 15 43
15 19 54
19 15 50
15 24 26
24 15 28
15 34 46
34 15 37
15 44 25
44 15 30
15 45 39
45 15 31
15 47 41
47 15 31
15 51 34
51 15 33
15 55 20
55 15 19
15 57 46
57 15 31
15 58 53
58 15 56
15 63 42
63 15 31
15 66 17
66 15 25
15 72 16
72 15 13
18 19 38
19 18 34
18 24 56
24 18 48
18 34 6
34 18 7
18 44 29
44 18 22
18 45 13
45 18 13
18 47 44
47 18 30
18 51 17
51 18 13
18 55 74
55 18 60
18 57 25
57 18 25
18 58 9
58 18 18
18 63 48
63 18 63
18 66 23
66 18 18
18 72 57
72 18 42
19 24 38
24 19 70
19 34 50
34 19 38
19 44 19
44 19 22
19 45 21
45 19 32
19 47 14
47 19 19
19 51 40
51 19 27
19 55 72
55 19 61
19 57 39
57 19 53
19 58 32
58 19 50
19 63 54
63 19 52
19 66 20
66 19 35
19 72 30
72 19 40
24 34 26
34 24 40
24 44 24
44 24 47
24 45 43
45 24 40
24 47 45
47 24 53
24 51 28
51 24 45
24 55 47
55 24 40
24 57 33
57 24 23
24 58 79
58 24 53
24 63 46
63 24 59
24 66 27
66 24 36
24 72 43
72 24 41
34 44 17
44 34 21
34 45 10
45 34 9
34 47 43
47 34 30
34 51 10
51 34 12
34 55 55
55 34 55
34 57 11
57 34 18
34 58 21
58 34 21
34 63 88
63 34 60
34 66 15
66 34 13
34 72 22
72 34 38
44 45 16
45 44 12
44 47 13
47 44 9
44 51 13
51 44 9
44 55 65
55 44 44
44 57 26
57 44 32
44 58 28
58 44 39
44 63 32
63 44 43
44 66 10
66 44 13
44 72 15
72 44 24
45 47 31
47 45 21
45 51 7
51 45 5
45 55 25
55 45 48
45 57 28
57 45 21
45 58 30
58 45 29
45 63 37
63 45 51
45 66 4
66 45 6
45 72 20
72 45 30
47 51 10
51 47 18
47 55 29
55 47 42
47 57 34
57 47 40
47 58 65
58 47 48
47 63 51
63 47 37
47 66 13
66 47 21
47 72 11
72 47 21
51 55 26
55 51 50
51 57 14
57 51 26
51 58 26
58 51 31
51 63 60
63 51 51
51 66 13
66 51 10
51 72 43
72 51 30
55 57 33
57 55 49
55 58 100
58 55 75
55 63 20
63 55 22
55 66 34
66 55 43
55 72 23
72 55 21
57 58 22
58 57 30
57 63 46
63 57 60
57 66 19
66 57 19
57 72 26
72 57 38
58 63 87
63 58 80
58 66 41
66 58 33
58 72 50
72 58 58
63 66 51
66 63 48
63 72 16
72 63 22
66 72 15
72 66 25
