1 14 42 19 5700

267 290

1 5 7 22 22

3 9 21 45
8 9 55 45
11 8 55 65
12 9 35 51
13 12 62 35
17 9 33 44
20 11 66 14
43 12 16 19
44 10 21 48
46 12 51 42
47 11 50 15
49 11 12 38
54 12 67 41
57 10 65 27
2 11 36 26
4 9 45 35
5 9 55 20
6 10 33 34
7 11 50 50
9 9 26 59
10 12 40 66
14 12 62 57
15 10 62 24
16 8 21 36
18 12 9 56
19 11 62 48
21 9 44 13
22 8 26 13
23 8 11 28
24 10 7 43
25 10 17 64
26 9 41 46
27 10 55 34
28 11 35 16
29 10 52 26
30 12 43 26
31 12 31 76
32 10 22 53
33 10 26 29
34 12 50 40
35 12 55 50
36 11 54 10
37 10 60 15
38 12 47 66
39 10 30 60
40 9 30 50
41 12 12 17
42 9 15 14
45 10 50 30
48 12 48 21
50 12 15 56
51 12 29 39
52 9 54 38
53 10 55 57
55 10 10 70
56 10 6 25

58 40 60
59 70 64
60 64 4
61 36 6
62 30 20
63 20 30
64 15 5
65 50 70
66 57 72
67 45 42
68 38 33
69 50 4
70 66 8
71 59 5
72 35 60
73 27 24
74 40 20
75 40 37
76 40 40

1 3 30
3 1 23
1 8 34
8 1 40
1 11 80
11 1 54
1 12 38
12 1 32
1 13 61
13 1 42
1 17 18
17 1 25
1 20 39
20 1 45
1 43 4
43 1 7
1 44 18
44 1 26
1 46 50
46 1 35
1 47 42
47 1 29
1 49 17
49 1 19
1 54 28
54 1 48
1 57 28
57 1 43
1 2 16
2 1 15
1 4 26
4 1 26
1 5 37
5 1 33
1 6 21
6 1 16
1 7 25
7 1 39
1 9 34
9 1 37
1 10 71
10 1 48
1 14 79
14 1 53
1 15 53
15 1 40
1 16 14
16 1 14
1 18 47
18 1 36
1 19 50
19 1 47
1 21 34
21 1 24
1 22 12
22 1 10
1 23 7
23 1 13
1 24 34
24 1 26
1 25 31
25 1 42
1 26 35
26 1 30
1 27 26
27 1 35
1 28 17
28 1 14
1 29 19
29 1 30
1 30 31
30 1 21
1 31 78
31 1 55
1 32 20
32 1 31
1 33 10
33 1 8
1 34 23
34 1 33
1 35 43
35 1 43
1 36 29
36 1 34
1 37 56
37 1 39
1 38 45
38 1 51
1 39 28
39 1 39
1 40 23
40 1 29
1 41 14
41 1 11
1 42 10
42 1 11
1 45 38
45 1 29
1 48 36
48 1 26
1 50 21
50 1 35
1 51 22
51 1 18
1 52 42
52 1 35
1 53 33
53 1 48
1 55 44
55 1 49
1 56 21
56 1 16
1 58 23
58 1 42
1 59 65
59 1 63
1 60 25
60 1 45
1 61 26
61 1 21
1 62 6
62 1 8
1 63 5
63 1 8
1 64 26
64 1 18
1 65 33
65 1 55
1 66 36
66 1 61
1 67 35
67 1 30
1 68 22
68 1 19
1 69 24
69 1 33
1 70 34
70 1 46
1 71 27
71 1 40
1 72 37
72 1 40
1 73 6
73 1 5
1 74 14
74 1 18
1 75 21
75 1 23
1 76 34
76 1 25
3 8 47
8 3 34
3 11 31
11 3 39
3 12 11
12 3 15
3 13 39
13 3 42
3 17 12
17 3 12
3 20 58
20 3 55
3 43 25
43 3 26
3 44 4
44 3 3
3 46 40
46 3 30
3 47 56
47 3 41
3 49 12
49 3 11
3 54 59
54 3 46
3 57 60
57 3 48
3 2 24
2 3 24
3 4 25
4 3 26
3 5 28
5 3 42
3 6 13
6 3 16
3 7 43
7 3 29
3 9 8
9 3 15
3 10 25
10 3 28
3 14 52
14 3 43
3 15 61
15 3 46
3 16 10
16 3 9
3 18 14
18 3 16
3 19 38
19 3 41
3 21 55
21 3 39
3 22 39
22 3 32
3 23 10
23 3 20
3 24 20
24 3 14
3 25 27
25 3 19
3 26 14
26 3 20
3 27 30
27 3 36
3 28 29
28 3 32
3 29 45
29 3 36
3 30 34
30 3 29
3 31 48
31 3 33
3 32 6
32 3 8
3 33 11
33 3 17
3 34 17
34 3 29
3 35 27
35 3 34
3 36 38
36 3 48
3 37 63
37 3 49
3 38 42
38 3 33
3 39 13
39 3 17
3 40 13
40 3 10
3 41 21
41 3 29
3 42 30
42 3 32
3 45 22
45 3 33
3 48 33
48 3 36
3 50 14
50 3 13
3 51 7
51 3 10
3 52 34
52 3 33
3 53 42
53 3 36
3 55 24
55 3 27
3 56 13
56 3 25
3 58 25
58 3 24
3 59 54
59 3 52
3 60 81
60 3 59
3 61 53
61 3 42
3 62 18
62 3 27
3 63 10
63 3 15
3 64 32
64 3 40
3 65 40
65 3 38
3 66 58
66 3 45
3 67 15
67 3 24
3 68 22
68 3 21
3 69 26
69 3 50
3 70 30
70 3 58
3 71 61
71 3 54
3 72 22
72 3 21
3 73 17
73 3 22
3 74 20
74 3 31
3 75 15
75 3 21
3 76 19
76 3 20
8 11 11
11 8 20
8 12 16
12 8 21
8 13 10
13 8 12
8 17 30
17 8 22
8 20 19
20 8 33
8 43 39
43 8 47
8 44 38
44 8 34
8 46 6
46 8 5
8 47 44
47 8 30
8 49 65
49 8 44
8 54 15
54 8 13
8 57 27
57 8 21
8 2 35
2 8 27
8 4 18
4 8 14
8 5 35
5 8 25
8 6 24
6 8 25
8 7 6
7 8 7
8 9 23
9 8 32
8 10 31
10 8 26
8 14 19
14 8 14
8 15 11
15 8 22
8 16 26
16 8 35
8 18 48
18 8 47
8 19 4
19 8 8
8 21 47
21 8 34
8 22 35
22 8 43
8 23 51
23 8 47
8 24 54
24 8 48
8 25 40
25 8 42
8 26 19
26 8 14
8 27 7
27 8 11
8 28 23
28 8 35
8 29 11
29 8 19
8 30 21
30 8 22
8 31 26
31 8 39
8 32 32
32 8 34
8 33 35
33 8 33
8 34 10
34 8 7
8 35 4
35 8 5
8 36 47
36 8 35
8 37 23
37 8 30
8 38 32
38 8 22
8 39 22
39 8 29
8 40 15
40 8 25
8 41 34
41 8 51
8 42 58
42 8 51
8 45 14
45 8 16
8 48 35
48 8 25
8 50 46
50 8 41
8 51 22
51 8 27
8 52 4
52 8 7
8 53 7
53 8 12
8 55 55
55 8 51
8 56 47
56 8 53
8 58 26
58 8 21
8 59 17
59 8 24
8 60 35
60 8 42
8 61 62
61 8 43
8 62 21
62 8 35
8 63 22
63 8 38
8 64 41
64 8 56
8 65 16
65 8 25
8 66 23
66 8 27
8 67 10
67 8 10
8 68 19
68 8 21
8 69 23
69 8 41
8 70 49
70 8 38
8 71 47
71 8 40
8 72 26
72 8 25
8 73 43
73 8 35
8 74 18
74 8 29
8 75 17
75 8 17
8 76 19
76 8 15
11 12 25
12 11 24
11 13 32
13 11 31
11 17 40
17 11 30
11 20 69
20 11 52
11 43 86
43 11 60
11 44 29
44 11 38
11 46 18
46 11 23
11 47 53
47 11 50
11 49 26
49 11 50
11 54 33
54 11 27
11 57 40
57 11 39
11 2 27
2 11 43
11 4 36
4 11 32
11 5 33
5 11 45
11 6 41
6 11 38
11 7 16
7 11 16
11 9 28
9 11 30
11 10 17
10 11 15
11 14 12
14 11 11
11 15 60
15 11 42
11 16 35
16 11 45
11 18 64
18 11 47
11 19 22
19 11 18
11 21 63
21 11 53
11 22 32
22 11 60
11 23 38
23 11 57
11 24 54
24 11 53
11 25 30
25 11 38
11 26 28
26 11 24
11 27 18
27 11 31
11 28 75
28 11 53
11 29 54
29 11 39
11 30 36
30 11 41
11 31 28
31 11 26
11 32 23
32 11 35
11 33 35
33 11 46
11 34 28
34 11 25
11 35 10
35 11 15
11 36 73
36 11 55
11 37 33
37 11 50
11 38 9
38 11 8
11 39 15
39 11 25
11 40 31
40 11 29
11 41 95
41 11 64
11 42 85
42 11 65
11 45 20
45 11 35
11 48 59
48 11 44
11 50 60
50 11 41
11 51 42
51 11 36
11 52 20
52 11 27
11 53 9
53 11 8
11 55 39
55 11 45
11 56 78
56 11 63
11 58 16
58 11 16
11 59 21
59 11 15
11 60 65
60 11 62
11 61 45
61 11 62
11 62 35
62 11 51
11 63 60
63 11 49
11 64 73
64 11 72
11 65 6
65 11 7
11 66 4
66 11 7
11 67 30
67 11 25
11 68 47
68 11 36
11 69 54
69 11 61
11 70 72
70 11 58
11 71 49
71 11 60
11 72 26
72 11 21
11 73 28
73 11 50
11 74 36
74 11 47
11 75 46
75 11 32
11 76 41
76 11 29
12 13 42
13 12 31
12 17 7
17 12 7
12 20 71
20 12 48
12 43 22
43 12 37
12 44 20
44 12 14
12 46 18
46 12 18
12 47 23
47 12 39
12 49 30
49 12 26
12 54 22
54 12 34
12 57 48
57 12 38
12 2 14
2 12 25
12 4 15
4 12 19
12 5 41
5 12 37
12 6 18
6 12 17
12 7 21
7 12 15
12 9 11
9 12 12
12 10 12
10 12 16
12 14 26
14 12 28
12 15 27
15 12 38
12 16 16
16 12 21
12 18 22
18 12 26
12 19 24
19 12 27
12 21 58
21 12 39
12 22 58
22 12 39
12 23 47
23 12 33
12 24 27
24 12 29
12 25 15
25 12 22
12 26 4
26 12 8
12 27 30
27 12 26
12 28 26
28 12 35
12 29 42
29 12 30
12 30 19
30 12 26
12 31 32
31 12 25
12 32 14
32 12 13
12 33 17
33 12 24
12 34 13
34 12 19
12 35 20
35 12 20
12 36 26
36 12 45
12 37 61
37 12 44
12 38 14
38 12 19
12 39 10
39 12 10
12 40 5
40 12 5
12 41 29
41 12 41
12 42 48
42 12 42
12 45 24
45 12 26
12 48 38
48 12 33
12 50 25
50 12 21
12 51 10
51 12 13
12 52 16
52 12 23
12 53 16
53 12 21
12 55 22
55 12 31
12 56 29
56 12 39
12 58 10
58 12 10
12 59 55
59 12 37
12 60 57
60 12 55
12 61 60
61 12 45
12 62 20
62 12 31
12 63 38
63 12 26
12 64 50
64 12 50
12 65 30
65 12 24
12 66 32
66 12 30
12 67 7
67 12 13
12 68 26
68 12 18
12 69 47
69 12 49
12 70 27
70 12 53
12 71 59
71 12 52
12 72 10
72 12 9
12 73 17
73 12 28
12 74 43
74 12 31
12 75 11
75 12 15
12 76 12
76 12 12
13 17 40
17 13 30
13 20 20
20 13 21
13 43 53
43 13 49
13 44 61
44 13 43
13 46 14
46 13 13
13 47 17
47 13 23
13 49 70
49 13 50
13 54 6
54 13 8
13 57 10
57 13 9
13 2 21
2 13 28
13 4 10
4 13 17
13 5 18
5 13 17
13 6 31
6 13 29
13 7 18
7 13 19
13 9 34
9 13 43
13 10 23
10 13 38
13 14 15
14 13 22
13 15 9
15 13 11
13 16 33
16 13 41
13 18 31
18 13 57
13 19 11
19 13 13
13 21 29
21 13 28
13 22 49
22 13 42
13 23 26
23 13 51
13 24 59
24 13 56
13 25 80
25 13 54
13 26 21
26 13 24
13 27 10
27 13 7
13 28 31
28 13 33
13 29 12
29 13 13
13 30 19
30 13 21
13 31 45
31 13 51
13 32 51
32 13 44
13 33 28
33 13 36
13 34 14
34 13 13
13 35 23
35 13 17
13 36 30
36 13 26
13 37 15
37 13 20
13 38 44
38 13 34
13 39 52
39 13 41
13 40 26
40 13 35
13 41 60
41 13 53
13 42 74
42 13 51
13 45 16
45 13 13
13 48 18
48 13 19
13 50 32
50 13 51
13 51 27
51 13 33
13 52 13
52 13 9
13 53 13
53 13 23
13 55 43
55 13 63
13 56 42
56 13 56
13 58 20
58 13 33
13 59 41
59 13 30
13 60 25
60 13 31
13 61 47
61 13 38
13 62 29
62 13 35
13 63 34
63 13 42
13 64 73
64 13 56
13 65 29
65 13 37
13 66 49
66 13 37
13 67 21
67 13 18
13 68 20
68 13 24
13 69 39
69 13 33
13 70 23
70 13 27
13 71 35
71 13 30
13 72 29
72 13 37
13 73 22
73 13 37
13 74 21
74 13 26
13 75 19
75 13 22
13 76 26
76 13 23
17 20 64
20 17 45
17 43 43
43 17 30
17 44 10
44 17 13
17 46 22
46 17 18
17 47 38
47 17 34
17 49 27
49 17 22
17 54 26
54 17 34
17 57 19
57 17 36
17 2 13
2 17 18
17 4 11
4 17 15
17 5 43
5 17 33
17 6 6
6 17 10
17 7 14
7 17 18
17 9 21
9 17 17
17 10 33
10 17 23
17 14 25
14 17 32
17 15 40
15 17 35
17 16 7
16 17 14
17 18 16
18 17 27
17 19 18
19 17 29
17 21 34
21 17 33
17 22 16
22 17 32
17 23 36
23 17 27
17 24 14
24 17 26
17 25 23
25 17 26
17 26 9
26 17 8
17 27 14
27 17 24
17 28 24
28 17 28
17 29 18
29 17 26
17 30 14
30 17 21
17 31 44
31 17 32
17 32 18
32 17 14
17 33 11
33 17 17
17 34 24
34 17 17
17 35 24
35 17 23
17 36 31
36 17 40
17 37 57
37 17 40
17 38 24
38 17 26
17 39 18
39 17 16
17 40 4
40 17 7
17 41 49
41 17 34
17 42 38
42 17 35
17 45 31
45 17 22
17 48 24
48 17 27
17 50 24
50 17 22
17 51 4
51 17 6
17 52 27
52 17 21
17 53 24
53 17 26
17 55 20
55 17 35
17 56 42
56 17 33
17 58 10
58 17 17
17 59 26
59 17 42
17 60 48
60 17 50
17 61 47
61 17 38
17 62 22
62 17 24
17 63 27
63 17 19
17 64 23
64 17 43
17 65 34
65 17 31
17 66 50
66 17 37
17 67 14
67 17 12
17 68 10
68 17 12
17 69 34
69 17 43
17 70 51
70 17 49
17 71 63
71 17 46
17 72 12
72 17 16
17 73 29
73 17 21
17 74 17
74 17 25
17 75 6
75 17 10
17 76 6
76 17 8
20 43 41
43 20 50
20 44 78
44 20 56
20 46 17
46 20 32
20 47 20
47 20 16
20 49 33
49 20 59
20 54 20
54 20 27
20 57 14
57 20 13
20 2 30
2 20 32
20 4 39
4 20 30
20 5 18
5 20 13
20 6 51
6 20 39
20 7 29
7 20 39
20 9 48
9 20 60
20 10 36
10 20 58
20 14 25
14 20 43
20 15 11
15 20 11
20 16 39
16 20 50
20 18 73
18 20 71
20 19 33
19 20 34
20 21 21
21 20 22
20 22 34
22 20 40
20 23 31
23 20 57
20 24 66
24 20 66
20 25 56
25 20 70
20 26 60
26 20 41
20 27 32
27 20 23
20 28 36
28 20 31
20 29 24
29 20 18
20 30 25
30 20 26
20 31 51
31 20 71
20 32 56
32 20 58
20 33 42
33 20 43
20 34 38
34 20 31
20 35 55
35 20 38
20 36 9
36 20 13
20 37 8
37 20 6
20 38 60
38 20 55
20 39 77
39 20 58
20 40 44
40 20 51
20 41 51
41 20 54
20 42 62
42 20 51
20 45 15
45 20 22
20 48 22
48 20 19
20 50 34
50 20 66
20 51 28
51 20 44
20 52 21
52 20 27
20 53 24
53 20 44
20 55 114
55 20 79
20 56 68
56 20 61
20 58 77
58 20 53
20 59 33
59 20 50
20 60 5
60 20 10
20 61 33
61 20 31
20 62 52
62 20 36
20 63 59
63 20 48
20 64 27
64 20 52
20 65 71
65 20 58
20 66 71
66 20 59
20 67 31
67 20 35
20 68 19
68 20 34
20 69 18
69 20 19
20 70 4
70 20 6
20 71 12
71 20 11
20 72 62
72 20 55
20 73 45
73 20 40
20 74 23
74 20 27
20 75 34
75 20 34
20 76 39
76 20 36
43 44 26
44 43 29
43 46 21
46 43 42
43 47 26
47 43 34
43 49 25
49 43 19
43 54 50
54 43 55
43 57 68
57 43 50
43 2 23
2 43 21
43 4 27
4 43 33
43 5 45
5 43 39
43 6 32
6 43 23
43 7 30
7 43 46
43 9 26
9 43 41
43 10 36
10 43 53
43 14 51
14 43 60
43 15 67
15 43 46
43 16 23
16 43 18
43 18 53
18 43 38
43 19 73
19 43 54
43 21 19
21 43 28
43 22 8
22 43 12
43 23 8
23 43 10
43 24 30
24 43 26
43 25 27
25 43 45
43 26 50
26 43 37
43 27 25
27 43 42
43 28 10
28 43 19
43 29 20
29 43 37
43 30 23
30 43 28
43 31 87
31 43 59
43 32 43
32 43 35
43 33 14
33 43 14
43 34 32
34 43 40
43 35 33
35 43 50
43 36 41
36 43 39
43 37 64
37 43 44
43 38 58
38 43 56
43 39 58
39 43 43
43 40 17
40 43 34
43 41 5
41 43 4
43 42 7
42 43 5
43 45 52
45 43 36
43 48 28
48 43 32
43 50 35
50 43 37
43 51 22
51 43 24
43 52 52
52 43 42
43 53 36
53 43 54
43 55 29
55 43 51
43 56 17
56 43 12
43 58 57
58 43 48
43 59 87
59 43 70
43 60 53
60 43 50
43 61 30
61 43 24
43 62 13
62 43 14
43 63 6
63 43 12
43 64 20
64 43 14
43 65 50
65 43 61
43 66 65
66 43 67
43 67 44
67 43 37
43 68 15
68 43 26
43 69 27
69 43 37
43 70 36
70 43 51
43 71 24
71 43 45
43 72 50
72 43 45
43 73 13
73 43 12
43 74 15
74 43 24
43 75 38
75 43 30
43 76 35
76 43 32
44 46 24
46 44 31
44 47 46
47 44 44
44 49 14
49 44 13
44 54 56
54 44 47
44 57 37
57 44 49
44 2 35
2 44 27
44 4 20
4 44 27
44 5 35
5 44 44
44 6 9
6 44 18
44 7 21
7 44 29
44 9 10
9 44 12
44 10 33
10 44 26
44 14 50
14 44 42
44 15 55
15 44 48
44 16 14
16 44 12
44 18 9
18 44 14
44 19 42
19 44 41
44 21 46
21 44 42
44 22 49
22 44 35
44 23 15
23 44 22
44 24 18
24 44 15
44 25 16
25 44 16
44 26 19
26 44 20
44 27 30
27 44 37
44 28 21
28 44 35
44 29 33
29 44 38
44 30 32
30 44 31
44 31 16
31 44 30
44 32 5
32 44 5
44 33 20
33 44 20
44 34 39
34 44 30
44 35 49
35 44 34
44 36 62
36 44 50
44 37 75
37 44 51
44 38 25
38 44 32
44 39 20
39 44 15
44 40 8
40 44 9
44 41 38
41 44 32
44 42 21
42 44 34
44 45 24
45 44 34
44 48 50
48 44 38
44 50 8
50 44 10
44 51 12
51 44 12
44 52 35
52 44 34
44 53 42
53 44 35
44 55 31
55 44 25
44 56 31
56 44 27
44 58 15
58 44 22
44 59 27
59 44 52
44 60 36
60 44 61
44 61 41
61 44 45
44 62 36
62 44 29
44 63 26
63 44 18
44 64 32
64 44 43
44 65 47
65 44 36
44 66 40
66 44 43
44 67 21
67 44 25
44 68 25
68 44 23
44 69 51
69 44 53
44 70 43
70 44 60
44 71 69
71 44 57
44 72 19
72 44 18
44 73 25
73 44 25
44 74 39
74 44 34
44 75 15
75 44 22
44 76 28
76 44 21
46 47 34
47 46 27
46 49 45
49 46 39
46 54 23
54 46 16
46 57 20
57 46 21
46 2 22
2 46 22
46 4 6
4 46 9
46 5 24
5 46 22
46 6 22
6 46 20
46 7 7
7 46 8
46 9 39
9 46 30
46 10 30
10 46 26
46 14 28
14 46 19
46 15 25
15 46 21
46 16 33
16 46 31
46 18 61
18 46 44
46 19 19
19 46 13
46 21 44
21 46 30
46 22 28
22 46 38
46 23 37
23 46 42
46 24 26
24 46 44
46 25 20
25 46 40
46 26 9
26 46 11
46 27 9
27 46 9
46 28 25
28 46 30
46 29 15
29 46 16
46 30 25
30 46 18
46 31 31
31 46 39
46 32 18
32 46 31
46 33 31
33 46 28
46 34 1
34 46 2
46 35 7
35 46 9
46 36 30
36 46 32
46 37 40
37 46 28
46 38 30
38 46 24
46 39 33
39 46 28
46 40 21
40 46 22
46 41 53
41 46 46
46 42 68
42 46 46
46 45 15
45 46 12
46 48 30
48 46 21
46 50 20
50 46 39
46 51 27
51 46 22
46 52 7
52 46 5
46 53 8
53 46 16
46 55 38
55 46 50
46 56 60
56 46 48
46 58 11
58 46 21
46 59 39
59 46 29
46 60 42
60 46 40
46 61 36
61 46 39
46 62 29
62 46 30
46 63 23
63 46 33
46 64 44
64 46 51
46 65 37
65 46 28
46 66 33
66 46 31
46 67 5
67 46 6
46 68 9
68 46 16
46 69 36
69 46 38
46 70 31
70 46 37
46 71 38
71 46 38
46 72 12
72 46 24
46 73 33
73 46 30
46 74 17
74 46 25
46 75 7
75 46 12
46 76 10
76 46 11
47 49 35
49 47 44
47 54 28
54 47 31
47 57 23
57 47 19
47 2 21
2 47 18
47 4 17
4 47 21
47 5 9
5 47 7
47 6 17
6 47 25
47 7 36
7 47 35
47 9 66
9 47 50
47 10 56
10 47 52
47 14 41
14 47 44
47 15 22
15 47 15
47 16 23
16 47 36
47 18 42
18 47 58
47 19 47
19 47 35
47 21 4
21 47 6
47 22 22
22 47 24
47 23 51
23 47 41
47 24 47
24 47 51
47 25 79
25 47 59
47 26 28
26 47 32
47 27 17
27 47 20
47 28 15
28 47 15
47 29 12
29 47 11
47 30 14
30 47 13
47 31 89
31 47 64
47 32 46
32 47 47
47 33 20
33 47 28
47 34 16
34 47 25
47 35 44
35 47 35
47 36 6
36 47 6
47 37 10
37 47 10
47 38 41
38 47 51
47 39 26
39 47 49
47 40 34
40 47 40
47 41 46
41 47 38
47 42 24
42 47 35
47 45 15
45 47 15
47 48 7
48 47 6
47 50 76
50 47 54
47 51 33
51 47 32
47 52 31
52 47 23
47 53 40
53 47 42
47 55 34
55 47 68
47 56 24
56 47 45
47 58 36
58 47 46
47 59 27
59 47 53
47 60 26
60 47 18
47 61 9
61 47 17
47 62 11
62 47 21
47 63 17
63 47 34
47 64 43
64 47 36
47 65 70
65 47 55
47 66 33
66 47 57
47 67 18
67 47 27
47 68 15
68 47 22
47 69 12
69 47 11
47 70 10
70 47 17
47 71 8
71 47 13
47 72 26
72 47 47
47 73 22
73 47 25
47 74 13
74 47 11
47 75 22
75 47 24
47 76 37
76 47 27
49 54 41
54 49 55
49 57 76
57 49 54
49 2 14
2 49 27
49 4 32
4 49 33
49 5 52
5 49 46
49 6 13
6 49 21
49 7 56
7 49 40
49 9 24
9 49 25
49 10 58
10 49 39
49 14 40
14 49 53
49 15 63
15 49 52
49 16 13
16 49 9
49 18 22
18 49 18
49 19 58
19 49 51
49 21 39
21 49 41
49 22 35
22 49 29
49 23 12
23 49 10
49 24 8
24 49 7
49 25 15
25 49 26
49 26 44
26 49 30
49 27 53
27 49 43
49 28 42
28 49 32
49 29 49
29 49 42
49 30 36
30 49 33
49 31 60
31 49 42
49 32 21
32 49 18
49 33 21
33 49 17
49 34 44
34 49 38
49 35 27
35 49 45
49 36 44
36 49 50
49 37 73
37 49 53
49 38 44
38 49 45
49 39 26
39 49 28
49 40 23
40 49 22
49 41 31
41 49 21
49 42 19
42 49 24
49 45 37
45 49 39
49 48 40
48 49 40
49 50 10
50 49 18
49 51 20
51 49 17
49 52 45
52 49 42
49 53 39
53 49 47
49 55 19
55 49 32
49 56 9
56 49 14
49 58 22
58 49 36
49 59 74
59 49 64
49 60 53
60 49 62
49 61 48
61 49 40
49 62 23
62 49 25
49 63 11
63 49 11
49 64 22
64 49 33
49 65 43
65 49 50
49 66 65
66 49 56
49 67 31
67 49 33
49 68 21
68 49 26
49 69 37
69 49 51
49 70 58
70 49 62
49 71 69
71 49 57
49 72 27
72 49 32
49 73 23
73 49 20
49 74 47
74 49 33
49 75 33
75 49 28
49 76 15
76 49 28
54 57 13
57 54 14
54 2 44
2 54 34
54 4 15
4 54 22
54 5 12
5 54 24
54 6 35
6 54 34
54 7 12
7 54 19
54 9 38
9 54 45
54 10 44
10 54 37
54 14 16
14 54 17
54 15 9
15 54 18
54 16 41
16 54 46
54 18 61
18 54 60
54 19 6
19 54 9
54 21 37
21 54 36
54 22 31
22 54 49
54 23 55
23 54 57
54 24 70
24 54 60
54 25 78
25 54 55
54 26 34
26 54 26
54 27 18
27 54 14
54 28 50
28 54 41
54 29 27
29 54 21
54 30 23
30 54 28
54 31 50
31 54 50
54 32 67
32 54 47
54 33 59
33 54 42
54 34 11
34 54 17
54 35 16
35 54 15
54 36 19
36 54 34
54 37 27
37 54 27
54 38 44
38 54 32
54 39 41
39 54 42
54 40 40
40 54 38
54 41 60
41 54 59
54 42 55
42 54 58
54 45 25
45 54 20
54 48 39
48 54 28
54 50 34
50 54 54
54 51 24
51 54 38
54 52 8
52 54 13
54 53 22
53 54 20
54 55 95
55 54 64
54 56 64
56 54 63
54 58 38
58 54 33
54 59 29
59 54 23
54 60 26
60 54 37
54 61 53
61 54 47
54 62 42
62 54 43
54 63 47
63 54 48
54 64 51
64 54 63
54 65 50
65 54 34
54 66 18
66 54 33
54 67 32
67 54 22
54 68 16
68 54 30
54 69 24
69 54 41
54 70 26
70 54 33
54 71 22
71 54 37
54 72 39
72 54 37
54 73 47
73 54 43
54 74 27
74 54 34
54 75 27
75 54 27
54 76 38
76 54 27
57 2 28
2 57 29
57 4 12
4 57 22
57 5 16
5 57 12
57 6 22
6 57 32
57 7 34
7 57 27
57 9 54
9 57 50
57 10 43
10 57 46
57 14 36
14 57 30
57 15 3
15 57 4
57 16 46
16 57 45
57 18 47
18 57 63
57 19 31
19 57 21
57 21 25
21 57 25
57 22 56
22 57 41
57 23 62
23 57 54
57 24 65
24 57 60
57 25 63
25 57 60
57 26 17
26 57 30
57 27 15
27 57 12
57 28 47
28 57 32
57 29 11
29 57 13
57 30 12
30 57 22
57 31 68
31 57 60
57 32 72
32 57 50
57 33 44
33 57 39
57 34 22
34 57 20
57 35 16
35 57 25
57 36 11
36 57 20
57 37 16
37 57 13
57 38 61
38 57 43
57 39 37
39 57 48
57 40 52
40 57 42
57 41 60
41 57 54
57 42 51
42 57 52
57 45 14
45 57 15
57 48 25
48 57 18
57 50 66
50 57 58
57 51 25
51 57 38
57 52 15
52 57 16
57 53 17
53 57 32
57 55 54
55 57 70
57 56 45
56 57 59
57 58 30
58 57 41
57 59 29
59 57 37
57 60 18
60 57 23
57 61 37
61 57 36
57 62 34
62 57 36
57 63 63
63 57 45
57 64 82
64 57 55
57 65 53
65 57 46
57 66 48
66 57 46
57 67 18
67 57 25
57 68 17
68 57 28
57 69 27
69 57 27
57 70 22
70 57 19
57 71 26
71 57 23
57 72 33
72 57 45
57 73 42
73 57 38
57 74 19
74 57 26
57 75 21
75 57 27
57 76 14
76 57 28
2 4 17
4 2 13
2 5 24
5 2 20
2 6 11
6 2 9
2 7 22
7 2 28
2 9 43
9 2 34
2 10 41
10 2 40
2 14 24
14 2 40
2 15 20
15 2 26
2 16 12
16 2 18
2 18 25
18 2 40
2 19 38
19 2 34
2 21 12
21 2 15
2 22 9
22 2 16
2 23 19
23 2 25
2 24 29
24 2 34
2 25 36
25 2 42
2 26 26
26 2 21
2 27 18
27 2 21
2 28 9
28 2 10
2 29 23
29 2 16
2 30 5
30 2 7
2 31 26
31 2 50
2 32 15
32 2 30
2 33 7
33 2 10
2 34 19
34 2 20
2 35 41
35 2 31
2 36 25
36 2 24
2 37 20
37 2 26
2 38 53
38 2 41
2 39 19
39 2 34
2 40 33
40 2 25
2 41 33
41 2 26
2 42 23
42 2 24
2 45 18
45 2 15
2 48 9
48 2 13
2 50 53
50 2 37
2 51 11
51 2 15
2 52 12
52 2 22
2 53 29
53 2 36
2 55 41
55 2 51
2 56 38
56 2 30
2 58 33
58 2 34
2 59 26
59 2 51
2 60 49
60 2 36
2 61 21
61 2 20
2 62 9
62 2 8
2 63 8
63 2 16
2 64 40
64 2 29
2 65 31
65 2 46
2 66 52
66 2 50
2 67 25
67 2 18
2 68 4
68 2 7
2 69 24
69 2 26
2 70 48
70 2 35
2 71 39
71 2 31
2 72 41
72 2 34
2 73 8
73 2 9
2 74 5
74 2 7
2 75 6
75 2 11
2 76 8
76 2 14
4 5 19
5 4 18
4 6 9
6 4 12
4 7 18
7 4 16
4 9 25
9 4 31
4 10 36
10 4 31
4 14 36
14 4 28
4 15 26
15 4 20
4 16 23
16 4 24
4 18 44
18 4 42
4 19 25
19 4 21
4 21 24
21 4 22
4 22 40
22 4 29
4 23 46
23 4 35
4 24 21
24 4 39
4 25 52
25 4 40
4 26 13
26 4 12
4 27 10
27 4 10
4 28 18
28 4 21
4 29 8
29 4 11
4 30 8
30 4 9
4 31 28
31 4 43
4 32 36
32 4 29
4 33 20
33 4 20
4 34 9
34 4 7
4 35 18
35 4 18
4 36 31
36 4 27
4 37 21
37 4 25
4 38 43
38 4 31
4 39 30
39 4 29
4 40 18
40 4 21
4 41 27
41 4 38
4 42 38
42 4 37
4 45 7
45 4 7
4 48 20
48 4 14
4 50 50
50 4 37
4 51 12
51 4 16
4 52 6
52 4 9
4 53 25
53 4 24
4 55 46
55 4 49
4 56 40
56 4 40
4 58 27
58 4 25
4 59 54
59 4 38
4 60 39
60 4 36
4 61 27
61 4 30
4 62 15
62 4 21
4 63 17
63 4 25
4 64 31
64 4 42
4 65 22
65 4 35
4 66 41
66 4 39
4 67 5
67 4 7
4 68 10
68 4 7
4 69 38
69 4 31
4 70 25
70 4 34
4 71 32
71 4 33
4 72 24
72 4 27
4 73 30
73 4 21
4 74 16
74 4 16
4 75 6
75 4 5
4 76 8
76 4 7
5 6 16
6 5 26
5 7 25
7 5 30
5 9 62
9 5 49
5 10 60
10 5 48
5 14 23
14 5 38
5 15 4
15 5 8
5 16 45
16 5 38
5 18 86
18 5 58
5 19 17
19 5 29
5 21 13
21 5 13
5 22 18
22 5 30
5 23 25
23 5 45
5 24 49
24 5 53
5 25 85
25 5 58
5 26 26
26 5 30
5 27 13
27 5 14
5 28 27
28 5 20
5 29 10
29 5 7
5 30 17
30 5 13
5 31 50
31 5 61
5 32 28
32 5 47
5 33 38
33 5 30
5 34 19
34 5 21
5 35 24
35 5 30
5 36 5
36 5 10
5 37 9
37 5 7
5 38 36
38 5 46
5 39 48
39 5 47
5 40 32
40 5 39
5 41 47
41 5 43
5 42 39
42 5 40
5 45 16
45 5 11
5 48 7
48 5 7
5 50 31
50 5 54
5 51 17
51 5 32
5 52 10
52 5 18
5 53 21
53 5 37
5 55 97
55 5 67
5 56 61
56 5 49
5 58 54
58 5 43
5 59 39
59 5 46
5 60 13
60 5 18
5 61 33
61 5 24
5 62 33
62 5 25
5 63 53
63 5 36
5 64 58
64 5 43
5 65 34
65 5 50
5 66 61
66 5 52
5 67 22
67 5 24
5 68 18
68 5 21
5 69 21
69 5 17
5 70 23
70 5 16
5 71 16
71 5 16
5 72 46
72 5 45
5 73 40
73 5 28
5 74 21
74 5 15
5 75 31
75 5 23
5 76 22
76 5 25
6 7 12
7 6 23
6 9 19
9 6 26
6 10 37
10 6 33
6 14 50
14 6 37
6 15 30
15 6 31
6 16 12
16 6 12
6 18 31
18 6 33
6 19 20
19 6 32
6 21 17
21 6 24
6 22 29
22 6 22
6 23 16
23 6 23
6 24 41
24 6 28
6 25 29
25 6 34
6 26 17
26 6 14
6 27 20
27 6 22
6 28 12
28 6 18
6 29 13
29 6 21
6 30 10
30 6 13
6 31 57
31 6 42
6 32 21
32 6 22
6 33 7
33 6 9
6 34 26
34 6 18
6 35 32
35 6 27
6 36 29
36 6 32
6 37 26
37 6 33
6 38 31
38 6 35
6 39 21
39 6 26
6 40 19
40 6 16
6 41 17
41 6 27
6 42 33
42 6 27
6 45 10
45 6 17
6 48 26
48 6 20
6 50 30
50 6 28
6 51 8
51 6 6
6 52 31
52 6 21
6 53 24
53 6 32
6 55 31
55 6 42
6 56 28
56 6 28
6 58 37
58 6 27
6 59 46
59 6 47
6 60 35
60 6 43
6 61 24
61 6 28
6 62 9
62 6 14
6 63 12
63 6 14
6 64 48
64 6 34
6 65 27
65 6 40
6 66 61
66 6 45
6 67 20
67 6 14
6 68 7
68 6 5
6 69 27
69 6 34
6 70 57
70 6 42
6 71 27
71 6 38
6 72 28
72 6 26
6 73 17
73 6 12
6 74 19
74 6 16
6 75 9
75 6 8
6 76 7
76 6 9
7 9 36
9 7 26
7 10 18
10 7 19
7 14 8
14 7 14
7 15 20
15 7 29
7 16 16
16 7 32
7 18 33
18 7 41
7 19 16
19 7 12
7 21 22
21 7 37
7 22 43
22 7 44
7 23 53
23 7 45
7 24 32
24 7 44
7 25 49
25 7 36
7 26 12
26 7 10
7 27 17
27 7 17
7 28 50
28 7 37
7 29 26
29 7 24
7 30 25
30 7 25
7 31 38
31 7 32
7 32 14
32 7 28
7 33 32
33 7 32
7 34 10
34 7 10
7 35 3
35 7 5
7 36 33
36 7 40
7 37 23
37 7 36
7 38 9
38 7 16
7 39 12
39 7 22
7 40 29
40 7 20
7 41 71
41 7 50
7 42 56
42 7 50
7 45 29
45 7 20
7 48 22
48 7 29
7 50 28
50 7 36
7 51 25
51 7 24
7 52 19
52 7 13
7 53 10
53 7 9
7 55 38
55 7 44
7 56 46
56 7 51
7 58 19
58 7 14
7 59 33
59 7 24
7 60 46
60 7 48
7 61 39
61 7 46
7 62 27
62 7 36
7 63 28
63 7 36
7 64 77
64 7 57
7 65 16
65 7 20
7 66 33
66 7 23
7 67 6
67 7 9
7 68 10
68 7 20
7 69 43
69 7 46
7 70 66
70 7 45
7 71 63
71 7 46
7 72 26
72 7 18
7 73 36
73 7 34
7 74 16
74 7 32
7 75 13
75 7 16
7 76 10
76 7 14
9 10 13
10 9 16
9 14 31
14 9 36
9 15 66
15 9 50
9 16 27
16 9 24
9 18 23
18 9 17
9 19 24
19 9 38
9 21 49
21 9 49
9 22 30
22 9 46
9 23 37
23 9 34
9 24 31
24 9 25
9 25 14
25 9 10
9 26 17
26 9 20
9 27 55
27 9 38
9 28 64
28 9 44
9 29 58
29 9 42
9 30 53
30 9 37
9 31 22
31 9 18
9 32 6
32 9 7
9 33 38
33 9 30
9 34 28
34 9 31
9 35 18
35 9 30
9 36 32
36 9 56
9 37 83
37 9 56
9 38 18
38 9 22
9 39 2
39 9 4
9 40 9
40 9 10
9 41 27
41 9 44
9 42 65
42 9 46
9 45 41
45 9 38
9 48 64
48 9 44
9 50 7
50 9 11
9 51 27
51 9 20
9 52 52
52 9 35
9 53 27
53 9 29
9 55 20
55 9 19
9 56 29
56 9 39
9 58 9
58 9 14
9 59 61
59 9 44
9 60 46
60 9 67
9 61 58
61 9 54
9 62 49
62 9 39
9 63 43
63 9 30
9 64 65
64 9 55
9 65 33
65 9 26
9 66 20
66 9 33
9 67 26
67 9 25
9 68 22
68 9 29
9 69 72
69 9 60
9 70 42
70 9 65
9 71 32
71 9 63
9 72 12
72 9 9
9 73 39
73 9 35
9 74 43
74 9 41
9 75 34
75 9 26
9 76 14
76 9 24
10 14 21
14 10 24
10 15 43
15 10 47
10 16 53
16 10 36
10 18 45
18 10 33
10 19 40
19 10 28
10 21 47
21 10 53
10 22 70
22 10 55
10 23 31
23 10 48
10 24 38
24 10 40
10 25 31
25 10 23
10 26 17
26 10 20
10 27 49
27 10 35
10 28 64
28 10 50
10 29 48
29 10 42
10 30 33
30 10 40
10 31 16
31 10 13
10 32 20
32 10 22
10 33 22
33 10 40
10 34 33
34 10 28
10 35 29
35 10 22
10 36 50
36 10 58
10 37 65
37 10 55
10 38 6
38 10 7
10 39 11
39 10 12
10 40 10
40 10 19
10 41 61
41 10 56
10 42 37
42 10 58
10 45 29
45 10 37
10 48 23
48 10 46
10 50 23
50 10 27
10 51 38
51 10 29
10 52 41
52 10 31
10 53 17
53 10 17
10 55 26
55 10 30
10 56 29
56 10 53
10 58 6
58 10 6
10 59 24
59 10 30
10 60 34
60 10 66
10 61 82
61 10 60
10 62 54
62 10 47
10 63 56
63 10 41
10 64 75
64 10 66
10 65 16
65 10 11
10 66 26
66 10 18
10 67 25
67 10 25
10 68 26
68 10 33
10 69 90
69 10 63
10 70 64
70 10 63
10 71 50
71 10 64
10 72 5
72 10 8
10 73 57
73 10 44
10 74 45
74 10 46
10 75 39
75 10 29
10 76 17
76 10 26
14 15 35
15 14 33
14 16 24
16 14 46
14 18 50
18 14 53
14 19 5
19 14 9
14 21 28
21 14 48
14 22 85
22 14 57
14 23 44
23 14 59
14 24 55
24 14 57
14 25 43
25 14 46
14 26 26
26 14 24
14 27 23
27 14 24
14 28 71
28 14 49
14 29 40
29 14 33
14 30 46
30 14 36
14 31 22
31 14 36
14 32 40
32 14 40
14 33 61
33 14 46
14 34 13
34 14 21
14 35 14
35 14 10
14 36 33
36 14 48
14 37 31
37 14 42
14 38 24
38 14 17
14 39 24
39 14 32
14 40 46
40 14 33
14 41 93
41 14 64
14 42 35
42 14 64
14 45 39
45 14 30
14 48 51
48 14 39
14 50 56
50 14 47
14 51 47
51 14 38
14 52 21
52 14 21
14 53 4
53 14 7
14 55 60
55 14 54
14 56 50
56 14 64
14 58 32
58 14 22
14 59 6
59 14 11
14 60 65
60 14 53
14 61 85
61 14 57
14 62 32
62 14 49
14 63 53
63 14 50
14 64 84
64 14 70
14 65 26
65 14 18
14 66 17
66 14 16
14 67 32
67 14 23
14 68 30
68 14 34
14 69 73
69 14 54
14 70 41
70 14 49
14 71 68
71 14 52
14 72 29
72 14 27
14 73 45
73 14 48
14 74 63
74 14 43
14 75 26
75 14 30
14 76 33
76 14 28
15 16 28
16 15 43
15 18 72
18 15 62
15 19 31
19 15 24
15 21 29
21 15 21
15 22 52
22 15 38
15 23 61
23 15 51
15 24 65
24 15 58
15 25 34
25 15 60
15 26 26
26 15 30
15 27 6
27 15 12
15 28 28
28 15 28
15 29 14
29 15 10
15 30 27
30 15 19
15 31 89
31 15 60
15 32 53
32 15 49
15 33 23
33 15 36
15 34 20
34 15 20
15 35 40
35 15 27
15 36 14
36 15 16
15 37 11
37 15 9
15 38 62
38 15 45
15 39 26
39 15 48
15 40 37
40 15 41
15 41 34
41 15 50
15 42 69
42 15 48
15 45 19
45 15 13
15 48 8
48 15 14
15 50 50
50 15 57
15 51 18
51 15 36
15 52 14
52 15 16
15 53 19
53 15 34
15 55 77
55 15 69
15 56 75
56 15 56
15 58 42
58 15 42
15 59 54
59 15 41
15 60 16
60 15 20
15 61 21
61 15 32
15 62 29
62 15 32
15 63 28
63 15 42
15 64 44
64 15 51
15 65 59
65 15 48
15 66 26
66 15 48
15 67 28
67 15 25
15 68 25
68 15 25
15 69 17
69 15 23
15 70 23
70 15 16
15 71 15
71 15 19
15 72 30
72 15 45
15 73 38
73 15 35
15 74 29
74 15 22
15 75 27
75 15 25
15 76 18
76 15 27
16 18 16
18 16 23
16 19 34
19 16 43
16 21 32
21 16 33
16 22 16
22 16 24
16 23 12
23 16 13
16 24 15
24 16 16
16 25 39
25 16 28
16 26 26
26 16 22
16 27 46
27 16 34
16 28 31
28 16 24
16 29 25
29 16 33
16 30 30
30 16 24
16 31 44
31 16 41
16 32 11
32 16 17
16 33 12
33 16 9
16 34 40
34 16 29
16 35 28
35 16 37
16 36 28
36 16 42
16 37 35
37 16 44
16 38 42
38 16 40
16 39 21
39 16 26
16 40 14
40 16 17
16 41 26
41 16 21
16 42 24
42 16 23
16 45 42
45 16 30
16 48 20
48 16 31
16 50 26
50 16 21
16 51 7
51 16 9
16 52 35
52 16 33
16 53 33
53 16 40
16 55 31
55 16 36
16 56 22
56 16 19
16 58 31
58 16 31
16 59 58
59 16 56
16 60 60
60 16 54
16 61 23
61 16 34
16 62 13
62 16 18
16 63 7
63 16 6
16 64 36
64 16 31
16 65 39
65 16 45
16 66 46
66 16 51
16 67 19
67 16 25
16 68 10
68 16 17
16 69 37
69 16 43
16 70 57
70 16 53
16 71 61
71 16 49
16 72 35
72 16 28
16 73 17
73 16 13
16 74 19
74 16 25
16 75 25
75 16 19
16 76 26
76 16 19
18 19 47
19 18 54
18 21 71
21 18 55
18 22 50
22 18 46
18 23 25
23 18 28
18 24 13
24 18 13
18 25 6
25 18 11
18 26 17
26 18 34
18 27 71
27 18 51
18 28 65
28 18 48
18 29 61
29 18 52
18 30 50
30 18 45
18 31 17
31 18 29
18 32 14
32 18 13
18 33 24
33 18 32
18 34 43
34 18 44
18 35 38
35 18 46
18 36 60
36 18 64
18 37 89
37 18 65
18 38 41
38 18 39
18 39 21
39 18 21
18 40 23
40 18 22
18 41 35
41 18 39
18 42 26
42 18 42
18 45 27
45 18 48
18 48 59
48 18 52
18 50 3
50 18 6
18 51 13
51 18 26
18 52 61
52 18 48
18 53 43
53 18 46
18 55 8
55 18 14
18 56 23
56 18 31
18 58 37
58 18 31
18 59 51
59 18 61
18 60 95
60 18 75
18 61 80
61 18 57
18 62 31
62 18 42
18 63 29
63 18 28
18 64 56
64 18 51
18 65 47
65 18 43
18 66 46
66 18 50
18 67 43
67 18 38
18 68 54
68 18 37
18 69 91
69 18 66
18 70 49
70 18 74
18 71 53
71 18 71
18 72 21
72 18 26
18 73 30
73 18 37
18 74 68
74 18 48
18 75 49
75 18 36
18 76 27
76 18 35
19 21 35
21 19 39
19 22 69
22 19 50
19 23 40
23 19 55
19 24 33
24 19 55
19 25 70
25 19 48
19 26 13
26 19 21
19 27 10
27 19 16
19 28 23
28 19 42
19 29 25
29 19 24
19 30 43
30 19 29
19 31 40
31 19 42
19 32 43
32 19 40
19 33 45
33 19 41
19 34 13
34 19 14
19 35 8
35 19 7
19 36 52
36 19 39
19 37 22
37 19 33
19 38 21
38 19 23
19 39 19
39 19 34
19 40 44
40 19 32
19 41 61
41 19 58
19 42 45
42 19 58
19 45 29
45 19 22
19 48 35
48 19 30
19 50 62
50 19 47
19 51 21
51 19 34
19 52 19
52 19 13
19 53 9
53 19 11
19 55 60
55 19 56
19 56 60
56 19 60
19 58 29
58 19 25
19 59 26
59 19 18
19 60 38
60 19 44
19 61 47
61 19 49
19 62 57
62 19 42
19 63 54
63 19 46
19 64 73
64 19 63
19 65 29
65 19 25
19 66 22
66 19 25
19 67 23
67 19 18
19 68 15
68 19 28
19 69 62
69 19 46
19 70 57
70 19 40
19 71 52
71 19 43
19 72 40
72 19 29
19 73 24
73 19 42
19 74 52
74 19 36
19 75 30
75 19 24
19 76 29
76 19 23
21 22 16
22 21 18
21 23 30
23 21 36
21 24 58
24 21 48
21 25 82
25 21 58
21 26 25
26 21 33
21 27 18
27 21 24
21 28 12
28 21 9
21 29 21
29 21 15
21 30 14
30 21 13
21 31 55
31 21 64
21 32 36
32 21 46
21 33 17
33 21 24
21 34 35
34 21 28
21 35 23
35 21 39
21 36 9
36 21 10
21 37 9
37 21 16
21 38 59
38 21 53
21 39 29
39 21 49
21 40 21
40 21 40
21 41 46
41 21 32
21 42 31
42 21 29
21 45 22
45 21 18
21 48 12
48 21 9
21 50 38
50 21 52
21 51 24
51 21 30
21 52 39
52 21 27
21 53 60
53 21 45
21 55 52
55 21 66
21 56 37
56 21 39
21 58 68
58 21 47
21 59 68
59 21 57
21 60 29
60 21 22
21 61 11
61 21 11
21 62 17
62 21 15
21 63 30
63 21 29
21 64 19
64 21 30
21 65 49
65 21 57
21 66 43
66 21 60
21 67 25
67 21 29
21 68 22
68 21 21
21 69 8
69 21 11
21 70 11
70 21 22
21 71 12
71 21 17
21 72 69
72 21 48
21 73 28
73 21 20
21 74 7
74 21 8
21 75 33
75 21 24
21 76 24
76 21 27
22 23 22
23 22 21
22 24 39
24 22 36
22 25 59
25 22 52
22 26 28
26 22 36
22 27 22
27 22 36
22 28 6
28 22 9
22 29 19
29 22 29
22 30 26
30 22 21
22 31 58
31 22 63
22 32 28
32 22 40
22 33 18
33 22 16
22 34 53
34 22 36
22 35 26
35 22 47
22 36 41
36 22 28
22 37 23
37 22 34
22 38 70
38 22 57
22 39 61
39 22 47
22 40 33
40 22 37
22 41 20
41 22 15
22 42 15
42 22 11
22 45 30
45 22 29
22 48 12
48 22 23
22 50 58
50 22 44
22 51 32
51 22 26
22 52 19
52 22 37
22 53 55
53 22 53
22 55 50
55 22 59
22 56 34
56 22 23
22 58 59
58 22 49
22 59 97
59 22 67
22 60 21
60 22 39
22 61 10
61 22 12
22 62 7
62 22 8
22 63 24
63 22 18
22 64 15
64 22 14
22 65 45
65 22 62
22 66 55
66 22 67
22 67 33
67 22 35
22 68 32
68 22 23
22 69 15
69 22 26
22 70 57
70 22 40
22 71 19
71 22 34
22 72 37
72 22 48
22 73 8
73 22 11
22 74 19
74 22 15
22 75 17
75 22 27
22 76 27
76 22 30
23 24 20
24 23 16
23 25 53
25 23 36
23 26 26
26 23 35
23 27 41
27 23 44
23 28 17
28 23 27
23 29 49
29 23 41
23 30 28
30 23 32
23 31 44
31 23 52
23 32 37
32 23 27
23 33 12
33 23 15
23 34 24
34 23 41
23 35 40
35 23 49
23 36 33
36 23 47
23 37 53
37 23 51
23 38 49
38 23 52
23 39 40
39 23 37
23 40 26
40 23 29
23 41 15
41 23 11
23 42 17
42 23 15
23 45 55
45 23 39
23 48 32
48 23 38
23 50 34
50 23 28
23 51 13
51 23 21
23 52 23
52 23 44
23 53 44
53 23 53
23 55 57
55 23 42
23 56 6
56 23 6
23 58 47
58 23 43
23 59 94
59 23 69
23 60 52
60 23 58
23 61 18
61 23 33
23 62 12
62 23 21
23 63 7
63 23 9
23 64 32
64 23 23
23 65 62
65 23 57
23 66 38
66 23 64
23 67 42
67 23 37
23 68 39
68 23 27
23 69 58
69 23 46
23 70 35
70 23 58
23 71 61
71 23 53
23 72 37
72 23 40
23 73 16
73 23 16
23 74 28
74 23 30
23 75 43
75 23 30
23 76 36
76 23 31
24 25 31
25 24 23
24 26 44
26 24 34
24 27 37
27 24 49
24 28 54
28 24 39
24 29 48
29 24 48
24 30 20
30 24 40
24 31 27
31 24 41
24 32 15
32 24 18
24 33 19
33 24 24
24 34 33
34 24 43
24 35 55
35 24 49
24 36 51
36 24 57
24 37 48
37 24 60
24 38 25
38 24 46
24 39 23
39 24 29
24 40 28
40 24 24
24 41 35
41 24 26
24 42 39
42 24 30
24 45 28
45 24 45
24 48 63
48 24 47
24 50 22
50 24 15
24 51 25
51 24 22
24 52 57
52 24 47
24 53 25
53 24 50
24 55 26
55 24 27
24 56 26
56 24 18
24 58 33
58 24 37
24 59 94
59 24 66
24 60 35
60 24 69
24 61 69
61 24 47
24 62 44
62 24 32
24 63 14
63 24 18
24 64 44
64 24 38
24 65 64
65 24 51
24 66 73
66 24 58
24 67 19
67 24 38
24 68 45
68 24 33
24 69 36
69 24 58
24 70 47
70 24 68
24 71 57
71 24 64
24 72 38
72 24 33
24 73 22
73 24 27
24 74 29
74 24 40
24 75 49
75 24 33
24 76 33
76 24 33
25 26 42
26 25 30
25 27 29
27 25 48
25 28 30
28 25 51
25 29 43
29 25 52
25 30 51
30 25 46
25 31 25
31 25 18
25 32 16
32 25 12
25 33 20
33 25 36
25 34 39
34 25 41
25 35 36
35 25 40
25 36 97
36 25 65
25 37 87
37 25 65
25 38 40
38 25 30
25 39 9
39 25 14
25 40 25
40 25 19
25 41 30
41 25 47
25 42 54
42 25 50
25 45 42
45 25 47
25 48 34
48 25 53
25 50 8
50 25 8
25 51 26
51 25 28
25 52 56
52 25 45
25 53 23
53 25 39
25 55 13
55 25 9
25 56 31
56 25 40
25 58 32
58 25 23
25 59 31
59 25 53
25 60 67
60 25 76
25 61 79
61 25 61
25 62 66
62 25 45
25 63 32
63 25 34
25 64 46
64 25 59
25 65 38
65 25 34
25 66 31
66 25 41
25 67 44
67 25 36
25 68 19
68 25 37
25 69 43
69 25 68
25 70 82
70 25 74
25 71 62
71 25 72
25 72 23
72 25 18
25 73 60
73 25 41
25 74 70
74 25 50
25 75 37
75 25 35
25 76 49
76 25 33
26 27 19
27 26 18
26 28 44
28 26 31
26 29 23
29 26 23
26 30 14
30 26 20
26 31 42
31 26 32
26 32 22
32 26 20
26 33 13
33 26 23
26 34 12
34 26 11
26 35 9
35 26 15
26 36 44
36 26 38
26 37 26
37 26 36
26 38 12
38 26 21
26 39 11
39 26 18
26 40 13
40 26 12
26 41 50
41 26 41
26 42 34
42 26 41
26 45 16
45 26 18
26 48 29
48 26 26
26 50 22
50 26 28
26 51 18
51 26 14
26 52 17
52 26 15
26 53 23
53 26 18
26 55 24
55 26 39
26 56 22
56 26 41
26 58 12
58 26 14
26 59 21
59 26 34
26 60 60
60 26 48
26 61 39
61 26 40
26 62 33
62 26 28
26 63 22
63 26 26
26 64 40
64 26 49
26 65 31
65 26 26
26 66 25
66 26 31
26 67 4
67 26 6
26 68 12
68 26 13
26 69 43
69 26 43
26 70 65
70 26 45
26 71 47
71 26 45
26 72 12
72 26 15
26 73 28
73 26 26
26 74 24
74 26 26
26 75 6
75 26 9
26 76 7
76 26 6
27 28 40
28 27 27
27 29 6
29 27 9
27 30 17
30 27 14
27 31 55
31 27 48
27 32 35
32 27 38
27 33 40
33 27 29
27 34 4
34 27 8
27 35 18
35 27 16
27 36 13
36 27 24
27 37 18
37 27 20
27 38 20
38 27 33
27 39 23
39 27 36
27 40 30
40 27 30
27 41 34
41 27 46
27 42 46
42 27 44
27 45 7
45 27 6
27 48 14
48 27 15
27 50 25
50 27 46
27 51 19
51 27 26
27 52 2
52 27 4
27 53 21
53 27 23
27 55 86
55 27 58
27 56 64
56 27 49
27 58 16
58 27 30
27 59 19
59 27 34
27 60 17
60 27 31
27 61 21
61 27 34
27 62 19
62 27 28
27 63 20
63 27 35
27 64 39
64 27 49
27 65 46
65 27 36
27 66 23
66 27 38
27 67 17
67 27 13
27 68 18
68 27 17
27 69 38
69 27 30
27 70 35
70 27 28
27 71 38
71 27 29
27 72 19
72 27 33
27 73 41
73 27 30
27 74 23
74 27 20
27 75 20
75 27 15
27 76 16
76 27 16
28 29 26
29 28 20
28 30 10
30 28 13
28 31 85
31 28 60
28 32 54
32 28 39
28 33 12
33 28 16
28 34 22
34 28 28
28 35 52
35 28 39
28 36 20
36 28 20
28 37 19
37 28 25
28 38 59
38 28 51
28 39 35
39 28 44
28 40 43
40 28 34
28 41 29
41 28 23
28 42 11
42 28 20
28 45 14
45 28 21
28 48 12
48 28 14
28 50 61
50 28 45
28 51 21
51 28 24
28 52 24
52 28 29
28 53 28
53 28 46
28 55 55
55 28 60
28 56 30
56 28 30
28 58 55
58 28 44
28 59 65
59 28 59
28 60 30
60 28 31
28 61 12
61 28 10
28 62 6
62 28 6
28 63 23
63 28 20
28 64 30
64 28 23
28 65 65
65 28 56
28 66 88
66 28 60
28 67 15
67 28 28
28 68 17
68 28 17
28 69 19
69 28 19
28 70 37
70 28 32
28 71 15
71 28 26
28 72 44
72 28 44
28 73 14
73 28 11
28 74 8
74 28 6
28 75 27
75 28 21
28 76 22
76 28 24
29 30 9
30 29 9
29 31 37
31 29 54
29 32 46
32 29 40
29 33 36
33 29 26
29 34 9
34 29 14
29 35 20
35 29 24
29 36 19
36 29 16
29 37 9
37 29 14
29 38 42
38 29 40
29 39 53
39 29 40
29 40 43
40 29 33
29 41 24
41 29 41
29 42 56
42 29 39
29 45 5
45 29 4
29 48 7
48 29 6
29 50 32
50 29 48
29 51 32
51 29 26
29 52 6
52 29 12
29 53 23
53 29 31
29 55 50
55 29 61
29 56 28
56 29 46
29 58 34
58 29 36
29 59 53
59 29 42
29 60 25
60 29 25
29 61 16
61 29 25
29 62 30
62 29 23
29 63 31
63 29 32
29 64 29
64 29 43
29 65 47
65 29 44
29 66 63
66 29 46
29 67 15
67 29 17
29 68 17
68 29 16
29 69 31
69 29 22
29 70 19
70 29 23
29 71 13
71 29 22
29 72 55
72 29 38
29 73 19
73 29 25
29 74 19
74 29 13
29 75 18
75 29 16
29 76 18
76 29 18
30 31 60
31 30 51
30 32 44
32 30 34
30 33 24
33 30 17
30 34 13
34 30 16
30 35 18
35 30 27
30 36 14
36 30 19
30 37 24
37 30 20
30 38 32
38 30 40
30 39 29
39 30 36
30 40 17
40 30 27
30 41 40
41 30 32
30 42 16
42 30 30
30 45 10
45 30 8
30 48 5
48 30 7
30 50 23
50 30 41
30 51 18
51 30 19
30 52 22
52 30 16
30 53 24
53 30 33
30 55 45
55 30 55
30 56 31
56 30 37
30 58 40
58 30 34
30 59 41
59 30 47
30 60 38
60 30 30
30 61 20
61 30 21
30 62 19
62 30 14
30 63 28
63 30 23
30 64 35
64 30 35
30 65 34
65 30 45
30 66 70
66 30 48
30 67 17
67 30 16
30 68 13
68 30 9
30 69 27
69 30 23
30 70 36
70 30 29
30 71 18
71 30 26
30 72 26
72 30 35
30 73 15
73 30 16
30 74 4
74 30 7
30 75 6
75 30 11
30 76 20
76 30 14
31 32 14
32 31 25
31 33 61
33 31 47
31 34 38
34 31 41
31 35 45
35 31 35
31 36 70
36 31 70
31 37 92
37 31 68
31 38 26
38 31 19
31 39 13
39 31 16
31 40 33
40 31 26
31 41 31
41 31 62
31 42 69
42 31 64
31 45 37
45 31 50
31 48 75
48 31 58
31 50 18
50 31 26
31 51 51
51 31 37
31 52 43
52 31 44
31 53 46
53 31 31
31 55 17
55 31 22
31 56 70
56 31 56
31 58 26
58 31 18
31 59 51
59 31 41
31 60 42
60 31 79
31 61 42
61 31 70
31 62 40
62 31 56
31 63 29
63 31 47
31 64 97
64 31 72
31 65 10
65 31 20
31 66 26
66 31 26
31 67 38
67 31 37
31 68 60
68 31 44
31 69 74
69 31 74
31 70 95
70 31 76
31 71 89
71 31 76
31 72 18
72 31 16
31 73 30
73 31 52
31 74 52
74 31 56
31 75 40
75 31 40
31 76 32
76 31 37
32 33 35
33 32 24
32 34 24
34 32 31
32 35 23
35 32 33
32 36 41
36 32 54
32 37 32
37 32 54
32 38 29
38 32 28
32 39 9
39 32 11
32 40 11
40 32 9
32 41 34
41 32 37
32 42 37
42 32 40
32 45 50
45 32 36
32 48 28
48 32 41
32 50 6
50 32 8
32 51 16
51 32 16
32 52 34
52 32 35
32 53 39
53 32 33
32 55 30
55 32 21
32 56 31
56 32 32
32 58 22
58 32 19
32 59 60
59 32 49
32 60 62
60 32 64
32 61 34
61 32 49
32 62 18
62 32 34
32 63 22
63 32 23
32 64 61
64 32 48
32 65 37
65 32 33
32 66 25
66 32 40
32 67 21
67 32 25
32 68 21
68 32 26
32 69 70
69 32 56
32 70 65
70 32 63
32 71 36
71 32 60
32 72 8
72 32 15
32 73 23
73 32 29
32 74 48
74 32 38
32 75 33
75 32 24
32 76 32
76 32 22
33 34 32
34 33 26
33 35 26
35 33 36
33 36 47
36 33 34
33 37 20
37 33 37
33 38 35
38 33 43
33 39 32
39 33 31
33 40 31
40 33 21
33 41 25
41 33 18
33 42 24
42 33 19
33 45 33
45 33 24
33 48 13
48 33 23
33 50 35
50 33 29
33 51 13
51 33 10
33 52 24
52 33 29
33 53 35
53 33 40
33 55 46
55 33 44
33 56 28
56 33 20
33 58 34
58 33 34
33 59 47
59 33 56
33 60 40
60 33 45
33 61 24
61 33 25
33 62 9
62 33 10
33 63 6
63 33 6
33 64 16
64 33 26
33 65 65
65 33 47
33 66 38
66 33 53
33 67 26
67 33 23
33 68 11
68 33 13
33 69 44
69 33 35
33 70 36
70 33 45
33 71 24
71 33 41
33 72 30
72 33 32
33 73 3
73 33 5
33 74 15
74 33 17
33 75 11
75 33 16
33 76 12
76 33 18
34 35 14
35 34 11
34 36 30
36 34 30
34 37 15
37 34 27
34 38 28
38 34 26
34 39 25
39 34 28
34 40 29
40 34 22
34 41 35
41 34 44
34 42 53
42 34 44
34 45 8
45 34 10
34 48 12
48 34 19
34 50 37
50 34 38
34 51 26
51 34 21
34 52 4
52 34 4
34 53 10
53 34 18
34 55 49
55 34 50
34 56 51
56 34 46
34 58 28
58 34 22
34 59 28
59 34 31
34 60 36
60 34 39
34 61 25
61 34 37
34 62 16
62 34 28
34 63 42
63 34 32
34 64 33
64 34 49
34 65 27
65 34 30
34 66 31
66 34 33
34 67 6
67 34 5
34 68 19
68 34 14
34 69 44
69 34 36
34 70 27
70 34 36
34 71 42
71 34 36
34 72 26
72 34 25
34 73 34
73 34 28
34 74 12
74 34 22
34 75 13
75 34 10
34 76 12
76 34 10
35 36 43
36 35 40
35 37 52
37 35 35
35 38 25
38 35 18
35 39 17
39 35 27
35 40 26
40 35 25
35 41 41
41 35 54
35 42 74
42 35 54
35 45 25
45 35 21
35 48 43
48 35 30
35 50 59
50 35 40
35 51 28
51 35 28
35 52 6
52 35 12
35 53 10
53 35 7
35 55 50
55 35 49
35 56 53
56 35 55
35 58 13
58 35 18
35 59 19
59 35 21
35 60 47
60 35 47
35 61 56
61 35 48
35 62 45
62 35 39
35 63 24
63 35 40
35 64 64
64 35 60
35 65 19
65 35 21
35 66 16
66 35 22
35 67 12
67 35 13
35 68 15
68 35 24
35 69 24
69 35 46
35 70 37
70 35 43
35 71 34
71 35 45
35 72 22
72 35 22
35 73 22
73 35 38
35 74 28
74 35 34
35 75 26
75 35 20
35 76 19
76 35 18
36 37 6
37 36 8
36 38 74
38 36 56
36 39 58
39 36 55
36 40 59
40 36 47
36 41 39
41 36 43
36 42 34
42 36 39
36 45 26
45 36 20
36 48 8
48 36 12
36 50 74
50 36 60
36 51 25
51 36 38
36 52 14
52 36 28
36 53 61
53 36 47
36 55 109
55 36 74
36 56 50
56 36 50
36 58 63
58 36 52
36 59 83
59 36 56
36 60 11
60 36 12
36 61 17
61 36 18
36 62 25
62 36 26
36 63 50
63 36 39
36 64 36
64 36 39
36 65 87
65 36 60
36 66 80
66 36 62
36 67 40
67 36 33
36 68 35
68 36 28
36 69 7
69 36 7
36 70 17
70 36 12
36 71 5
71 36 7
36 72 56
72 36 53
36 73 27
73 36 30
36 74 19
74 36 17
36 75 29
75 36 30
36 76 38
76 36 33
37 38 50
38 37 53
37 39 57
39 37 54
37 40 30
40 37 46
37 41 51
41 37 48
37 42 60
42 37 45
37 45 17
45 37 18
37 48 7
48 37 13
37 50 66
50 37 61
37 51 48
51 37 39
37 52 35
52 37 24
37 53 61
53 37 42
37 55 62
55 37 74
37 56 80
56 37 55
37 58 32
58 37 49
37 59 70
59 37 50
37 60 7
60 37 12
37 61 18
61 37 26
37 62 22
62 37 30
37 63 53
63 37 42
37 64 27
64 37 46
37 65 40
65 37 56
37 66 57
66 37 57
37 67 41
67 37 31
37 68 34
68 37 28
37 69 19
69 37 15
37 70 9
70 37 9
37 71 11
71 37 10
37 72 39
72 37 51
37 73 35
73 37 34
37 74 12
74 37 21
37 75 16
75 37 30
37 76 26
76 37 32
38 39 23
39 38 18
38 40 33
40 38 23
38 41 54
41 38 60
38 42 60
42 38 61
38 45 25
45 38 36
38 48 62
48 38 45
38 50 24
50 38 34
38 51 18
51 38 32
38 52 32
52 38 29
38 53 7
53 38 12
38 55 49
55 38 37
38 56 73
56 38 58
38 58 13
58 38 9
38 59 28
59 38 23
38 60 49
60 38 64
38 61 49
61 38 61
38 62 52
62 38 49
38 63 26
63 38 45
38 64 80
64 38 69
38 65 4
65 38 5
38 66 14
66 38 12
38 67 32
67 38 24
38 68 44
68 38 34
38 69 49
69 38 62
38 70 88
70 38 61
38 71 46
71 38 62
38 72 9
72 38 13
38 73 55
73 38 47
38 74 29
74 38 47
38 75 41
75 38 30
38 76 22
76 38 27
39 40 7
40 39 10
39 41 28
41 39 47
39 42 46
42 39 48
39 45 46
45 39 36
39 48 29
48 39 43
39 50 18
50 39 16
39 51 24
51 39 21
39 52 30
52 39 33
39 53 25
53 39 25
39 55 16
55 39 22
39 56 24
56 39 42
39 58 8
58 39 10
39 59 23
59 39 40
39 60 43
60 39 66
39 61 66
61 39 54
39 62 40
62 39 40
39 63 23
63 39 32
39 64 67
64 39 57
39 65 29
65 39 22
39 66 38
66 39 29
39 67 18
67 39 23
39 68 28
68 39 28
39 69 62
69 39 59
39 70 48
70 39 63
39 71 65
71 39 62
39 72 3
72 39 5
39 73 34
73 39 36
39 74 22
74 39 41
39 75 25
75 39 25
39 76 16
76 39 22
40 41 31
41 40 38
40 42 56
42 40 39
40 45 22
45 40 28
40 48 28
48 40 34
40 50 11
50 40 16
40 51 8
51 40 11
40 52 23
52 40 27
40 53 20
53 40 26
40 55 23
55 40 28
40 56 37
56 40 35
40 58 19
58 40 14
40 59 41
59 40 42
40 60 51
60 40 57
40 61 56
61 40 44
40 62 16
62 40 30
40 63 32
63 40 22
40 64 31
64 40 47
40 65 26
65 40 28
40 66 18
66 40 35
40 67 12
67 40 17
40 68 26
68 40 19
40 69 69
69 40 50
40 70 58
70 40 55
40 71 42
71 40 53
40 72 13
72 40 11
40 73 24
73 40 26
40 74 17
74 40 32
40 75 23
75 40 16
40 76 13
76 40 14
41 42 2
42 41 4
41 45 36
45 41 40
41 48 31
48 41 36
41 50 39
50 41 39
41 51 27
51 41 28
41 52 65
52 41 46
41 53 33
53 41 58
41 55 50
55 41 53
41 56 12
56 41 10
41 58 61
58 41 51
41 59 69
59 41 74
41 60 79
60 41 54
41 61 15
61 41 26
41 62 19
62 41 18
41 63 17
63 41 15
41 64 17
64 41 12
41 65 66
65 41 65
41 66 106
66 41 71
41 67 42
67 41 41
41 68 37
68 41 30
41 69 57
69 41 40
41 70 53
70 41 55
41 71 27
71 41 49
41 72 63
72 41 49
41 73 13
73 41 16
41 74 32
74 41 28
41 75 50
75 41 34
41 76 42
76 41 36
42 45 19
45 42 38
42 48 34
48 42 34
42 50 59
50 42 42
42 51 30
51 42 29
42 52 54
52 42 46
42 53 55
53 42 59
42 55 41
55 42 56
42 56 18
56 42 14
42 58 77
58 42 52
42 59 60
59 42 74
42 60 56
60 42 50
42 61 21
61 42 22
42 62 10
62 42 16
42 63 22
63 42 17
42 64 12
64 42 9
42 65 66
65 42 66
42 66 52
66 42 72
42 67 47
67 42 41
42 68 38
68 42 30
42 69 24
69 42 36
42 70 76
70 42 51
42 71 47
71 42 45
42 72 31
72 42 50
42 73 15
73 42 16
42 74 32
74 42 26
42 75 20
75 42 34
42 76 24
76 42 36
45 48 8
48 45 9
45 50 63
50 45 44
45 51 24
51 45 23
45 52 8
52 45 9
45 53 30
53 45 27
45 55 32
55 45 57
45 56 58
56 45 44
45 58 19
58 45 32
45 59 25
59 45 39
45 60 25
60 45 30
45 61 19
61 45 28
45 62 28
62 45 22
45 63 30
63 45 30
45 64 41
64 45 43
45 65 21
65 45 40
45 66 60
66 45 42
45 67 10
67 45 13
45 68 17
68 45 12
45 69 18
69 45 26
45 70 17
70 45 27
45 71 36
71 45 27
45 72 23
72 45 34
45 73 31
73 45 24
45 74 7
74 45 14
45 75 6
75 45 12
45 76 11
76 45 14
48 50 31
50 48 48
48 51 29
51 48 26
48 52 24
52 48 18
48 53 46
53 48 37
48 55 74
55 48 62
48 56 60
56 48 42
48 58 23
58 48 40
48 59 62
59 48 48
48 60 19
60 48 23
48 61 27
61 48 19
48 62 19
62 48 18
48 63 21
63 48 29
48 64 32
64 48 37
48 65 46
65 48 49
48 66 66
66 48 52
48 67 31
67 48 21
48 68 12
68 48 16
48 69 22
69 48 17
48 70 15
70 48 22
48 71 27
71 48 19
48 72 44
72 48 41
48 73 29
73 48 21
48 74 11
74 48 8
48 75 18
75 48 18
48 76 24
76 48 21
50 51 15
51 50 22
50 52 45
52 50 43
50 53 20
53 50 40
50 55 8
55 50 15
50 56 18
56 50 32
50 58 19
58 50 25
50 59 37
59 50 55
50 60 71
60 50 71
50 61 63
61 50 54
50 62 21
62 50 39
50 63 29
63 50 26
50 64 26
64 50 51
50 65 45
65 50 38
50 66 39
66 50 45
50 67 31
67 50 33
50 68 32
68 50 33
50 69 73
69 50 63
50 70 103
70 50 70
50 71 80
71 50 67
50 72 19
72 50 20
50 73 48
73 50 34
50 74 56
74 50 44
50 75 32
75 50 31
50 76 30
76 50 30
51 52 37
52 51 25
51 53 43
53 51 32
51 55 38
55 51 36
51 56 23
56 51 27
51 58 28
58 51 24
51 59 56
59 51 48
51 60 31
60 51 49
51 61 46
61 51 34
51 62 23
62 51 19
51 63 17
63 51 13
51 64 43
64 51 37
51 65 32
65 51 37
51 66 43
66 51 43
51 67 19
67 51 16
51 68 16
68 51 11
51 69 46
69 51 41
51 70 38
70 51 48
51 71 38
71 51 45
51 72 31
72 51 22
51 73 15
73 51 15
51 74 14
74 51 22
51 75 12
75 51 11
51 76 16
76 51 11
52 53 16
53 52 19
52 55 63
55 52 54
52 56 73
56 52 50
52 58 18
58 52 26
52 59 27
59 52 31
52 60 51
60 52 35
52 61 32
61 52 37
52 62 28
62 52 30
52 63 39
63 52 35
52 64 66
64 52 51
52 65 41
65 52 32
52 66 50
66 52 34
52 67 10
67 52 10
52 68 20
68 52 17
52 69 35
69 52 34
52 70 29
70 52 32
52 71 30
71 52 33
52 72 25
72 52 29
52 73 17
73 52 30
52 74 16
74 52 23
52 75 13
75 52 14
52 76 12
76 52 14
53 55 37
55 53 47
53 56 81
56 53 59
53 58 10
58 53 15
53 59 25
59 53 17
53 60 72
60 53 54
53 61 69
61 53 54
53 62 28
62 53 45
53 63 62
63 53 44
53 64 62
64 53 66
53 65 7
65 53 14
53 66 17
66 53 15
53 67 17
67 53 18
53 68 40
68 53 29
53 69 61
69 53 53
53 70 33
70 53 50
53 71 67
71 53 52
53 72 28
72 53 20
53 73 28
73 53 43
53 74 43
74 53 40
53 75 14
75 53 25
53 76 24
76 53 23
55 56 55
56 55 45
55 58 26
58 55 32
55 59 59
59 55 60
55 60 43
60 55 85
55 61 77
61 55 69
55 62 41
62 55 54
55 63 50
63 55 41
55 64 92
64 55 65
55 65 54
65 55 40
55 66 57
66 55 47
55 67 43
67 55 45
55 68 51
68 55 46
55 69 108
69 55 77
55 70 89
70 55 84
55 71 85
71 55 81
55 72 19
72 55 27
55 73 34
73 55 49
55 74 64
74 55 58
55 75 37
75 55 45
55 76 53
76 55 42
56 58 55
58 56 49
56 59 45
59 56 75
56 60 71
60 56 62
56 61 20
61 56 36
56 62 20
62 56 25
56 63 10
63 56 15
56 64 17
64 56 22
56 65 84
65 56 63
56 66 98
66 56 69
56 67 28
67 56 43
56 68 33
68 56 33
56 69 55
69 56 49
56 70 47
70 56 62
56 71 55
71 56 57
56 72 29
72 56 45
56 73 27
73 56 21
56 74 25
74 56 34
56 75 38
75 56 36
56 76 34
76 56 37
58 59 20
59 58 30
58 60 83
60 58 61
58 61 76
61 58 54
58 62 38
62 58 41
58 63 19
63 58 36
58 64 52
64 58 60
58 65 17
65 58 14
58 66 20
66 58 21
58 67 18
67 58 19
58 68 26
68 58 27
58 69 82
69 58 57
58 70 35
70 58 58
58 71 33
71 58 58
58 72 5
72 58 5
58 73 39
73 58 38
58 74 25
74 58 40
58 75 13
75 58 23
58 76 18
76 58 20
59 60 51
60 59 60
59 61 97
61 59 67
59 62 61
62 59 59
59 63 39
63 59 60
59 64 115
64 59 80
59 65 17
65 59 21
59 66 15
66 59 15
59 67 45
67 59 33
59 68 52
68 59 44
59 69 77
69 59 63
59 70 64
70 59 56
59 71 56
71 59 60
59 72 30
72 59 35
59 73 64
73 59 58
59 74 64
74 59 53
59 75 35
75 59 40
59 76 26
76 59 38
60 61 33
61 60 28
60 62 26
62 60 38
60 63 55
63 60 51
60 64 55
64 60 49
60 65 86
65 60 67
60 66 91
66 60 68
60 67 49
67 60 42
60 68 42
68 60 39
60 69 13
69 60 14
60 70 2
70 60 4
60 71 4
71 60 5
60 72 46
72 60 63
60 73 46
73 60 42
60 74 38
74 60 29
60 75 55
75 60 41
60 76 29
76 60 43
61 62 12
62 61 15
61 63 41
63 61 29
61 64 17
64 61 21
61 65 75
65 61 66
61 66 35
66 61 69
61 67 55
67 61 37
61 68 30
68 61 27
61 69 12
69 61 14
61 70 26
70 61 30
61 71 25
71 61 23
61 72 77
72 61 54
61 73 14
73 61 20
61 74 13
74 61 15
61 75 32
75 61 31
61 76 50
76 61 34
62 63 18
63 62 14
62 64 30
64 62 21
62 65 71
65 62 54
62 66 43
66 62 59
62 67 15
67 62 27
62 68 19
68 62 15
62 69 29
69 62 26
62 70 27
70 62 38
62 71 40
71 62 33
62 72 33
72 62 40
62 73 4
73 62 5
62 74 12
74 62 10
62 75 24
75 62 19
62 76 11
76 62 22
63 64 34
64 63 25
63 65 63
65 63 50
63 66 72
66 63 56
63 67 38
67 63 28
63 68 12
68 63 18
63 69 49
69 63 40
63 70 43
70 63 51
63 71 59
71 63 46
63 72 44
72 63 34
63 73 5
73 63 9
63 74 21
74 63 22
63 75 13
75 63 21
63 76 19
76 63 22
64 65 86
65 64 74
64 66 40
66 64 79
64 67 32
67 64 48
64 68 27
68 64 36
64 69 48
69 64 35
64 70 34
70 64 51
64 71 62
71 64 44
64 72 57
72 64 59
64 73 16
73 64 22
64 74 21
74 64 29
64 75 27
75 64 40
64 76 41
76 64 43
65 66 5
66 65 7
65 67 17
67 65 28
65 68 44
68 65 39
65 69 56
69 65 66
65 70 94
70 65 64
65 71 72
71 65 66
65 72 14
72 65 18
65 73 52
73 65 51
65 74 35
74 65 51
65 75 32
75 65 34
65 76 35
76 65 32
66 67 33
67 66 32
66 68 46
68 66 43
66 69 40
69 66 68
66 70 77
70 66 65
66 71 40
71 66 67
66 72 35
72 66 25
66 73 66
73 66 57
66 74 31
74 66 55
66 75 28
75 66 39
66 76 25
76 66 36
67 68 10
68 67 11
67 69 34
69 67 38
67 70 25
70 67 40
67 71 31
71 67 40
67 72 17
72 67 21
67 73 30
73 67 25
67 74 13
74 67 23
67 75 5
75 67 7
67 76 3
76 67 5
68 69 46
69 68 31
68 70 30
70 68 38
68 71 30
71 68 35
68 72 31
72 68 27
68 73 16
73 68 14
68 74 17
74 68 13
68 75 5
75 68 4
68 76 10
76 68 7
69 70 13
70 69 16
69 71 10
71 69 9
69 72 33
72 69 58
69 73 32
73 69 30
69 74 17
74 69 19
69 75 25
75 69 34
69 76 50
76 69 37
70 71 7
71 70 8
70 72 59
72 70 61
70 73 40
73 70 42
70 74 31
74 70 29
70 75 53
75 70 39
70 76 61
76 70 41
71 72 59
72 71 60
71 73 40
73 71 37
71 74 35
74 71 24
71 75 40
75 71 37
71 76 55
76 71 40
72 73 53
73 72 37
72 74 36
74 72 40
72 75 18
75 72 24
72 76 21
76 72 21
73 74 12
74 73 14
73 75 12
75 73 18
73 76 22
76 73 21
74 75 9
75 74 17
74 76 23
76 74 20
75 76 4
76 75 3
