1 6 19 0 650

160 174

1 5 3 37 52

5 11 40 30
12 11 31 32
14 13 12 42
15 14 36 16
23 17 16 57
24 11 8 52
2 17 49 49
3 12 52 64
4 13 20 26
6 17 21 47
7 17 17 63
8 15 31 62
9 16 52 33
10 12 51 21
11 14 42 41
13 11 5 25
16 12 52 41
17 13 27 23
18 17 17 33
19 13 13 13
20 17 57 58
21 14 62 42
22 12 42 57
25 12 7 38
26 17 27 68


1 5 30
5 1 22
1 12 24
12 1 21
1 14 40
14 1 27
1 15 48
15 1 36
1 23 23
23 1 22
1 24 36
24 1 29
1 2 7
2 1 12
1 3 15
3 1 19
1 4 35
4 1 31
1 6 25
6 1 17
1 7 19
7 1 23
1 8 8
8 1 12
1 9 16
9 1 24
1 10 30
10 1 34
1 11 8
11 1 12
1 13 50
13 1 42
1 16 18
16 1 19
1 17 25
17 1 31
1 18 33
18 1 28
1 19 38
19 1 46
1 20 28
20 1 21
1 21 16
21 1 27
1 22 9
22 1 7
1 25 44
25 1 33
1 26 10
26 1 19
5 12 10
12 5 9
5 14 37
14 5 30
5 15 20
15 5 15
5 23 29
23 5 36
5 24 54
24 5 39
5 2 21
2 5 21
5 3 32
3 5 36
5 4 18
4 5 20
5 6 28
6 5 25
5 7 44
7 5 40
5 8 40
8 5 33
5 9 8
9 5 12
5 10 17
10 5 14
5 11 8
11 5 11
5 13 51
13 5 35
5 16 21
16 5 16
5 17 17
17 5 15
5 18 23
18 5 23
5 19 22
19 5 32
5 20 22
20 5 33
5 21 32
21 5 25
5 22 16
22 5 27
5 25 46
25 5 34
5 26 58
26 5 40
12 14 29
14 12 21
12 15 14
15 12 17
12 23 43
23 12 29
12 24 39
24 12 30
12 2 15
2 12 25
12 3 38
3 12 38
12 4 10
4 12 13
12 6 23
6 12 18
12 7 31
7 12 34
12 8 32
8 12 30
12 9 26
9 12 21
12 10 32
10 12 23
12 11 12
11 12 14
12 13 40
13 12 27
12 16 23
16 12 23
12 17 6
17 12 10
12 18 15
18 12 14
12 19 28
19 12 26
12 20 36
20 12 37
12 21 38
21 12 33
12 22 39
22 12 27
12 25 20
25 12 25
12 26 51
26 12 36
14 15 18
15 14 35
14 23 9
23 14 16
14 24 16
24 14 11
14 2 19
2 14 38
14 3 34
3 14 45
14 4 24
4 14 18
14 6 5
6 14 10
14 7 29
7 14 22
14 8 36
8 14 28
14 9 52
9 14 41
14 10 54
10 14 44
14 11 40
11 14 30
14 13 11
13 14 18
14 16 31
16 14 40
14 17 26
17 14 24
14 18 11
18 14 10
14 19 16
19 14 29
14 20 60
20 14 48
14 21 56
21 14 50
14 22 36
22 14 34
14 25 3
25 14 6
14 26 15
26 14 30
15 23 26
23 15 46
15 24 25
24 15 46
15 2 26
2 15 35
15 3 34
3 15 51
15 4 13
4 15 19
15 6 50
6 15 34
15 7 55
7 15 51
15 8 52
8 15 46
15 9 27
9 15 23
15 10 15
10 15 16
15 11 35
11 15 26
15 13 32
13 15 32
15 16 39
16 15 30
15 17 13
17 15 11
15 18 33
18 15 25
15 19 23
19 15 23
15 20 44
20 15 47
15 21 29
21 15 37
15 22 48
22 15 41
15 25 48
25 15 36
15 26 43
26 15 53
23 24 7
24 23 9
23 2 22
2 23 34
23 3 19
3 23 37
23 4 28
4 23 31
23 6 9
6 23 11
23 7 5
7 23 6
23 8 22
8 23 16
23 9 25
9 23 43
23 10 40
10 23 50
23 11 45
11 23 31
23 13 35
13 23 34
23 16 34
16 23 39
23 17 42
17 23 36
23 18 22
18 23 24
23 19 65
19 23 44
23 20 42
20 23 41
23 21 60
21 23 48
23 22 28
22 23 26
23 25 22
25 23 21
23 26 13
26 23 16
24 2 52
2 24 41
24 3 39
3 24 46
24 4 15
4 24 29
24 6 17
6 24 14
24 7 10
7 24 14
24 8 24
8 24 25
24 9 33
9 24 48
24 10 71
10 24 53
24 11 52
11 24 36
24 13 31
13 24 27
24 16 66
16 24 45
24 17 40
17 24 35
24 18 15
18 24 21
24 19 55
19 24 39
24 20 70
20 24 49
24 21 39
21 24 55
24 22 39
22 24 34
24 25 12
25 24 14
24 26 22
26 24 25
2 3 9
3 2 15
2 4 46
4 2 37
2 6 32
6 2 28
2 7 22
7 2 35
2 8 32
8 2 22
2 9 23
9 2 16
2 10 23
10 2 28
2 11 6
11 2 11
2 13 68
13 2 50
2 16 8
16 2 9
2 17 49
17 2 34
2 18 26
18 2 36
2 19 37
19 2 51
2 20 12
20 2 12
2 21 19
21 2 15
2 22 6
22 2 11
2 25 35
25 2 43
2 26 25
26 2 29
3 4 37
4 3 50
3 6 30
6 3 35
3 7 26
7 3 35
3 8 24
8 3 21
3 9 40
9 3 31
3 10 30
10 3 43
3 11 34
11 3 25
3 13 84
13 3 61
3 16 27
16 3 23
3 17 61
17 3 48
3 18 36
18 3 47
3 19 84
19 3 64
3 20 9
20 3 8
3 21 30
21 3 24
3 22 11
22 3 12
3 25 54
25 3 51
3 26 37
26 3 25
4 6 16
6 4 21
4 7 47
7 4 37
4 8 41
8 4 38
4 9 42
9 4 32
4 10 19
10 4 31
4 11 40
11 4 27
4 13 17
13 4 15
4 16 30
16 4 35
4 17 5
17 4 8
4 18 11
18 4 8
4 19 11
19 4 15
4 20 60
20 4 49
4 21 31
21 4 45
4 22 35
22 4 38
4 25 15
25 4 18
4 26 38
26 4 43
6 7 10
7 6 16
6 8 26
8 6 18
6 9 30
9 6 34
6 10 43
10 6 40
6 11 26
11 6 22
6 13 21
13 6 27
6 16 17
16 6 32
6 17 13
17 6 25
6 18 10
18 6 15
6 19 20
19 6 35
6 20 49
20 6 38
6 21 61
21 6 41
6 22 23
22 6 23
6 25 22
25 6 16
6 26 26
26 6 22
7 8 20
8 7 14
7 9 59
9 7 46
7 10 76
10 7 54
7 11 25
11 7 33
7 13 35
13 7 40
7 16 37
16 7 41
7 17 29
17 7 41
7 18 23
18 7 30
7 19 46
19 7 50
7 20 58
20 7 40
7 21 26
21 7 50
7 22 17
22 7 26
7 25 19
25 7 27
7 26 12
26 7 11
8 9 46
9 8 36
8 10 63
10 8 46
8 11 22
11 8 24
8 13 59
13 8 45
8 16 28
16 8 30
8 17 47
17 8 39
8 18 26
18 8 32
8 19 55
19 8 52
8 20 28
20 8 26
8 21 54
21 8 37
8 22 7
22 8 12
8 25 42
25 8 34
8 26 4
26 8 7
9 10 9
10 9 12
9 11 13
11 9 13
9 13 43
13 9 48
9 16 4
16 9 8
9 17 33
17 9 27
9 18 43
18 9 35
9 19 37
19 9 44
9 20 24
20 9 25
9 21 9
21 9 13
9 22 33
22 9 26
9 25 61
25 9 45
9 26 60
26 9 43
10 11 17
11 10 22
10 13 57
13 10 46
10 16 28
16 10 20
10 17 25
17 10 24
10 18 47
18 10 36
10 19 26
19 10 39
10 20 28
20 10 37
10 21 25
21 10 24
10 22 21
22 10 37
10 25 34
25 10 47
10 26 59
26 10 53
11 13 40
13 11 40
11 16 8
16 11 10
11 17 28
17 11 23
11 18 28
18 11 26
11 19 55
19 11 40
11 20 12
20 11 23
11 21 13
21 11 20
11 22 20
22 11 16
11 25 34
25 11 35
11 26 17
26 11 31
13 16 62
16 13 50
13 17 32
17 13 22
13 18 9
18 13 14
13 19 14
19 13 14
13 20 60
20 13 61
13 21 51
21 13 59
13 22 46
22 13 49
13 25 17
25 13 13
13 26 55
26 13 48
16 17 23
17 16 31
16 18 47
18 16 36
16 19 56
19 16 48
16 20 21
20 16 18
16 21 12
21 16 10
16 22 27
22 16 19
16 25 65
25 16 45
16 26 42
26 16 37
17 18 8
18 17 14
17 19 9
19 17 17
17 20 38
20 17 46
17 21 54
21 17 40
17 22 42
22 17 37
17 25 22
25 17 25
17 26 49
26 17 45
18 19 16
19 18 20
18 20 48
20 18 47
18 21 45
21 18 46
18 22 37
22 18 35
18 25 11
25 18 11
18 26 35
26 18 36
19 20 44
20 19 63
19 21 59
21 19 57
19 22 46
22 19 53
19 25 34
25 19 26
19 26 78
26 19 57
20 21 25
21 20 17
20 22 10
22 20 15
20 25 44
25 20 54
20 26 24
26 20 32
21 22 15
22 21 25
21 25 54
25 21 55
21 26 30
26 21 44
22 25 55
25 22 40
22 26 22
26 22 19
25 26 27
26 25 36
