1 37 38 0 5700

312 384

1 5 9 22 22

2 9 36 26
3 9 21 45
5 8 55 20
6 9 33 34
7 12 50 50
10 9 40 66
12 11 35 51
13 12 62 35
22 10 26 13
24 12 7 43
26 11 41 46
29 11 52 26
30 12 43 26
31 10 31 76
33 11 26 29
34 9 50 40
36 9 54 10
37 10 60 15
39 11 30 60
40 9 30 50
44 12 21 48
47 12 50 15
49 10 12 38
50 8 15 56
51 12 29 39
53 11 55 57
57 9 65 27
60 8 64 4
62 8 30 20
63 10 20 30
65 10 50 70
66 9 57 72
69 10 50 4
70 11 66 8
72 10 35 60
74 12 40 20
76 12 40 40
4 10 45 35
8 10 55 45
9 12 26 59
11 12 55 65
14 11 62 57
15 10 62 24
16 12 21 36
17 10 33 44
18 9 9 56
19 12 62 48
20 9 66 14
21 10 44 13
23 12 11 28
25 12 17 64
27 12 55 34
28 9 35 16
32 10 22 53
35 10 55 50
38 10 47 66
41 11 12 17
42 9 15 14
43 10 16 19
45 12 50 30
46 10 51 42
48 9 48 21
52 10 54 38
54 9 67 41
55 9 10 70
56 11 6 25
58 10 40 60
59 12 70 64
61 10 36 6
64 10 15 5
67 8 45 42
68 9 38 33
71 12 59 5
73 9 27 24
75 8 40 37


1 2 19
2 1 15
1 3 21
3 1 23
1 5 46
5 1 33
1 6 14
6 1 16
1 7 33
7 1 39
1 10 65
10 1 48
1 12 33
12 1 32
1 13 28
13 1 42
1 22 10
22 1 10
1 24 30
24 1 26
1 26 36
26 1 30
1 29 17
29 1 30
1 30 30
30 1 21
1 31 69
31 1 55
1 33 10
33 1 8
1 34 19
34 1 33
1 36 32
36 1 34
1 37 56
37 1 39
1 39 25
39 1 39
1 40 27
40 1 29
1 44 38
44 1 26
1 47 17
47 1 29
1 49 13
49 1 19
1 50 39
50 1 35
1 51 20
51 1 18
1 53 35
53 1 48
1 57 47
57 1 43
1 60 35
60 1 45
1 62 7
62 1 8
1 63 5
63 1 8
1 65 79
65 1 55
1 66 78
66 1 61
1 69 41
69 1 33
1 70 47
70 1 46
1 72 44
72 1 40
1 74 23
74 1 18
1 76 28
76 1 25
1 4 21
4 1 26
1 8 26
8 1 40
1 9 29
9 1 37
1 11 54
11 1 54
1 14 49
14 1 53
1 15 56
15 1 40
1 16 17
16 1 14
1 17 19
17 1 25
1 18 42
18 1 36
1 19 69
19 1 47
1 20 25
20 1 45
1 21 26
21 1 24
1 23 17
23 1 13
1 25 24
25 1 42
1 27 37
27 1 35
1 28 17
28 1 14
1 32 43
32 1 31
1 35 47
35 1 43
1 38 49
38 1 51
1 41 13
41 1 11
1 42 6
42 1 11
1 43 6
43 1 7
1 45 37
45 1 29
1 46 29
46 1 35
1 48 22
48 1 26
1 52 43
52 1 35
1 54 63
54 1 48
1 55 38
55 1 49
1 56 14
56 1 16
1 58 36
58 1 42
1 59 75
59 1 63
1 61 17
61 1 21
1 64 16
64 1 18
1 67 22
67 1 30
1 68 23
68 1 19
1 71 45
71 1 40
1 73 7
73 1 5
1 75 14
75 1 23
2 3 26
3 2 24
2 5 16
5 2 20
2 6 11
6 2 9
2 7 18
7 2 28
2 10 22
10 2 40
2 12 23
12 2 25
2 13 30
13 2 28
2 22 20
22 2 16
2 24 38
24 2 34
2 26 22
26 2 21
2 29 11
29 2 16
2 30 5
30 2 7
2 31 71
31 2 50
2 33 13
33 2 10
2 34 18
34 2 20
2 36 13
36 2 24
2 37 14
37 2 26
2 39 17
39 2 34
2 40 13
40 2 25
2 44 24
44 2 27
2 47 11
47 2 18
2 49 38
49 2 27
2 50 29
50 2 37
2 51 8
51 2 15
2 53 43
53 2 36
2 57 27
57 2 29
2 60 53
60 2 36
2 62 4
62 2 8
2 63 15
63 2 16
2 65 51
65 2 46
2 66 49
66 2 50
2 69 33
69 2 26
2 70 27
70 2 35
2 72 50
72 2 34
2 74 10
74 2 7
2 76 10
76 2 14
2 4 19
4 2 13
2 8 37
8 2 27
2 9 45
9 2 34
2 11 48
11 2 43
2 14 58
14 2 40
2 15 24
15 2 26
2 16 10
16 2 18
2 17 15
17 2 18
2 18 38
18 2 40
2 19 37
19 2 34
2 20 30
20 2 32
2 21 16
21 2 15
2 23 28
23 2 25
2 25 25
25 2 42
2 27 22
27 2 21
2 28 7
28 2 10
2 32 33
32 2 30
2 35 28
35 2 31
2 38 36
38 2 41
2 41 34
41 2 26
2 42 24
42 2 24
2 43 31
43 2 21
2 45 10
45 2 15
2 46 22
46 2 22
2 48 15
48 2 13
2 52 29
52 2 22
2 54 26
54 2 34
2 55 76
55 2 51
2 56 18
56 2 30
2 58 28
58 2 34
2 59 65
59 2 51
2 61 25
61 2 20
2 64 29
64 2 29
2 67 17
67 2 18
2 68 9
68 2 7
2 71 20
71 2 31
2 73 9
73 2 9
2 75 6
75 2 11
3 5 38
5 3 42
3 6 16
6 3 16
3 7 34
7 3 29
3 10 19
10 3 28
3 12 22
12 3 15
3 13 28
13 3 42
3 22 17
22 3 32
3 24 11
24 3 14
3 26 29
26 3 20
3 29 25
29 3 36
3 30 27
30 3 29
3 31 27
31 3 33
3 33 19
33 3 17
3 34 34
34 3 29
3 36 57
36 3 48
3 37 38
37 3 49
3 39 17
39 3 17
3 40 10
40 3 10
3 44 2
44 3 3
3 47 54
47 3 41
3 49 6
49 3 11
3 50 17
50 3 13
3 51 10
51 3 10
3 53 30
53 3 36
3 57 32
57 3 48
3 60 36
60 3 59
3 62 39
62 3 27
3 63 14
63 3 15
3 65 44
65 3 38
3 66 44
66 3 45
3 69 54
69 3 50
3 70 54
70 3 58
3 72 12
72 3 21
3 74 32
74 3 31
3 76 22
76 3 20
3 4 28
4 3 26
3 8 25
8 3 34
3 9 13
9 3 15
3 11 24
11 3 39
3 14 24
14 3 43
3 15 29
15 3 46
3 16 9
16 3 9
3 17 12
17 3 12
3 18 18
18 3 16
3 19 53
19 3 41
3 20 47
20 3 55
3 21 26
21 3 39
3 23 22
23 3 20
3 25 25
25 3 19
3 27 53
27 3 36
3 28 46
28 3 32
3 32 9
32 3 8
3 35 46
35 3 34
3 38 49
38 3 33
3 41 43
41 3 29
3 42 45
42 3 32
3 43 31
43 3 26
3 45 19
45 3 33
3 46 28
46 3 30
3 48 25
48 3 36
3 52 43
52 3 33
3 54 68
54 3 46
3 55 23
55 3 27
3 56 13
56 3 25
3 58 32
58 3 24
3 59 36
59 3 52
3 61 23
61 3 42
3 64 47
64 3 40
3 67 33
67 3 24
3 68 22
68 3 21
3 71 46
71 3 54
3 73 32
73 3 22
3 75 28
75 3 21
5 6 18
6 5 26
5 7 35
7 5 30
5 10 31
10 5 48
5 12 29
12 5 37
5 13 14
13 5 17
5 22 23
22 5 30
5 24 67
24 5 53
5 26 43
26 5 30
5 29 6
29 5 7
5 30 11
30 5 13
5 31 44
31 5 61
5 33 25
33 5 30
5 34 12
34 5 21
5 36 5
36 5 10
5 37 9
37 5 7
5 39 59
39 5 47
5 40 51
40 5 39
5 44 58
44 5 44
5 47 4
47 5 7
5 49 56
49 5 46
5 50 66
50 5 54
5 51 17
51 5 32
5 53 24
53 5 37
5 57 13
57 5 12
5 60 17
60 5 18
5 62 36
62 5 25
5 63 47
63 5 36
5 65 70
65 5 50
5 66 42
66 5 52
5 69 23
69 5 17
5 70 14
70 5 16
5 72 54
72 5 45
5 74 14
74 5 15
5 76 16
76 5 25
5 4 9
4 5 18
5 8 26
8 5 25
5 9 65
9 5 49
5 11 55
11 5 45
5 14 25
14 5 38
5 15 10
15 5 8
5 16 24
16 5 38
5 17 43
17 5 33
5 18 45
18 5 58
5 19 27
19 5 29
5 20 7
20 5 13
5 21 10
21 5 13
5 23 31
23 5 45
5 25 52
25 5 58
5 27 19
27 5 14
5 28 23
28 5 20
5 32 65
32 5 47
5 35 16
35 5 30
5 38 24
38 5 46
5 41 31
41 5 43
5 42 43
42 5 40
5 43 23
43 5 39
5 45 15
45 5 11
5 46 23
46 5 22
5 48 4
48 5 7
5 52 10
52 5 18
5 54 20
54 5 24
5 55 37
55 5 67
5 56 51
56 5 49
5 58 40
58 5 43
5 59 66
59 5 46
5 61 25
61 5 24
5 64 45
64 5 43
5 67 12
67 5 24
5 68 31
68 5 21
5 71 8
71 5 16
5 73 32
73 5 28
5 75 33
75 5 23
6 7 27
7 6 23
6 10 17
10 6 33
6 12 19
12 6 17
6 13 19
13 6 29
6 22 22
22 6 22
6 24 25
24 6 28
6 26 17
26 6 14
6 29 30
29 6 21
6 30 16
30 6 13
6 31 50
31 6 42
6 33 11
33 6 9
6 34 22
34 6 18
6 36 26
36 6 32
6 37 21
37 6 33
6 39 38
39 6 26
6 40 13
40 6 16
6 44 21
44 6 18
6 47 14
47 6 25
6 49 22
49 6 21
6 50 19
50 6 28
6 51 4
51 6 6
6 53 31
53 6 32
6 57 38
57 6 32
6 60 27
60 6 43
6 62 19
62 6 14
6 63 9
63 6 14
6 65 36
65 6 40
6 66 28
66 6 45
6 69 42
69 6 34
6 70 29
70 6 42
6 72 16
72 6 26
6 74 8
74 6 16
6 76 7
76 6 9
6 4 6
4 6 12
6 8 23
8 6 25
6 9 36
9 6 26
6 11 55
11 6 38
6 14 21
14 6 37
6 15 36
15 6 31
6 16 6
16 6 12
6 17 10
17 6 10
6 18 22
18 6 33
6 19 32
19 6 32
6 20 53
20 6 39
6 21 27
21 6 24
6 23 25
23 6 23
6 25 22
25 6 34
6 27 30
27 6 22
6 28 14
28 6 18
6 32 26
32 6 22
6 35 17
35 6 27
6 38 39
38 6 35
6 41 33
41 6 27
6 42 19
42 6 27
6 43 30
43 6 23
6 45 9
45 6 17
6 46 20
46 6 20
6 48 17
48 6 20
6 52 27
52 6 21
6 54 45
54 6 34
6 55 50
55 6 42
6 56 26
56 6 28
6 58 40
58 6 27
6 59 43
59 6 47
6 61 36
61 6 28
6 64 34
64 6 34
6 67 19
67 6 14
6 68 7
68 6 5
6 71 48
71 6 38
6 73 12
73 6 12
6 75 10
75 6 8
7 10 26
10 7 19
7 12 11
12 7 15
7 13 18
13 7 19
7 22 54
22 7 44
7 24 45
24 7 44
7 26 8
26 7 10
7 29 29
29 7 24
7 30 34
30 7 25
7 31 25
31 7 32
7 33 23
33 7 32
7 34 14
34 7 10
7 36 45
36 7 40
7 37 43
37 7 36
7 39 15
39 7 22
7 40 11
40 7 20
7 44 35
44 7 29
7 47 45
47 7 35
7 49 30
49 7 40
7 50 39
50 7 36
7 51 35
51 7 24
7 53 13
53 7 9
7 57 16
57 7 27
7 60 52
60 7 48
7 62 21
62 7 36
7 63 45
63 7 36
7 65 19
65 7 20
7 66 24
66 7 23
7 69 47
69 7 46
7 70 46
70 7 45
7 72 26
72 7 18
7 74 18
74 7 32
7 76 13
76 7 14
7 4 21
4 7 16
7 8 7
8 7 7
7 9 33
9 7 26
7 11 16
11 7 16
7 14 10
14 7 14
7 15 33
15 7 29
7 16 45
16 7 32
7 17 19
17 7 18
7 18 59
18 7 41
7 19 7
19 7 12
7 20 50
20 7 39
7 21 27
21 7 37
7 23 54
23 7 45
7 25 33
25 7 36
7 27 16
27 7 17
7 28 29
28 7 37
7 32 30
32 7 28
7 35 3
35 7 5
7 38 22
38 7 16
7 41 73
41 7 50
7 42 51
42 7 50
7 43 68
43 7 46
7 45 14
45 7 20
7 46 6
46 7 8
7 48 18
48 7 29
7 52 10
52 7 13
7 54 21
54 7 19
7 55 36
55 7 44
7 56 71
56 7 51
7 58 17
58 7 14
7 59 22
59 7 24
7 61 62
61 7 46
7 64 76
64 7 57
7 67 5
67 7 9
7 68 27
68 7 20
7 71 25
71 7 46
7 73 35
73 7 34
7 75 21
75 7 16
10 12 16
12 10 16
10 13 43
13 10 38
10 22 41
22 10 55
10 24 43
24 10 40
10 26 13
26 10 20
10 29 43
29 10 42
10 30 57
30 10 40
10 31 11
31 10 13
10 33 20
33 10 40
10 34 24
34 10 28
10 36 67
36 10 58
10 37 39
37 10 55
10 39 17
39 10 12
10 40 13
40 10 19
10 44 17
44 10 26
10 47 71
47 10 52
10 49 54
49 10 39
10 50 16
50 10 27
10 51 23
51 10 29
10 53 15
53 10 17
10 57 37
57 10 46
10 60 33
60 10 66
10 62 25
62 10 47
10 63 31
63 10 41
10 65 11
65 10 11
10 66 24
66 10 18
10 69 52
69 10 63
10 70 91
70 10 63
10 72 9
72 10 8
10 74 66
74 10 46
10 76 15
76 10 26
10 4 38
4 10 31
10 8 20
8 10 26
10 9 17
9 10 16
10 11 21
11 10 15
10 14 15
14 10 24
10 15 54
15 10 47
10 16 21
16 10 36
10 17 34
17 10 23
10 18 34
18 10 33
10 19 40
19 10 28
10 20 48
20 10 58
10 21 78
21 10 53
10 23 52
23 10 48
10 25 19
25 10 23
10 27 38
27 10 35
10 28 35
28 10 50
10 32 28
32 10 22
10 35 30
35 10 22
10 38 7
38 10 7
10 41 45
41 10 56
10 42 36
42 10 58
10 43 54
43 10 53
10 45 47
45 10 37
10 46 13
46 10 26
10 48 34
48 10 46
10 52 42
52 10 31
10 54 30
54 10 37
10 55 38
55 10 30
10 56 77
56 10 53
10 58 7
58 10 6
10 59 15
59 10 30
10 61 39
61 10 60
10 64 33
64 10 66
10 67 29
67 10 25
10 68 20
68 10 33
10 71 87
71 10 64
10 73 51
73 10 44
10 75 25
75 10 29
12 13 30
13 12 31
12 22 21
22 12 39
12 24 30
24 12 29
12 26 8
26 12 8
12 29 36
29 12 30
12 30 18
30 12 26
12 31 22
31 12 25
12 33 34
33 12 24
12 34 15
34 12 19
12 36 53
36 12 45
12 37 65
37 12 44
12 39 11
39 12 10
12 40 6
40 12 5
12 44 8
44 12 14
12 47 23
47 12 39
12 49 37
49 12 26
12 50 17
50 12 21
12 51 9
51 12 13
12 53 16
53 12 21
12 57 33
57 12 38
12 60 37
60 12 55
12 62 30
62 12 31
12 63 16
63 12 26
12 65 31
65 12 24
12 66 44
66 12 30
12 69 51
69 12 49
12 70 79
70 12 53
12 72 11
72 12 9
12 74 26
74 12 31
12 76 12
76 12 12
12 4 18
4 12 19
12 8 21
8 12 21
12 9 16
9 12 12
12 11 26
11 12 24
12 14 40
14 12 28
12 15 22
15 12 38
12 16 11
16 12 21
12 17 5
17 12 7
12 18 29
18 12 26
12 19 38
19 12 27
12 20 54
20 12 48
12 21 42
21 12 39
12 23 39
23 12 33
12 25 12
25 12 22
12 27 13
27 12 26
12 28 24
28 12 35
12 32 17
32 12 13
12 35 18
35 12 20
12 38 17
38 12 19
12 41 42
41 12 41
12 42 49
42 12 42
12 43 45
43 12 37
12 45 37
45 12 26
12 46 25
46 12 18
12 48 34
48 12 33
12 52 17
52 12 23
12 54 27
54 12 34
12 55 19
55 12 31
12 56 31
56 12 39
12 58 13
58 12 10
12 59 35
59 12 37
12 61 24
61 12 45
12 64 40
64 12 50
12 67 7
67 12 13
12 68 14
68 12 18
12 71 31
71 12 52
12 73 35
73 12 28
12 75 17
75 12 15
13 22 57
22 13 42
13 24 42
24 13 56
13 26 17
26 13 24
13 29 10
29 13 13
13 30 15
30 13 21
13 31 26
31 13 51
13 33 24
33 13 36
13 34 8
34 13 13
13 36 38
36 13 26
13 37 27
37 13 20
13 39 40
39 13 41
13 40 52
40 13 35
13 44 45
44 13 43
13 47 19
47 13 23
13 49 27
49 13 50
13 50 67
50 13 51
13 51 26
51 13 33
13 53 26
53 13 23
13 57 8
57 13 9
13 60 19
60 13 31
13 62 51
62 13 35
13 63 30
63 13 42
13 65 39
65 13 37
13 66 50
66 13 37
13 69 30
69 13 33
13 70 36
70 13 27
13 72 20
72 13 37
13 74 32
74 13 26
13 76 20
76 13 23
13 4 18
4 13 17
13 8 7
8 13 12
13 9 62
9 13 43
13 11 32
11 13 31
13 14 11
14 13 22
13 15 15
15 13 11
13 16 45
16 13 41
13 17 25
17 13 30
13 18 50
18 13 57
13 19 19
19 13 13
13 20 24
20 13 21
13 21 20
21 13 28
13 23 49
23 13 51
13 25 33
25 13 54
13 27 9
27 13 7
13 28 45
28 13 33
13 32 63
32 13 44
13 35 12
35 13 17
13 38 40
38 13 34
13 41 70
41 13 53
13 42 70
42 13 51
13 43 27
43 13 49
13 45 19
45 13 13
13 46 14
46 13 13
13 48 18
48 13 19
13 52 10
52 13 9
13 54 8
54 13 8
13 55 67
55 13 63
13 56 37
56 13 56
13 58 32
58 13 33
13 59 42
59 13 30
13 61 32
61 13 38
13 64 64
64 13 56
13 67 18
67 13 18
13 68 31
68 13 24
13 71 36
71 13 30
13 73 38
73 13 37
13 75 18
75 13 22
22 24 40
24 22 36
22 26 22
26 22 36
22 29 36
29 22 29
22 30 13
30 22 21
22 31 72
31 22 63
22 33 21
33 22 16
22 34 33
34 22 36
22 36 39
36 22 28
22 37 43
37 22 34
22 39 25
39 22 47
22 40 49
40 22 37
22 44 44
44 22 35
22 47 29
47 22 24
22 49 42
49 22 29
22 50 34
50 22 44
22 51 31
51 22 26
22 53 55
53 22 53
22 57 60
57 22 41
22 60 57
60 22 39
22 62 4
62 22 8
22 63 25
63 22 18
22 65 63
65 22 62
22 66 91
66 22 67
22 69 22
69 22 26
22 70 53
70 22 40
22 72 34
72 22 48
22 74 10
74 22 15
22 76 16
76 22 30
22 4 30
4 22 29
22 8 35
8 22 43
22 9 35
9 22 46
22 11 60
11 22 60
22 14 43
14 22 57
22 15 50
15 22 38
22 16 21
16 22 24
22 17 26
17 22 32
22 18 53
18 22 46
22 19 51
19 22 50
22 20 50
20 22 40
22 21 26
21 22 18
22 23 21
23 22 21
22 25 69
25 22 52
22 27 24
27 22 36
22 28 13
28 22 9
22 32 54
32 22 40
22 35 62
35 22 47
22 38 76
38 22 57
22 41 11
41 22 15
22 42 12
42 22 11
22 43 12
43 22 12
22 45 24
45 22 29
22 46 52
46 22 38
22 48 27
48 22 23
22 52 46
52 22 37
22 54 69
54 22 49
22 55 64
55 22 59
22 56 25
56 22 23
22 58 27
58 22 49
22 59 51
59 22 67
22 61 7
61 22 12
22 64 11
64 22 14
22 67 18
67 22 35
22 68 27
68 22 23
22 71 39
71 22 34
22 73 10
73 22 11
22 75 19
75 22 27
24 26 29
26 24 34
24 29 55
29 24 48
24 30 35
30 24 40
24 31 46
31 24 41
24 33 23
33 24 24
24 34 64
34 24 43
24 36 47
36 24 57
24 37 42
37 24 60
24 39 26
39 24 29
24 40 30
40 24 24
24 44 19
44 24 15
24 47 41
47 24 51
24 49 4
49 24 7
24 50 13
50 24 15
24 51 28
51 24 22
24 53 65
53 24 50
24 57 89
57 24 60
24 60 100
60 24 69
24 62 20
62 24 32
24 63 19
63 24 18
24 65 56
65 24 51
24 66 71
66 24 58
24 69 30
69 24 58
24 70 90
70 24 68
24 72 32
72 24 33
24 74 30
74 24 40
24 76 46
76 24 33
24 4 25
4 24 39
24 8 49
8 24 48
24 9 33
9 24 25
24 11 73
11 24 53
24 14 40
14 24 57
24 15 35
15 24 58
24 16 10
16 24 16
24 17 16
17 24 26
24 18 9
18 24 13
24 19 68
19 24 55
24 20 82
20 24 66
24 21 69
21 24 48
24 23 18
23 24 16
24 25 17
25 24 23
24 27 27
27 24 49
24 28 46
28 24 39
24 32 13
32 24 18
24 35 73
35 24 49
24 38 31
38 24 46
24 41 37
41 24 26
24 42 19
42 24 30
24 43 15
43 24 26
24 45 48
45 24 45
24 46 58
46 24 44
24 48 44
48 24 47
24 52 57
52 24 47
24 54 77
54 24 60
24 55 18
55 24 27
24 56 23
56 24 18
24 58 38
58 24 37
24 59 70
59 24 66
24 61 57
61 24 47
24 64 38
64 24 38
24 67 19
67 24 38
24 68 20
68 24 33
24 71 43
71 24 64
24 73 24
73 24 27
24 75 32
75 24 33
26 29 12
29 26 23
26 30 28
30 26 20
26 31 25
31 26 32
26 33 20
33 26 23
26 34 8
34 26 11
26 36 35
36 26 38
26 37 31
37 26 36
26 39 25
39 26 18
26 40 13
40 26 12
26 44 12
44 26 20
26 47 35
47 26 32
26 49 29
49 26 30
26 50 35
50 26 28
26 51 20
51 26 14
26 53 15
53 26 18
26 57 34
57 26 30
26 60 58
60 26 48
26 62 33
62 26 28
26 63 26
63 26 26
26 65 35
65 26 26
26 66 35
66 26 31
26 69 49
69 26 43
26 70 60
70 26 45
26 72 16
72 26 15
26 74 33
74 26 26
26 76 8
76 26 6
26 4 11
4 26 12
26 8 13
8 26 14
26 9 28
9 26 20
26 11 15
11 26 24
26 14 33
14 26 24
26 15 20
15 26 30
26 16 11
16 26 22
26 17 9
17 26 8
26 18 29
18 26 34
26 19 12
19 26 21
26 20 61
20 26 41
26 21 27
21 26 33
26 23 48
23 26 35
26 25 16
25 26 30
26 27 18
27 26 18
26 28 44
28 26 31
26 32 21
32 26 20
26 35 21
35 26 15
26 38 27
38 26 21
26 41 34
41 26 41
26 42 53
42 26 41
26 43 33
43 26 37
26 45 13
45 26 18
26 46 10
46 26 11
26 48 31
48 26 26
26 52 9
52 26 15
26 54 27
54 26 26
26 55 21
55 26 39
26 56 40
56 26 41
26 58 13
58 26 14
26 59 28
59 26 34
26 61 47
61 26 40
26 64 66
64 26 49
26 67 3
67 26 6
26 68 18
68 26 13
26 71 37
71 26 45
26 73 19
73 26 26
26 75 10
75 26 9
29 30 13
30 29 9
29 31 76
31 29 54
29 33 23
33 29 26
29 34 17
34 29 14
29 36 9
36 29 16
29 37 16
37 29 14
29 39 56
39 29 40
29 40 30
40 29 33
29 44 32
44 29 38
29 47 16
47 29 11
29 49 26
49 29 42
29 50 35
50 29 48
29 51 14
51 29 26
29 53 27
53 29 31
29 57 17
57 29 13
29 60 14
60 29 25
29 62 25
62 29 23
29 63 47
63 29 32
29 65 54
65 29 44
29 66 56
66 29 46
29 69 32
69 29 22
29 70 33
70 29 23
29 72 49
72 29 38
29 74 16
74 29 13
29 76 18
76 29 18
29 4 14
4 29 11
29 8 22
8 29 19
29 9 52
9 29 42
29 11 21
11 29 39
29 14 40
14 29 33
29 15 12
15 29 10
29 16 44
16 29 33
29 17 29
17 29 26
29 18 58
18 29 52
29 19 26
19 29 24
29 20 16
20 29 18
29 21 19
21 29 15
29 23 59
23 29 41
29 25 45
25 29 52
29 27 6
27 29 9
29 28 28
28 29 20
29 32 31
32 29 40
29 35 23
35 29 24
29 38 46
38 29 40
29 41 35
41 29 41
29 42 53
42 29 39
29 43 30
43 29 37
29 45 2
45 29 4
29 46 21
46 29 16
29 48 6
48 29 6
29 52 11
52 29 12
29 54 30
54 29 21
29 55 46
55 29 61
29 56 59
56 29 46
29 58 32
58 29 36
29 59 26
59 29 42
29 61 35
61 29 25
29 64 43
64 29 43
29 67 14
67 29 17
29 68 21
68 29 16
29 71 30
71 29 22
29 73 35
73 29 25
29 75 9
75 29 16
30 31 65
31 30 51
30 33 19
33 30 17
30 34 20
34 30 16
30 36 18
36 30 19
30 37 26
37 30 20
30 39 39
39 30 36
30 40 29
40 30 27
30 44 37
44 30 31
30 47 19
47 30 13
30 49 41
49 30 33
30 50 48
50 30 41
30 51 20
51 30 19
30 53 36
53 30 33
30 57 16
57 30 22
30 60 21
60 30 30
30 62 12
62 30 14
30 63 27
63 30 23
30 65 53
65 30 45
30 66 47
66 30 48
30 69 12
69 30 23
30 70 31
70 30 29
30 72 20
72 30 35
30 74 6
74 30 7
30 76 18
76 30 14
30 4 12
4 30 9
30 8 15
8 30 22
30 9 49
9 30 37
30 11 33
11 30 41
30 14 30
14 30 36
30 15 24
15 30 19
30 16 24
16 30 24
30 17 31
17 30 21
30 18 40
18 30 45
30 19 34
19 30 29
30 20 13
20 30 26
30 21 17
21 30 13
30 23 29
23 30 32
30 25 38
25 30 46
30 27 14
27 30 14
30 28 8
28 30 13
30 32 31
32 30 34
30 35 21
35 30 27
30 38 23
38 30 40
30 41 37
41 30 32
30 42 17
42 30 30
30 43 20
43 30 28
30 45 9
45 30 8
30 46 19
46 30 18
30 48 7
48 30 7
30 52 9
52 30 16
30 54 25
54 30 28
30 55 62
55 30 55
30 56 42
56 30 37
30 58 46
58 30 34
30 59 57
59 30 47
30 61 20
61 30 21
30 64 45
64 30 35
30 67 21
67 30 16
30 68 13
68 30 9
30 71 23
71 30 26
30 73 15
73 30 16
30 75 11
75 30 11
31 33 46
33 31 47
31 34 61
34 31 41
31 36 89
36 31 70
31 37 84
37 31 68
31 39 19
39 31 16
31 40 22
40 31 26
31 44 23
44 31 30
31 47 55
47 31 64
31 49 52
49 31 42
31 50 20
50 31 26
31 51 35
51 31 37
31 53 26
53 31 31
31 57 32
57 31 60
31 60 64
60 31 79
31 62 53
62 31 56
31 63 34
63 31 47
31 65 23
65 31 20
31 66 15
66 31 26
31 69 86
69 31 74
31 70 65
70 31 76
31 72 21
72 31 16
31 74 51
74 31 56
31 76 30
76 31 37
31 4 31
4 31 43
31 8 44
8 31 39
31 9 19
9 31 18
31 11 33
11 31 26
31 14 19
14 31 36
31 15 80
15 31 60
31 16 52
16 31 41
31 17 45
17 31 32
31 18 37
18 31 29
31 19 48
19 31 42
31 20 89
20 31 71
31 21 45
21 31 64
31 23 72
23 31 52
31 25 10
25 31 18
31 27 60
27 31 48
31 28 65
28 31 60
31 32 31
32 31 25
31 35 37
35 31 35
31 38 22
38 31 19
31 41 71
41 31 62
31 42 85
42 31 64
31 43 56
43 31 59
31 45 64
45 31 50
31 46 54
46 31 39
31 48 40
48 31 58
31 52 54
52 31 44
31 54 55
54 31 50
31 55 30
55 31 22
31 56 38
56 31 56
31 58 10
58 31 18
31 59 48
59 31 41
31 61 45
61 31 70
31 64 86
64 31 72
31 67 34
67 31 37
31 68 23
68 31 44
31 71 82
71 31 76
31 73 35
73 31 52
31 75 20
75 31 40
33 34 36
34 33 26
33 36 19
36 33 34
33 37 32
37 33 37
33 39 16
39 33 31
33 40 22
40 33 21
33 44 11
44 33 20
33 47 30
47 33 28
33 49 14
49 33 17
33 50 34
50 33 29
33 51 10
51 33 10
33 53 37
53 33 40
33 57 42
57 33 39
33 60 50
60 33 45
33 62 11
62 33 10
33 63 7
63 33 6
33 65 28
65 33 47
33 66 43
66 33 53
33 69 18
69 33 35
33 70 57
70 33 45
33 72 31
72 33 32
33 74 17
74 33 17
33 76 12
76 33 18
33 4 20
4 33 20
33 8 22
8 33 33
33 9 24
9 33 30
33 11 49
11 33 46
33 14 58
14 33 46
33 15 53
15 33 36
33 16 6
16 33 9
33 17 11
17 33 17
33 18 47
18 33 32
33 19 58
19 33 41
33 20 35
20 33 43
33 21 31
21 33 24
33 23 16
23 33 15
33 25 44
25 33 36
33 27 19
27 33 29
33 28 23
28 33 16
33 32 23
32 33 24
33 35 33
35 33 36
33 38 32
38 33 43
33 41 11
41 33 18
33 42 11
42 33 19
33 43 12
43 33 14
33 45 15
45 33 24
33 46 31
46 33 28
33 48 12
48 33 23
33 52 40
52 33 29
33 54 41
54 33 42
33 55 55
55 33 44
33 56 10
56 33 20
33 58 32
58 33 34
33 59 59
59 33 56
33 61 33
61 33 25
33 64 19
64 33 26
33 67 16
67 33 23
33 68 16
68 33 13
33 71 56
71 33 41
33 73 7
73 33 5
33 75 15
75 33 16
34 36 37
36 34 30
34 37 14
37 34 27
34 39 20
39 34 28
34 40 29
40 34 22
34 44 25
44 34 30
34 47 21
47 34 25
34 49 39
49 34 38
34 50 36
50 34 38
34 51 13
51 34 21
34 53 17
53 34 18
34 57 25
57 34 20
34 60 35
60 34 39
34 62 14
62 34 28
34 63 42
63 34 32
34 65 17
65 34 30
34 66 30
66 34 33
34 69 29
69 34 36
34 70 43
70 34 36
34 72 17
72 34 25
34 74 32
74 34 22
34 76 8
76 34 10
34 4 8
4 34 7
34 8 8
8 34 7
34 9 43
9 34 31
34 11 24
11 34 25
34 14 25
14 34 21
34 15 28
15 34 20
34 16 18
16 34 29
34 17 12
17 34 17
34 18 57
18 34 44
34 19 13
19 34 14
34 20 36
20 34 31
34 21 17
21 34 28
34 23 41
23 34 41
34 25 34
25 34 41
34 27 8
27 34 8
34 28 24
28 34 28
34 32 25
32 34 31
34 35 6
35 34 11
34 38 25
38 34 26
34 41 26
41 34 44
34 42 63
42 34 44
34 43 53
43 34 40
34 45 7
45 34 10
34 46 1
46 34 2
34 48 15
48 34 19
34 52 2
52 34 4
34 54 16
54 34 17
34 55 69
55 34 50
34 56 54
56 34 46
34 58 30
58 34 22
34 59 38
59 34 31
34 61 26
61 34 37
34 64 59
64 34 49
34 67 7
67 34 5
34 68 19
68 34 14
34 71 46
71 34 36
34 73 39
73 34 28
34 75 7
75 34 10
36 37 7
37 36 8
36 39 33
39 36 55
36 40 26
40 36 47
36 44 67
44 36 50
36 47 5
47 36 6
36 49 41
49 36 50
36 50 68
50 36 60
36 51 42
51 36 38
36 53 32
53 36 47
36 57 25
57 36 20
36 60 9
60 36 12
36 62 13
62 36 26
36 63 57
63 36 39
36 65 32
65 36 60
36 66 80
66 36 62
36 69 10
69 36 7
36 70 7
70 36 12
36 72 51
72 36 53
36 74 11
74 36 17
36 76 44
76 36 33
36 4 37
4 36 27
36 8 26
8 36 35
36 9 64
9 36 56
36 11 42
11 36 55
36 14 30
14 36 48
36 15 16
15 36 16
36 16 52
16 36 42
36 17 21
17 36 40
36 18 82
18 36 64
36 19 47
19 36 39
36 20 18
20 36 13
36 21 5
21 36 10
36 23 36
23 36 47
36 25 43
25 36 65
36 27 21
27 36 24
36 28 13
28 36 20
36 32 55
32 36 54
36 35 47
35 36 40
36 38 43
38 36 56
36 41 54
41 36 43
36 42 30
42 36 39
36 43 48
43 36 39
36 45 11
45 36 20
36 46 21
46 36 32
36 48 17
48 36 12
36 52 15
52 36 28
36 54 22
54 36 34
36 55 88
55 36 74
36 56 33
56 36 50
36 58 45
58 36 52
36 59 47
59 36 56
36 61 12
61 36 18
36 64 44
64 36 39
36 67 43
67 36 33
36 68 40
68 36 28
36 71 5
71 36 7
36 73 25
73 36 30
36 75 24
75 36 30
37 39 61
39 37 54
37 40 27
40 37 46
37 44 52
44 37 51
37 47 12
47 37 10
37 49 56
49 37 53
37 50 91
50 37 61
37 51 46
51 37 39
37 53 35
53 37 42
37 57 16
57 37 13
37 60 14
60 37 12
37 62 33
62 37 30
37 63 62
63 37 42
37 65 82
65 37 56
37 66 42
66 37 57
37 69 21
69 37 15
37 70 8
70 37 9
37 72 52
72 37 51
37 74 13
74 37 21
37 76 26
76 37 32
37 4 32
4 37 25
37 8 32
8 37 30
37 9 65
9 37 56
37 11 54
11 37 50
37 14 40
14 37 42
37 15 8
15 37 9
37 16 56
16 37 44
37 17 56
17 37 40
37 18 71
18 37 65
37 19 32
19 37 33
37 20 4
20 37 6
37 21 17
21 37 16
37 23 30
23 37 51
37 25 97
25 37 65
37 27 23
27 37 20
37 28 36
28 37 25
37 32 39
32 37 54
37 35 21
35 37 35
37 38 71
38 37 53
37 41 62
41 37 48
37 42 50
42 37 45
37 43 42
43 37 44
37 45 13
45 37 18
37 46 16
46 37 28
37 48 7
48 37 13
37 52 29
52 37 24
37 54 40
54 37 27
37 55 81
55 37 74
37 56 73
56 37 55
37 58 26
58 37 49
37 59 41
59 37 50
37 61 15
61 37 26
37 64 25
64 37 46
37 67 44
67 37 31
37 68 25
68 37 28
37 71 12
71 37 10
37 73 22
73 37 34
37 75 35
75 37 30
39 40 10
40 39 10
39 44 11
44 39 15
39 47 47
47 39 49
39 49 34
49 39 28
39 50 8
50 39 16
39 51 26
51 39 21
39 53 34
53 39 25
39 57 70
57 39 48
39 60 76
60 39 66
39 62 40
62 39 40
39 63 26
63 39 32
39 65 28
65 39 22
39 66 37
66 39 29
39 69 30
69 39 59
39 70 90
70 39 63
39 72 7
72 39 5
39 74 52
74 39 41
39 76 23
76 39 22
39 4 42
4 39 29
39 8 21
8 39 29
39 9 3
9 39 4
39 11 13
11 39 25
39 14 21
14 39 32
39 15 53
15 39 48
39 16 38
16 39 26
39 17 13
17 39 16
39 18 20
18 39 21
39 19 49
19 39 34
39 20 42
20 39 58
39 21 31
21 39 49
39 23 54
23 39 37
39 25 13
25 39 14
39 27 43
27 39 36
39 28 37
28 39 44
39 32 13
32 39 11
39 35 37
35 39 27
39 38 14
38 39 18
39 41 69
41 39 47
39 42 69
42 39 48
39 43 32
43 39 43
39 45 24
45 39 36
39 46 23
46 39 28
39 48 23
48 39 43
39 52 35
52 39 33
39 54 31
54 39 42
39 55 16
55 39 22
39 56 25
56 39 42
39 58 5
58 39 10
39 59 42
59 39 40
39 61 61
61 39 54
39 64 29
64 39 57
39 67 15
67 39 23
39 68 35
68 39 28
39 71 61
71 39 62
39 73 47
73 39 36
39 75 31
75 39 25
40 44 8
44 40 9
40 47 37
47 40 40
40 49 14
49 40 22
40 50 15
50 40 16
40 51 15
51 40 11
40 53 22
53 40 26
40 57 38
57 40 42
40 60 52
60 40 57
40 62 25
62 40 30
40 63 22
63 40 22
40 65 27
65 40 28
40 66 30
66 40 35
40 69 49
69 40 50
40 70 37
70 40 55
40 72 11
72 40 11
40 74 26
74 40 32
40 76 16
76 40 14
40 4 13
4 40 21
40 8 36
8 40 25
40 9 5
9 40 10
40 11 27
11 40 29
40 14 24
14 40 33
40 15 48
15 40 41
40 16 10
16 40 17
40 17 8
17 40 7
40 18 11
18 40 22
40 19 29
19 40 32
40 20 67
20 40 51
40 21 42
21 40 40
40 23 32
23 40 29
40 25 13
25 40 19
40 27 22
27 40 30
40 28 29
28 40 34
40 32 5
32 40 9
40 35 31
35 40 25
40 38 30
38 40 23
40 41 25
41 40 38
40 42 36
42 40 39
40 43 29
43 40 34
40 45 29
45 40 28
40 46 13
46 40 22
40 48 41
48 40 34
40 52 31
52 40 27
40 54 49
54 40 38
40 55 33
55 40 28
40 56 46
56 40 35
40 58 19
58 40 14
40 59 39
59 40 42
40 61 30
61 40 44
40 64 30
64 40 47
40 67 24
67 40 17
40 68 11
68 40 19
40 71 43
71 40 53
40 73 34
73 40 26
40 75 18
75 40 16
44 47 51
47 44 44
44 49 8
49 44 13
44 50 12
50 44 10
44 51 13
51 44 12
44 53 37
53 44 35
44 57 44
57 44 49
44 60 33
60 44 61
44 62 26
62 44 29
44 63 9
63 44 18
44 65 42
65 44 36
44 66 31
66 44 43
44 69 60
69 44 53
44 70 59
70 44 60
44 72 24
72 44 18
44 74 30
74 44 34
44 76 19
76 44 21
44 4 33
4 44 27
44 8 21
8 44 34
44 9 13
9 44 12
44 11 53
11 44 38
44 14 50
14 44 42
44 15 28
15 44 48
44 16 15
16 44 12
44 17 15
17 44 13
44 18 11
18 44 14
44 19 57
19 44 41
44 20 30
20 44 56
44 21 47
21 44 42
44 23 21
23 44 22
44 25 16
25 44 16
44 27 36
27 44 37
44 28 30
28 44 35
44 32 3
32 44 5
44 35 36
35 44 34
44 38 43
38 44 32
44 41 43
41 44 32
44 42 30
42 44 34
44 43 38
43 44 29
44 45 27
45 44 34
44 46 25
46 44 31
44 48 29
48 44 38
44 52 17
52 44 34
44 54 54
54 44 47
44 55 22
55 44 25
44 56 30
56 44 27
44 58 31
58 44 22
44 59 75
59 44 52
44 61 46
61 44 45
44 64 37
64 44 43
44 67 21
67 44 25
44 68 21
68 44 23
44 71 41
71 44 57
44 73 14
73 44 25
44 75 15
75 44 22
47 49 51
49 47 44
47 50 80
50 47 54
47 51 42
51 47 32
47 53 48
53 47 42
47 57 12
57 47 19
47 60 14
60 47 18
47 62 17
62 47 21
47 63 45
63 47 34
47 65 44
65 47 55
47 66 52
66 47 57
47 69 9
69 47 11
47 70 14
70 47 17
47 72 43
72 47 47
47 74 13
74 47 11
47 76 27
76 47 27
47 4 27
4 47 21
47 8 21
8 47 30
47 9 68
9 47 50
47 11 64
11 47 50
47 14 55
14 47 44
47 15 12
15 47 15
47 16 23
16 47 36
47 17 37
17 47 34
47 18 79
18 47 58
47 19 30
19 47 35
47 20 11
20 47 16
47 21 3
21 47 6
47 23 41
23 47 41
47 25 37
25 47 59
47 27 22
27 47 20
47 28 15
28 47 15
47 32 46
32 47 47
47 35 49
35 47 35
47 38 66
38 47 51
47 41 20
41 47 38
47 42 22
42 47 35
47 43 22
43 47 34
47 45 13
45 47 15
47 46 37
46 47 27
47 48 5
48 47 6
47 52 22
52 47 23
47 54 17
54 47 31
47 55 83
55 47 68
47 56 61
56 47 45
47 58 26
58 47 46
47 59 63
59 47 53
47 61 11
61 47 17
47 64 48
64 47 36
47 67 29
67 47 27
47 68 12
68 47 22
47 71 11
71 47 13
47 73 34
73 47 25
47 75 15
75 47 24
49 50 14
50 49 18
49 51 20
51 49 17
49 53 51
53 49 47
49 57 33
57 49 54
49 60 66
60 49 62
49 62 28
62 49 25
49 63 15
63 49 11
49 65 29
65 49 50
49 66 59
66 49 56
49 69 50
69 49 51
49 70 87
70 49 62
49 72 35
72 49 32
49 74 40
74 49 33
49 76 17
76 49 28
49 4 47
4 49 33
49 8 23
8 49 44
49 9 18
9 49 25
49 11 31
11 49 50
49 14 41
14 49 53
49 15 30
15 49 52
49 16 8
16 49 9
49 17 25
17 49 22
49 18 22
18 49 18
49 19 28
19 49 51
49 20 69
20 49 59
49 21 28
21 49 41
49 23 10
23 49 10
49 25 18
25 49 26
49 27 49
27 49 43
49 28 38
28 49 32
49 32 25
32 49 18
49 35 32
35 49 45
49 38 35
38 49 45
49 41 11
41 49 21
49 42 32
42 49 24
49 43 18
43 49 19
49 45 35
45 49 39
49 46 36
46 49 39
49 48 33
48 49 40
49 52 57
52 49 42
49 54 51
54 49 55
49 55 34
55 49 32
49 56 17
56 49 14
49 58 31
58 49 36
49 59 48
59 49 64
49 61 51
61 49 40
49 64 21
64 49 33
49 67 24
67 49 33
49 68 35
68 49 26
49 71 74
71 49 57
49 73 19
73 49 20
49 75 27
75 49 28
50 51 31
51 50 22
50 53 42
53 50 40
50 57 59
57 50 58
50 60 80
60 50 71
50 62 38
62 50 39
50 63 14
63 50 26
50 65 22
65 50 38
50 66 59
66 50 45
50 69 47
69 50 63
50 70 58
70 50 70
50 72 12
72 50 20
50 74 40
74 50 44
50 76 43
76 50 30
50 4 40
4 50 37
50 8 21
8 50 41
50 9 11
9 50 11
50 11 53
11 50 41
50 14 64
14 50 47
50 15 77
15 50 57
50 16 31
16 50 21
50 17 31
17 50 22
50 18 5
18 50 6
50 19 55
19 50 47
50 20 56
20 50 66
50 21 27
21 50 52
50 23 16
23 50 28
50 25 9
25 50 8
50 27 42
27 50 46
50 28 38
28 50 45
50 32 9
32 50 8
50 35 45
35 50 40
50 38 22
38 50 34
50 41 45
41 50 39
50 42 51
42 50 42
50 43 33
43 50 37
50 45 22
45 50 44
50 46 42
46 50 39
50 48 58
48 50 48
50 52 56
52 50 43
50 54 79
54 50 54
50 55 10
55 50 15
50 56 27
56 50 32
50 58 27
58 50 25
50 59 31
59 50 55
50 61 55
61 50 54
50 64 76
64 50 51
50 67 44
67 50 33
50 68 18
68 50 33
50 71 71
71 50 67
50 73 47
73 50 34
50 75 38
75 50 31
51 53 42
53 51 32
51 57 34
57 51 38
51 60 25
60 51 49
51 62 21
62 51 19
51 63 13
63 51 13
51 65 30
65 51 37
51 66 35
66 51 43
51 69 24
69 51 41
51 70 65
70 51 48
51 72 12
72 51 22
51 74 18
74 51 22
51 76 10
76 51 11
51 4 19
4 51 16
51 8 32
8 51 27
51 9 23
9 51 20
51 11 41
11 51 36
51 14 43
14 51 38
51 15 41
15 51 36
51 16 11
16 51 9
51 17 7
17 51 6
51 18 37
18 51 26
51 19 46
19 51 34
51 20 49
20 51 44
51 21 30
21 51 30
51 23 22
23 51 21
51 25 36
25 51 28
51 27 13
27 51 26
51 28 25
28 51 24
51 32 16
32 51 16
51 35 15
35 51 28
51 38 44
38 51 32
51 41 14
41 51 28
51 42 26
42 51 29
51 43 18
43 51 24
51 45 13
45 51 23
51 46 29
46 51 22
51 48 30
48 51 26
51 52 31
52 51 25
51 54 56
54 51 38
51 55 29
55 51 36
51 56 39
56 51 27
51 58 19
58 51 24
51 59 40
59 51 48
51 61 37
61 51 34
51 64 54
64 51 37
51 67 14
67 51 16
51 68 16
68 51 11
51 71 46
71 51 45
51 73 12
73 51 15
51 75 16
75 51 11
53 57 19
57 53 32
53 60 41
60 53 54
53 62 25
62 53 45
53 63 27
63 53 44
53 65 17
65 53 14
53 66 13
66 53 15
53 69 34
69 53 53
53 70 53
70 53 50
53 72 27
72 53 20
53 74 22
74 53 40
53 76 22
76 53 23
53 4 35
4 53 24
53 8 10
8 53 12
53 9 22
9 53 29
53 11 4
11 53 8
53 14 8
14 53 7
53 15 50
15 53 34
53 16 43
16 53 40
53 17 35
17 53 26
53 18 65
18 53 46
53 19 16
19 53 11
53 20 36
20 53 44
53 21 45
21 53 45
53 23 36
23 53 53
53 25 53
25 53 39
53 27 17
27 53 23
53 28 32
28 53 46
53 32 31
32 53 33
53 35 8
35 53 7
53 38 12
38 53 12
53 41 30
41 53 58
53 42 73
42 53 59
53 43 57
43 53 54
53 45 15
45 53 27
53 46 10
46 53 16
53 48 38
48 53 37
53 52 14
52 53 19
53 54 11
54 53 20
53 55 56
55 53 47
53 56 79
56 53 59
53 58 19
58 53 15
53 59 23
59 53 17
53 61 76
61 53 54
53 64 82
64 53 66
53 67 10
67 53 18
53 68 28
68 53 29
53 71 36
71 53 52
53 73 34
73 53 43
53 75 32
75 53 25
57 60 14
60 57 23
57 62 30
62 57 36
57 63 39
63 57 45
57 65 30
65 57 46
57 66 49
66 57 46
57 69 35
69 57 27
57 70 27
70 57 19
57 72 51
72 57 45
57 74 20
74 57 26
57 76 41
76 57 28
57 4 30
4 57 22
57 8 31
8 57 21
57 9 46
9 57 50
57 11 23
11 57 39
57 14 29
14 57 30
57 15 3
15 57 4
57 16 35
16 57 45
57 17 22
17 57 36
57 18 87
18 57 63
57 19 17
19 57 21
57 20 9
20 57 13
57 21 13
21 57 25
57 23 61
23 57 54
57 25 34
25 57 60
57 27 15
27 57 12
57 28 47
28 57 32
57 32 57
32 57 50
57 35 25
35 57 25
57 38 43
38 57 43
57 41 58
41 57 54
57 42 47
42 57 52
57 43 43
43 57 50
57 45 20
45 57 15
57 46 11
46 57 21
57 48 14
48 57 18
57 52 16
52 57 16
57 54 14
54 57 14
57 55 38
55 57 70
57 56 37
56 57 59
57 58 53
58 57 41
57 59 34
59 57 37
57 61 34
61 57 36
57 64 28
64 57 55
57 67 31
67 57 25
57 68 36
68 57 28
57 71 18
71 57 23
57 73 38
73 57 38
57 75 24
75 57 27
60 62 23
62 60 38
60 63 74
63 60 51
60 65 99
65 60 67
60 66 40
66 60 68
60 69 15
69 60 14
60 70 2
70 60 4
60 72 62
72 60 63
60 74 40
74 60 29
60 76 23
76 60 43
60 4 38
4 60 36
60 8 33
8 60 42
60 9 100
9 60 67
60 11 41
11 60 62
60 14 48
14 60 53
60 15 16
15 60 20
60 16 59
16 60 54
60 17 26
17 60 50
60 18 106
18 60 75
60 19 51
19 60 44
60 20 6
20 60 10
60 21 11
21 60 22
60 23 64
23 60 58
60 25 66
25 60 76
60 27 38
27 60 31
60 28 24
28 60 31
60 32 41
32 60 64
60 35 69
35 60 47
60 38 80
38 60 64
60 41 33
41 60 54
60 42 52
42 60 50
60 43 27
43 60 50
60 45 43
45 60 30
60 46 39
46 60 40
60 48 12
48 60 23
60 52 33
52 60 35
60 54 50
54 60 37
60 55 102
55 60 85
60 56 77
56 60 62
60 58 84
58 60 61
60 59 82
59 60 60
60 61 35
61 60 28
60 64 36
64 60 49
60 67 34
67 60 42
60 68 55
68 60 39
60 71 4
71 60 5
60 73 36
73 60 42
60 75 46
75 60 41
62 63 17
63 62 14
62 65 80
65 62 54
62 66 68
66 62 59
62 69 24
69 62 26
62 70 49
70 62 38
62 72 42
72 62 40
62 74 13
74 62 10
62 76 25
76 62 22
62 4 31
4 62 21
62 8 52
8 62 35
62 9 50
9 62 39
62 11 62
11 62 51
62 14 73
14 62 49
62 15 31
15 62 32
62 16 12
16 62 18
62 17 21
17 62 24
62 18 35
18 62 42
62 19 51
19 62 42
62 20 39
20 62 36
62 21 19
21 62 15
62 23 15
23 62 21
62 25 58
25 62 45
62 27 37
27 62 28
62 28 4
28 62 6
62 32 44
32 62 34
62 35 47
35 62 39
62 38 36
38 62 49
62 41 23
41 62 18
62 42 19
42 62 16
62 43 18
43 62 14
62 45 23
45 62 22
62 46 43
46 62 30
62 48 11
48 62 18
62 52 25
52 62 30
62 54 52
54 62 43
62 55 57
55 62 54
62 56 25
56 62 25
62 58 56
58 62 41
62 59 84
59 62 59
62 61 15
61 62 15
62 64 11
64 62 21
62 67 33
67 62 27
62 68 18
68 62 15
62 71 39
71 62 33
62 73 6
73 62 5
62 75 14
75 62 19
63 65 66
65 63 50
63 66 33
66 63 56
63 69 39
69 63 40
63 70 60
70 63 51
63 72 33
72 63 34
63 74 17
74 63 22
63 76 19
76 63 22
63 4 33
4 63 25
63 8 48
8 63 38
63 9 22
9 63 30
63 11 55
11 63 49
63 14 28
14 63 50
63 15 45
15 63 42
63 16 7
16 63 6
63 17 16
17 63 19
63 18 38
18 63 28
63 19 57
19 63 46
63 20 48
20 63 48
63 21 39
21 63 29
63 23 8
23 63 9
63 25 41
25 63 34
63 27 25
27 63 35
63 28 27
28 63 20
63 32 28
32 63 23
63 35 57
35 63 40
63 38 49
38 63 45
63 41 18
41 63 15
63 42 13
42 63 17
63 43 12
43 63 12
63 45 40
45 63 30
63 46 45
46 63 33
63 48 35
48 63 29
63 52 18
52 63 35
63 54 50
54 63 48
63 55 58
55 63 41
63 56 15
56 63 15
63 58 52
58 63 36
63 59 43
59 63 60
63 61 42
61 63 29
63 64 22
64 63 25
63 67 16
67 63 28
63 68 26
68 63 18
63 71 36
71 63 46
63 73 7
73 63 9
63 75 30
75 63 21
65 66 8
66 65 7
65 69 98
69 65 66
65 70 64
70 65 64
65 72 12
72 65 18
65 74 62
74 65 51
65 76 26
76 65 32
65 4 39
4 65 35
65 8 29
8 65 25
65 9 15
9 65 26
65 11 9
11 65 7
65 14 14
14 65 18
65 15 68
15 65 48
65 16 48
16 65 45
65 17 36
17 65 31
65 18 53
18 65 43
65 19 31
19 65 25
65 20 72
20 65 58
65 21 35
21 65 57
65 23 61
23 65 57
65 25 19
25 65 34
65 27 30
27 65 36
65 28 28
28 65 56
65 32 17
32 65 33
65 35 16
35 65 21
65 38 4
38 65 5
65 41 88
41 65 65
65 42 86
42 65 66
65 43 68
43 65 61
65 45 25
45 65 40
65 46 30
46 65 28
65 48 44
48 65 49
65 52 17
52 65 32
65 54 38
54 65 34
65 55 55
55 65 40
65 56 76
56 65 63
65 58 9
58 65 14
65 59 24
59 65 21
65 61 40
61 65 66
65 64 57
64 65 74
65 67 24
67 65 28
65 68 30
68 65 39
65 71 54
71 65 66
65 73 27
73 65 51
65 75 47
75 65 34
66 69 62
69 66 68
66 70 87
70 66 65
66 72 25
72 66 25
66 74 57
74 66 55
66 76 44
76 66 36
66 4 35
4 66 39
66 8 24
8 66 27
66 9 34
9 66 33
66 11 6
11 66 7
66 14 15
14 66 16
66 15 56
15 66 48
66 16 36
16 66 51
66 17 40
17 66 37
66 18 32
18 66 50
66 19 35
19 66 25
66 20 70
20 66 59
66 21 79
21 66 60
66 23 66
23 66 64
66 25 43
25 66 41
66 27 50
27 66 38
66 28 39
28 66 60
66 32 56
32 66 40
66 35 28
35 66 22
66 38 16
38 66 12
66 41 66
41 66 71
66 42 92
42 66 72
66 43 88
43 66 67
66 45 60
45 66 42
66 46 38
46 66 31
66 48 35
48 66 52
66 52 37
52 66 34
66 54 26
54 66 33
66 55 67
55 66 47
66 56 78
56 66 69
66 58 26
58 66 21
66 59 22
59 66 15
66 61 80
61 66 69
66 64 74
64 66 79
66 67 22
67 66 32
66 68 50
68 66 43
66 71 79
71 66 67
66 73 51
73 66 57
66 75 39
75 66 39
69 70 20
70 69 16
69 72 84
72 69 58
69 74 20
74 69 19
69 76 52
76 69 37
69 4 22
4 69 31
69 8 60
8 69 41
69 9 78
9 69 60
69 11 49
11 69 61
69 14 40
14 69 54
69 15 20
15 69 23
69 16 63
16 69 43
69 17 58
17 69 43
69 18 36
18 69 66
69 19 34
19 69 46
69 20 15
20 69 19
69 21 8
21 69 11
69 23 43
23 69 46
69 25 86
25 69 68
69 27 39
27 69 30
69 28 11
28 69 19
69 32 57
32 69 56
69 35 36
35 69 46
69 38 42
38 69 62
69 41 51
41 69 40
69 42 30
42 69 36
69 43 37
43 69 37
69 45 25
45 69 26
69 46 22
46 69 38
69 48 10
48 69 17
69 52 44
52 69 34
69 54 23
54 69 41
69 55 79
55 69 77
69 56 50
56 69 49
69 58 67
58 69 57
69 59 79
59 69 63
69 61 14
61 69 14
69 64 28
64 69 35
69 67 56
67 69 38
69 68 30
68 69 31
69 71 6
71 69 9
69 73 27
73 69 30
69 75 35
75 69 34
70 72 56
72 70 61
70 74 36
74 70 29
70 76 40
76 70 41
70 4 27
4 70 34
70 8 23
8 70 38
70 9 88
9 70 65
70 11 58
11 70 58
70 14 48
14 70 49
70 15 14
15 70 16
70 16 65
16 70 53
70 17 33
17 70 49
70 18 85
18 70 74
70 19 48
19 70 40
70 20 6
20 70 6
70 21 15
21 70 22
70 23 56
23 70 58
70 25 65
25 70 74
70 27 15
27 70 28
70 28 40
28 70 32
70 32 62
32 70 63
70 35 24
35 70 43
70 38 45
38 70 61
70 41 61
41 70 55
70 42 65
42 70 51
70 43 66
43 70 51
70 45 34
45 70 27
70 46 38
46 70 37
70 48 12
48 70 22
70 52 44
52 70 32
70 54 45
54 70 33
70 55 52
55 70 84
70 56 32
56 70 62
70 58 61
58 70 58
70 59 29
59 70 56
70 61 34
61 70 30
70 64 29
64 70 51
70 67 42
67 70 40
70 68 47
68 70 38
70 71 7
71 70 8
70 73 37
73 70 42
70 75 54
75 70 39
72 74 46
74 72 40
72 76 12
76 72 21
72 4 20
4 72 27
72 8 35
8 72 25
72 9 6
9 72 9
72 11 16
11 72 21
72 14 32
14 72 27
72 15 59
15 72 45
72 16 40
16 72 28
72 17 9
17 72 16
72 18 22
18 72 26
72 19 19
19 72 29
72 20 57
20 72 55
72 21 31
21 72 48
72 23 48
23 72 40
72 25 23
25 72 18
72 27 38
27 72 33
72 28 50
28 72 44
72 32 21
32 72 15
72 35 30
35 72 22
72 38 8
38 72 13
72 41 29
41 72 49
72 42 61
42 72 50
72 43 30
43 72 45
72 45 34
45 72 34
72 46 17
46 72 24
72 48 26
48 72 41
72 52 15
52 72 29
72 54 26
54 72 37
72 55 35
55 72 27
72 56 62
56 72 45
72 58 7
58 72 5
72 59 44
59 72 35
72 61 40
61 72 54
72 64 82
64 72 59
72 67 29
67 72 21
72 68 29
68 72 27
72 71 79
71 72 60
72 73 37
73 72 37
72 75 21
75 72 24
74 76 15
76 74 20
74 4 17
4 74 16
74 8 39
8 74 29
74 9 37
9 74 41
74 11 45
11 74 47
74 14 55
14 74 43
74 15 29
15 74 22
74 16 15
16 74 25
74 17 17
17 74 25
74 18 30
18 74 48
74 19 26
19 74 36
74 20 39
20 74 27
74 21 10
21 74 8
74 23 35
23 74 30
74 25 35
25 74 50
74 27 28
27 74 20
74 28 5
28 74 6
74 32 44
32 74 38
74 35 23
35 74 34
74 38 67
38 74 47
74 41 23
41 74 28
74 42 38
42 74 26
74 43 29
43 74 24
74 45 16
45 74 14
74 46 15
46 74 25
74 48 5
48 74 8
74 52 18
52 74 23
74 54 33
54 74 34
74 55 73
55 74 58
74 56 32
56 74 34
74 58 23
58 74 40
74 59 70
59 74 53
74 61 17
61 74 15
74 64 23
64 74 29
74 67 17
67 74 23
74 68 13
68 74 13
74 71 22
71 74 24
74 73 11
73 74 14
74 75 18
75 74 17
76 4 7
4 76 7
76 8 10
8 76 15
76 9 35
9 76 24
76 11 24
11 76 29
76 14 21
14 76 28
76 15 26
15 76 27
76 16 26
16 76 19
76 17 9
17 76 8
76 18 36
18 76 35
76 19 23
19 76 23
76 20 23
20 76 36
76 21 31
21 76 27
76 23 46
23 76 31
76 25 44
25 76 33
76 27 20
27 76 16
76 28 21
28 76 24
76 32 17
32 76 22
76 35 17
35 76 18
76 38 33
38 76 27
76 41 53
41 76 36
76 42 35
42 76 36
76 43 25
43 76 32
76 45 14
45 76 14
76 46 11
46 76 11
76 48 23
48 76 21
76 52 14
52 76 14
76 54 38
54 76 27
76 55 46
55 76 42
76 56 38
56 76 37
76 58 12
58 76 20
76 59 22
59 76 38
76 61 22
61 76 34
76 64 63
64 76 43
76 67 4
67 76 5
76 68 9
68 76 7
76 71 52
71 76 40
76 73 31
73 76 21
76 75 2
75 76 3
4 8 18
8 4 14
4 9 24
9 4 31
4 11 30
11 4 32
4 14 38
14 4 28
4 15 21
15 4 20
4 16 23
16 4 24
4 17 20
17 4 15
4 18 45
18 4 42
4 19 29
19 4 21
4 20 22
20 4 30
4 21 19
21 4 22
4 23 22
23 4 35
4 25 38
25 4 40
4 27 5
27 4 10
4 28 13
28 4 21
4 32 37
32 4 29
4 35 13
35 4 18
4 38 28
38 4 31
4 41 31
41 4 38
4 42 52
42 4 37
4 43 21
43 4 33
4 45 6
45 4 7
4 46 10
46 4 9
4 48 11
48 4 14
4 52 9
52 4 9
4 54 31
54 4 22
4 55 32
55 4 49
4 56 48
56 4 40
4 58 23
58 4 25
4 59 45
59 4 38
4 61 27
61 4 30
4 64 33
64 4 42
4 67 9
67 4 7
4 68 6
68 4 7
4 71 47
71 4 33
4 73 20
73 4 21
4 75 3
75 4 5
8 9 33
9 8 32
8 11 18
11 8 20
8 14 11
14 8 14
8 15 20
15 8 22
8 16 30
16 8 35
8 17 15
17 8 22
8 18 54
18 8 47
8 19 6
19 8 8
8 20 28
20 8 33
8 21 50
21 8 34
8 23 43
23 8 47
8 25 57
25 8 42
8 27 12
27 8 11
8 28 46
28 8 35
8 32 26
32 8 34
8 35 7
35 8 5
8 38 31
38 8 22
8 41 26
41 8 51
8 42 52
42 8 51
8 43 39
43 8 47
8 45 13
45 8 16
8 46 7
46 8 5
8 48 25
48 8 25
8 52 9
52 8 7
8 54 16
54 8 13
8 55 42
55 8 51
8 56 48
56 8 53
8 58 14
58 8 21
8 59 20
59 8 24
8 61 36
61 8 43
8 64 43
64 8 56
8 67 11
67 8 10
8 68 12
68 8 21
8 71 31
71 8 40
8 73 45
73 8 35
8 75 24
75 8 17
9 11 34
11 9 30
9 14 45
14 9 36
9 15 67
15 9 50
9 16 13
16 9 24
9 17 12
17 9 17
9 18 15
18 9 17
9 19 32
19 9 38
9 20 69
20 9 60
9 21 43
21 9 49
9 23 25
23 9 34
9 25 13
25 9 10
9 27 19
27 9 38
9 28 32
28 9 44
9 32 10
32 9 7
9 35 29
35 9 30
9 38 31
38 9 22
9 41 39
41 9 44
9 42 24
42 9 46
9 43 53
43 9 41
9 45 41
45 9 38
9 46 33
46 9 30
9 48 48
48 9 44
9 52 19
52 9 35
9 54 50
54 9 45
9 55 20
55 9 19
9 56 34
56 9 39
9 58 19
58 9 14
9 59 28
59 9 44
9 61 36
61 9 54
9 64 51
64 9 55
9 67 26
67 9 25
9 68 23
68 9 29
9 71 39
71 9 63
9 73 26
73 9 35
9 75 22
75 9 26
11 14 6
14 11 11
11 15 27
15 11 42
11 16 39
16 11 45
11 17 30
17 11 30
11 18 27
18 11 47
11 19 23
19 11 18
11 20 77
20 11 52
11 21 28
21 11 53
11 23 84
23 11 57
11 25 54
25 11 38
11 27 31
27 11 31
11 28 58
28 11 53
11 32 38
32 11 35
11 35 21
35 11 15
11 38 7
38 11 8
11 41 80
41 11 64
11 42 69
42 11 65
11 43 30
43 11 60
11 45 21
45 11 35
11 46 19
46 11 23
11 48 34
48 11 44
11 52 15
52 11 27
11 54 34
54 11 27
11 55 62
55 11 45
11 56 62
56 11 63
11 58 19
58 11 16
11 59 22
59 11 15
11 61 34
61 11 62
11 64 92
64 11 72
11 67 32
67 11 25
11 68 49
68 11 36
11 71 65
71 11 60
11 73 61
73 11 50
11 75 26
75 11 32
14 15 22
15 14 33
14 16 25
16 14 46
14 17 43
17 14 32
14 18 51
18 14 53
14 19 11
19 14 9
14 20 59
20 14 43
14 21 40
21 14 48
14 23 61
23 14 59
14 25 29
25 14 46
14 27 22
27 14 24
14 28 46
28 14 49
14 32 56
32 14 40
14 35 7
35 14 10
14 38 16
38 14 17
14 41 41
41 14 64
14 42 39
42 14 64
14 43 47
43 14 60
14 45 29
45 14 30
14 46 13
46 14 19
14 48 50
48 14 39
14 52 15
52 14 21
14 54 19
54 14 17
14 55 30
55 14 54
14 56 39
56 14 64
14 58 12
58 14 22
14 59 14
59 14 11
14 61 64
61 14 57
14 64 85
64 14 70
14 67 30
67 14 23
14 68 45
68 14 34
14 71 27
71 14 52
14 73 38
73 14 48
14 75 21
75 14 30
15 16 50
16 15 43
15 17 38
17 15 35
15 18 44
18 15 62
15 19 15
19 15 24
15 20 8
20 15 11
15 21 19
21 15 21
15 23 29
23 15 51
15 25 44
25 15 60
15 27 16
27 15 12
15 28 41
28 15 28
15 32 65
32 15 49
15 35 24
35 15 27
15 38 35
38 15 45
15 41 58
41 15 50
15 42 31
42 15 48
15 43 40
43 15 46
15 45 12
45 15 13
15 46 15
46 15 21
15 48 11
48 15 14
15 52 16
52 15 16
15 54 25
54 15 18
15 55 84
55 15 69
15 56 71
56 15 56
15 58 41
58 15 42
15 59 49
59 15 41
15 61 37
61 15 32
15 64 66
64 15 51
15 67 33
67 15 25
15 68 19
68 15 25
15 71 16
71 15 19
15 73 44
73 15 35
15 75 26
75 15 25
16 17 9
17 16 14
16 18 33
18 16 23
16 19 41
19 16 43
16 20 27
20 16 50
16 21 39
21 16 33
16 23 8
23 16 13
16 25 17
25 16 28
16 27 31
27 16 34
16 28 35
28 16 24
16 32 11
32 16 17
16 35 49
35 16 37
16 38 42
38 16 40
16 41 31
41 16 21
16 42 28
42 16 23
16 43 14
43 16 18
16 45 40
45 16 30
16 46 39
46 16 31
16 48 32
48 16 31
16 52 26
52 16 33
16 54 64
54 16 46
16 55 26
55 16 36
16 56 23
56 16 19
16 58 23
58 16 31
16 59 70
59 16 56
16 61 31
61 16 34
16 64 31
64 16 31
16 67 14
67 16 25
16 68 16
68 16 17
16 71 69
71 16 49
16 73 18
73 16 13
16 75 19
75 16 19
17 18 20
18 17 27
17 19 34
19 17 29
17 20 51
20 17 45
17 21 33
21 17 33
17 23 32
23 17 27
17 25 19
25 17 26
17 27 25
27 17 24
17 28 19
28 17 28
17 32 13
32 17 14
17 35 21
35 17 23
17 38 22
38 17 26
17 41 30
41 17 34
17 42 36
42 17 35
17 43 31
43 17 30
17 45 28
45 17 22
17 46 15
46 17 18
17 48 32
48 17 27
17 52 31
52 17 21
17 54 19
54 17 34
17 55 25
55 17 35
17 56 37
56 17 33
17 58 25
58 17 17
17 59 34
59 17 42
17 61 23
61 17 38
17 64 52
64 17 43
17 67 7
67 17 12
17 68 10
68 17 12
17 71 61
71 17 46
17 73 26
73 17 21
17 75 6
75 17 10
18 19 59
19 18 54
18 20 41
20 18 71
18 21 58
21 18 55
18 23 25
23 18 28
18 25 15
25 18 11
18 27 60
27 18 51
18 28 48
28 18 48
18 32 14
32 18 13
18 35 40
35 18 46
18 38 23
38 18 39
18 41 44
41 18 39
18 42 41
42 18 42
18 43 22
43 18 38
18 45 66
45 18 48
18 46 25
46 18 44
18 48 75
48 18 52
18 52 29
52 18 48
18 54 66
54 18 60
18 55 7
55 18 14
18 56 26
56 18 31
18 58 25
58 18 31
18 59 32
59 18 61
18 61 63
61 18 57
18 64 42
64 18 51
18 67 34
67 18 38
18 68 38
68 18 37
18 71 99
71 18 71
18 73 42
73 18 37
18 75 30
75 18 36
19 20 29
20 19 34
19 21 26
21 19 39
19 23 36
23 19 55
19 25 52
25 19 48
19 27 17
27 19 16
19 28 23
28 19 42
19 32 26
32 19 40
19 35 9
35 19 7
19 38 34
38 19 23
19 41 45
41 19 58
19 42 37
42 19 58
19 43 79
43 19 54
19 45 23
45 19 22
19 46 10
46 19 13
19 48 24
48 19 30
19 52 11
52 19 13
19 54 7
54 19 9
19 55 43
55 19 56
19 56 60
56 19 60
19 58 30
58 19 25
19 59 26
59 19 18
19 61 47
61 19 49
19 64 41
64 19 63
19 67 13
67 19 18
19 68 19
68 19 28
19 71 59
71 19 43
19 73 38
73 19 42
19 75 24
75 19 24
20 21 27
21 20 22
20 23 30
23 20 57
20 25 73
25 20 70
20 27 19
27 20 23
20 28 45
28 20 31
20 32 62
32 20 58
20 35 52
35 20 38
20 38 59
38 20 55
20 41 62
41 20 54
20 42 41
42 20 51
20 43 56
43 20 50
20 45 21
45 20 22
20 46 18
46 20 32
20 48 20
48 20 19
20 52 30
52 20 27
20 54 38
54 20 27
20 55 43
55 20 79
20 56 82
56 20 61
20 58 39
58 20 53
20 59 41
59 20 50
20 61 16
61 20 31
20 64 27
64 20 52
20 67 44
67 20 35
20 68 38
68 20 34
20 71 6
71 20 11
20 73 39
73 20 40
20 75 43
75 20 34
21 23 39
23 21 36
21 25 44
25 21 58
21 27 13
27 21 24
21 28 8
28 21 9
21 32 67
32 21 46
21 35 23
35 21 39
21 38 42
38 21 53
21 41 19
41 21 32
21 42 24
42 21 29
21 43 18
43 21 28
21 45 10
45 21 18
21 46 18
46 21 30
21 48 5
48 21 9
21 52 28
52 21 27
21 54 23
54 21 36
21 55 48
55 21 66
21 56 49
56 21 39
21 58 33
58 21 47
21 59 65
59 21 57
21 61 16
61 21 11
21 64 28
64 21 30
21 67 15
67 21 29
21 68 18
68 21 21
21 71 19
71 21 17
21 73 10
73 21 20
21 75 16
75 21 24
23 25 49
25 23 36
23 27 46
27 23 44
23 28 29
28 23 27
23 32 17
32 23 27
23 35 57
35 23 49
23 38 69
38 23 52
23 41 14
41 23 11
23 42 19
42 23 15
23 43 9
43 23 10
23 45 38
45 23 39
23 46 37
46 23 42
23 48 36
48 23 38
23 52 65
52 23 44
23 54 35
54 23 57
23 55 47
55 23 42
23 56 5
56 23 6
23 58 61
58 23 43
23 59 42
59 23 69
23 61 32
61 23 33
23 64 21
64 23 23
23 67 34
67 23 37
23 68 38
68 23 27
23 71 57
71 23 53
23 73 13
73 23 16
23 75 25
75 23 30
25 27 44
27 25 48
25 28 58
28 25 51
25 32 14
32 25 12
25 35 55
35 25 40
25 38 17
38 25 30
25 41 61
41 25 47
25 42 69
42 25 50
25 43 34
43 25 45
25 45 54
45 25 47
25 46 58
46 25 40
25 48 50
48 25 53
25 52 44
52 25 45
25 54 35
54 25 55
25 55 12
55 25 9
25 56 37
56 25 40
25 58 19
58 25 23
25 59 28
59 25 53
25 61 69
61 25 61
25 64 80
64 25 59
25 67 51
67 25 36
25 68 48
68 25 37
25 71 78
71 25 72
25 73 24
73 25 41
25 75 18
75 25 35
27 28 20
28 27 27
27 32 50
32 27 38
27 35 16
35 27 16
27 38 41
38 27 33
27 41 35
41 27 46
27 42 42
42 27 44
27 43 62
43 27 42
27 45 6
45 27 6
27 46 5
46 27 9
27 48 22
48 27 15
27 52 4
52 27 4
27 54 20
54 27 14
27 55 71
55 27 58
27 56 61
56 27 49
27 58 43
58 27 30
27 59 46
59 27 34
27 61 47
61 27 34
27 64 47
64 27 49
27 67 10
67 27 13
27 68 16
68 27 17
27 71 41
71 27 29
27 73 44
73 27 30
27 75 12
75 27 15
28 32 31
32 28 39
28 35 56
35 28 39
28 38 43
38 28 51
28 41 32
41 28 23
28 42 20
42 28 20
28 43 23
43 28 19
28 45 27
45 28 21
28 46 28
46 28 30
28 48 14
48 28 14
28 52 28
52 28 29
28 54 33
54 28 41
28 55 61
55 28 60
28 56 40
56 28 30
28 58 56
58 28 44
28 59 61
59 28 59
28 61 12
61 28 10
28 64 21
64 28 23
28 67 32
67 28 28
28 68 13
68 28 17
28 71 31
71 28 26
28 73 9
73 28 11
28 75 30
75 28 21
32 35 32
35 32 33
32 38 30
38 32 28
32 41 33
41 32 37
32 42 21
42 32 40
32 43 34
43 32 35
32 45 24
45 32 36
32 46 18
46 32 31
32 48 43
48 32 41
32 52 31
52 32 35
32 54 46
54 32 47
32 55 29
55 32 21
32 56 32
56 32 32
32 58 17
58 32 19
32 59 59
59 32 49
32 61 59
61 32 49
32 64 65
64 32 48
32 67 21
67 32 25
32 68 17
68 32 26
32 71 73
71 32 60
32 73 37
73 32 29
32 75 26
75 32 24
35 38 14
38 35 18
35 41 67
41 35 54
35 42 80
42 35 54
35 43 60
43 35 50
35 45 26
45 35 21
35 46 10
46 35 9
35 48 16
48 35 30
35 52 15
52 35 12
35 54 17
54 35 15
35 55 50
55 35 49
35 56 38
56 35 55
35 58 15
58 35 18
35 59 31
59 35 21
35 61 71
61 35 48
35 64 35
64 35 60
35 67 12
67 35 13
35 68 19
68 35 24
35 71 25
71 35 45
35 73 52
73 35 38
35 75 18
75 35 20
38 41 70
41 38 60
38 42 42
42 38 61
38 43 56
43 38 56
38 45 20
45 38 36
38 46 34
46 38 24
38 48 25
48 38 45
38 52 15
52 38 29
38 54 45
54 38 32
38 55 30
55 38 37
38 56 58
56 38 58
38 58 12
58 38 9
38 59 16
59 38 23
38 61 87
61 38 61
38 64 52
64 38 69
38 67 33
67 38 24
38 68 17
68 38 34
38 71 51
71 38 62
38 73 30
73 38 47
38 75 41
75 38 30
41 42 5
42 41 4
41 43 2
43 41 4
41 45 41
45 41 40
41 46 65
46 41 46
41 48 19
48 41 36
41 52 47
52 41 46
41 54 59
54 41 59
41 55 42
55 41 53
41 56 11
56 41 10
41 58 47
58 41 51
41 59 60
59 41 74
41 61 27
61 41 26
41 64 8
64 41 12
41 67 30
67 41 41
41 68 15
68 41 30
41 71 44
71 41 49
41 73 16
73 41 16
41 75 49
75 41 34
42 43 4
43 42 5
42 45 51
45 42 38
42 46 30
46 42 46
42 48 24
48 42 34
42 52 58
52 42 46
42 54 75
54 42 58
42 55 82
55 42 56
42 56 12
56 42 14
42 58 48
58 42 52
42 59 109
59 42 74
42 61 13
61 42 22
42 64 10
64 42 9
42 67 25
67 42 41
42 68 40
68 42 30
42 71 54
71 42 45
42 73 23
73 42 16
42 75 32
75 42 34
43 45 45
45 43 36
43 46 50
46 43 42
43 48 41
48 43 32
43 52 44
52 43 42
43 54 62
54 43 55
43 55 66
55 43 51
43 56 10
56 43 12
43 58 31
58 43 48
43 59 69
59 43 70
43 61 20
61 43 24
43 64 12
64 43 14
43 67 24
67 43 37
43 68 28
68 43 26
43 71 23
71 43 45
43 73 6
73 43 12
43 75 20
75 43 30
45 46 7
46 45 12
45 48 9
48 45 9
45 52 8
52 45 9
45 54 20
54 45 20
45 55 44
55 45 57
45 56 35
56 45 44
45 58 23
58 45 32
45 59 48
59 45 39
45 61 27
61 45 28
45 64 35
64 45 43
45 67 7
67 45 13
45 68 10
68 45 12
45 71 28
71 45 27
45 73 17
73 45 24
45 75 9
75 45 12
46 48 15
48 46 21
46 52 7
52 46 5
46 54 20
54 46 16
46 55 57
55 46 50
46 56 40
56 46 48
46 58 22
58 46 21
46 59 18
59 46 29
46 61 49
61 46 39
46 64 40
64 46 51
46 67 8
67 46 6
46 68 9
68 46 16
46 71 44
71 46 38
46 73 29
73 46 30
46 75 16
75 46 12
48 52 20
52 48 18
48 54 34
54 48 28
48 55 89
55 48 62
48 56 45
56 48 42
48 58 37
58 48 40
48 59 29
59 48 48
48 61 22
61 48 19
48 64 25
64 48 37
48 67 15
67 48 21
48 68 20
68 48 16
48 71 18
71 48 19
48 73 13
73 48 21
48 75 21
75 48 18
52 54 13
54 52 13
52 55 50
55 52 54
52 56 71
56 52 50
52 58 22
58 52 26
52 59 28
59 52 31
52 61 23
61 52 37
52 64 71
64 52 51
52 67 9
67 52 10
52 68 10
68 52 17
52 71 43
71 52 33
52 73 42
73 52 30
52 75 7
75 52 14
54 55 70
55 54 64
54 56 91
56 54 63
54 58 20
58 54 33
54 59 31
59 54 23
54 61 45
61 54 47
54 64 80
64 54 63
54 67 32
67 54 22
54 68 38
68 54 30
54 71 38
71 54 37
54 73 50
73 54 43
54 75 14
75 54 27
55 56 44
56 55 45
55 58 23
58 55 32
55 59 88
59 55 60
55 61 42
61 55 69
55 64 40
64 55 65
55 67 25
67 55 45
55 68 34
68 55 46
55 71 105
71 55 81
55 73 65
73 55 49
55 75 57
75 55 45
56 58 73
58 56 49
56 59 49
59 56 75
56 61 35
61 56 36
56 64 32
64 56 22
56 67 32
67 56 43
56 68 19
68 56 33
56 71 40
71 56 57
56 73 26
73 56 21
56 75 33
75 56 36
58 59 35
59 58 30
58 61 80
61 58 54
58 64 67
64 58 60
58 67 24
67 58 19
58 68 26
68 58 27
58 71 61
71 58 58
58 73 44
73 58 38
58 75 27
75 58 23
59 61 53
61 59 67
59 64 80
64 59 80
59 67 35
67 59 33
59 68 39
68 59 44
59 71 31
71 59 60
59 73 59
73 59 58
59 75 37
75 59 40
61 64 11
64 61 21
61 67 23
67 61 37
61 68 27
68 61 27
61 71 18
71 61 23
61 73 28
73 61 20
61 75 31
75 61 31
64 67 53
67 64 48
64 68 38
68 64 36
64 71 53
71 64 44
64 73 11
73 64 22
64 75 55
75 64 40
67 68 12
68 67 11
67 71 36
71 67 40
67 73 30
73 67 25
67 75 7
75 67 7
68 71 30
71 68 35
68 73 20
73 68 14
68 75 3
75 68 4
71 73 31
73 71 37
71 75 24
75 71 37
73 75 17
75 73 18
