1 6 6 13 650

114 116

1 3 3 37 52

2 17 49 49
5 20 40 30
8 24 31 62
9 16 52 33
10 15 51 21
13 23 5 25
3 20 52 64
4 15 20 26
6 22 21 47
7 24 17 63
11 15 42 41
12 20 31 32

14 12 42
15 36 16
16 52 41
17 27 23
18 17 33
19 13 13
20 57 58
21 62 42
22 42 57
23 16 57
24 8 52
25 7 38
26 27 68

1 2 11
2 1 12
1 5 31
5 1 22
1 8 11
8 1 12
1 9 18
9 1 24
1 10 17
10 1 34
1 13 56
13 1 42
1 3 16
3 1 19
1 4 26
4 1 31
1 6 12
6 1 17
1 7 32
7 1 23
1 11 9
11 1 12
1 12 28
12 1 21
1 14 36
14 1 27
1 15 51
15 1 36
1 16 25
16 1 19
1 17 38
17 1 31
1 18 29
18 1 28
1 19 52
19 1 46
1 20 16
20 1 21
1 21 39
21 1 27
1 22 7
22 1 7
1 23 27
23 1 22
1 24 27
24 1 29
1 25 44
25 1 33
1 26 10
26 1 19
2 5 22
5 2 21
2 8 25
8 2 22
2 9 13
9 2 16
2 10 29
10 2 28
2 13 54
13 2 50
2 3 9
3 2 15
2 4 46
4 2 37
2 6 22
6 2 28
2 7 28
7 2 35
2 11 9
11 2 11
2 12 34
12 2 25
2 14 25
14 2 38
2 15 28
15 2 35
2 16 8
16 2 9
2 17 32
17 2 34
2 18 27
18 2 36
2 19 38
19 2 51
2 20 6
20 2 12
2 21 9
21 2 15
2 22 11
22 2 11
2 23 29
23 2 34
2 24 47
24 2 41
2 25 55
25 2 43
2 26 38
26 2 29
5 8 44
8 5 33
5 9 15
9 5 12
5 10 12
10 5 14
5 13 42
13 5 35
5 3 27
3 5 36
5 4 23
4 5 20
5 6 34
6 5 25
5 7 24
7 5 40
5 11 6
11 5 11
5 12 7
12 5 9
5 14 42
14 5 30
5 15 9
15 5 15
5 16 17
16 5 16
5 17 13
17 5 15
5 18 23
18 5 23
5 19 47
19 5 32
5 20 43
20 5 33
5 21 29
21 5 25
5 22 21
22 5 27
5 23 21
23 5 36
5 24 48
24 5 39
5 25 38
25 5 34
5 26 53
26 5 40
8 9 23
9 8 36
8 10 32
10 8 46
8 13 34
13 8 45
8 3 28
3 8 21
8 4 51
4 8 38
8 6 24
6 8 18
8 7 11
7 8 14
8 11 30
11 8 24
8 12 25
12 8 30
8 14 30
14 8 28
8 15 43
15 8 46
8 16 40
16 8 30
8 17 34
17 8 39
8 18 35
18 8 32
8 19 40
19 8 52
8 20 33
20 8 26
8 21 24
21 8 37
8 22 6
22 8 12
8 23 17
23 8 16
8 24 16
24 8 25
8 25 17
25 8 34
8 26 9
26 8 7
9 10 13
10 9 12
9 13 56
13 9 48
9 3 19
3 9 31
9 4 31
4 9 32
9 6 47
6 9 34
9 7 66
7 9 46
9 11 16
11 9 13
9 12 25
12 9 21
9 14 39
14 9 41
9 15 17
15 9 23
9 16 10
16 9 8
9 17 28
17 9 27
9 18 52
18 9 35
9 19 51
19 9 44
9 20 33
20 9 25
9 21 19
21 9 13
9 22 38
22 9 26
9 23 53
23 9 43
9 24 32
24 9 48
9 25 26
25 9 45
9 26 48
26 9 43
10 13 55
13 10 46
10 3 46
3 10 43
10 4 32
4 10 31
10 6 52
6 10 40
10 7 43
7 10 54
10 11 21
11 10 22
10 12 32
12 10 23
10 14 60
14 10 44
10 15 15
15 10 16
10 16 26
16 10 20
10 17 14
17 10 24
10 18 26
18 10 36
10 19 29
19 10 39
10 20 37
20 10 37
10 21 23
21 10 24
10 22 29
22 10 37
10 23 69
23 10 50
10 24 72
24 10 53
10 25 53
25 10 47
10 26 31
26 10 53
13 3 50
3 13 61
13 4 15
4 13 15
13 6 40
6 13 27
13 7 20
7 13 40
13 11 23
11 13 40
13 12 28
12 13 27
13 14 18
14 13 18
13 15 39
15 13 32
13 16 27
16 13 50
13 17 15
17 13 22
13 18 19
18 13 14
13 19 8
19 13 14
13 20 42
20 13 61
13 21 69
21 13 59
13 22 70
22 13 49
13 23 35
23 13 34
13 24 33
24 13 27
13 25 8
25 13 13
13 26 50
26 13 48
3 4 66
4 3 50
3 6 28
6 3 35
3 7 36
7 3 35
3 11 27
11 3 25
3 12 34
12 3 38
3 14 60
14 3 45
3 15 33
15 3 51
3 16 29
16 3 23
3 17 25
17 3 48
3 18 31
18 3 47
3 19 94
19 3 64
3 20 4
20 3 8
3 21 35
21 3 24
3 22 12
22 3 12
3 23 33
23 3 37
3 24 59
24 3 46
3 25 55
25 3 51
3 26 23
26 3 25
4 6 20
6 4 21
4 7 38
7 4 37
4 11 34
11 4 27
4 12 14
12 4 13
4 14 21
14 4 18
4 15 16
15 4 19
4 16 44
16 4 35
4 17 5
17 4 8
4 18 11
18 4 8
4 19 21
19 4 15
4 20 64
20 4 49
4 21 35
21 4 45
4 22 20
22 4 38
4 23 37
23 4 31
4 24 33
24 4 29
4 25 19
25 4 18
4 26 24
26 4 43
6 7 16
7 6 16
6 11 32
11 6 22
6 12 21
12 6 18
6 14 7
14 6 10
6 15 42
15 6 34
6 16 18
16 6 32
6 17 22
17 6 25
6 18 20
18 6 15
6 19 21
19 6 35
6 20 20
20 6 38
6 21 36
21 6 41
6 22 29
22 6 23
6 23 9
23 6 11
6 24 7
24 6 14
6 25 22
25 6 16
6 26 30
26 6 22
7 11 34
11 7 33
7 12 46
12 7 34
7 14 14
14 7 22
7 15 33
15 7 51
7 16 44
16 7 41
7 17 28
17 7 41
7 18 30
18 7 30
7 19 50
19 7 50
7 20 32
20 7 40
7 21 47
21 7 50
7 22 25
22 7 26
7 23 8
23 7 6
7 24 20
24 7 14
7 25 28
25 7 27
7 26 10
26 7 11
11 12 20
12 11 14
11 14 41
14 11 30
11 15 18
15 11 26
11 16 5
16 11 10
11 17 16
17 11 23
11 18 30
18 11 26
11 19 36
19 11 40
11 20 15
20 11 23
11 21 21
21 11 20
11 22 14
22 11 16
11 23 28
23 11 31
11 24 28
24 11 36
11 25 32
25 11 35
11 26 26
26 11 31
12 14 12
14 12 21
12 15 9
15 12 17
12 16 28
16 12 23
12 17 11
17 12 10
12 18 10
18 12 14
12 19 27
19 12 26
12 20 20
20 12 37
12 21 47
21 12 33
12 22 26
22 12 27
12 23 30
23 12 29
12 24 34
24 12 30
12 25 36
25 12 25
12 26 44
26 12 36
14 15 36
15 14 35
14 16 37
16 14 40
14 17 31
17 14 24
14 18 9
18 14 10
14 19 40
19 14 29
14 20 62
20 14 48
14 21 36
21 14 50
14 22 36
22 14 34
14 23 9
23 14 16
14 24 8
24 14 11
14 25 5
25 14 6
14 26 35
26 14 30
15 16 17
16 15 30
15 17 7
17 15 11
15 18 21
18 15 25
15 19 28
19 15 23
15 20 33
20 15 47
15 21 29
21 15 37
15 22 28
22 15 41
15 23 60
23 15 46
15 24 60
24 15 46
15 25 35
25 15 36
15 26 59
26 15 53
16 17 30
17 16 31
16 18 51
18 16 36
16 19 37
19 16 48
16 20 16
20 16 18
16 21 10
21 16 10
16 22 21
22 16 19
16 23 45
23 16 39
16 24 59
24 16 45
16 25 29
25 16 45
16 26 35
26 16 37
17 18 14
18 17 14
17 19 10
19 17 17
17 20 39
20 17 46
17 21 37
21 17 40
17 22 45
22 17 37
17 23 47
23 17 36
17 24 46
24 17 35
17 25 17
25 17 25
17 26 57
26 17 45
18 19 26
19 18 20
18 20 45
20 18 47
18 21 65
21 18 46
18 22 22
22 18 35
18 23 13
23 18 24
18 24 31
24 18 21
18 25 6
25 18 11
18 26 29
26 18 36
19 20 82
20 19 63
19 21 30
21 19 57
19 22 77
22 19 53
19 23 60
23 19 44
19 24 24
24 19 39
19 25 22
25 19 26
19 26 58
26 19 57
20 21 20
21 20 17
20 22 18
22 20 15
20 23 50
23 20 41
20 24 58
24 20 49
20 25 70
25 20 54
20 26 21
26 20 32
21 22 19
22 21 25
21 23 24
23 21 48
21 24 60
24 21 55
21 25 69
25 21 55
21 26 47
26 21 44
22 23 30
23 22 26
22 24 35
24 22 34
22 25 31
25 22 40
22 26 28
26 22 19
23 24 11
24 23 9
23 25 20
25 23 21
23 26 16
26 23 16
24 25 14
25 24 14
24 26 31
26 24 25
25 26 27
26 25 36
