1 18 19 13 2550

200 223

1 4 6 37 52

2 10 49 49
3 13 52 64
8 10 31 62
9 11 52 33
11 14 42 41
12 9 31 32
14 14 12 42
15 13 36 16
18 10 17 33
19 13 13 13
21 12 62 42
23 12 16 57
26 11 27 68
27 14 30 48
28 12 43 67
30 10 58 27
31 14 37 69
37 13 32 22
4 12 20 26
5 14 40 30
6 13 21 47
7 12 17 63
10 10 51 21
13 13 5 25
16 12 52 41
17 13 27 23
20 11 57 58
22 12 42 57
24 11 8 52
25 9 7 38
29 14 58 48
32 11 38 46
33 13 46 10
34 12 61 33
35 12 62 63
36 14 63 69
38 13 45 35

39 59 15
40 5 6
41 10 17
42 21 10
43 5 64
44 30 15
45 39 10
46 32 39
47 25 32
48 25 55
49 48 28
50 56 37
51 30 40

1 2 11
2 1 12
1 3 17
3 1 19
1 8 11
8 1 12
1 9 18
9 1 24
1 11 16
11 1 12
1 12 25
12 1 21
1 14 21
14 1 27
1 15 43
15 1 36
1 18 41
18 1 28
1 19 66
19 1 46
1 21 32
21 1 27
1 23 19
23 1 22
1 26 17
26 1 19
1 27 9
27 1 8
1 28 14
28 1 16
1 30 23
30 1 32
1 31 24
31 1 17
1 37 24
37 1 30
1 4 46
4 1 31
1 5 18
5 1 22
1 6 16
6 1 17
1 7 31
7 1 23
1 10 44
10 1 34
1 13 42
13 1 42
1 16 10
16 1 19
1 17 19
17 1 31
1 20 18
20 1 21
1 22 7
22 1 7
1 24 38
24 1 29
1 25 24
25 1 33
1 29 21
29 1 21
1 32 5
32 1 6
1 33 52
33 1 43
1 34 35
34 1 31
1 35 27
35 1 27
1 36 27
36 1 31
1 38 16
38 1 19
1 39 54
39 1 43
1 40 82
40 1 56
1 41 39
41 1 44
1 42 32
42 1 45
1 43 29
43 1 34
1 44 53
44 1 37
1 45 31
45 1 42
1 46 8
46 1 14
1 47 28
47 1 23
1 48 8
48 1 12
1 49 38
49 1 26
1 50 26
50 1 24
1 51 18
51 1 14
2 3 11
3 2 15
2 8 30
8 2 22
2 9 8
9 2 16
2 11 13
11 2 11
2 12 36
12 2 25
2 14 24
14 2 38
2 15 27
15 2 35
2 18 24
18 2 36
2 19 28
19 2 51
2 21 20
21 2 15
2 23 33
23 2 34
2 26 41
26 2 29
2 27 21
27 2 19
2 28 10
28 2 19
2 30 35
30 2 24
2 31 15
31 2 23
2 37 29
37 2 32
2 4 36
4 2 37
2 5 17
5 2 21
2 6 17
6 2 28
2 7 40
7 2 35
2 10 19
10 2 28
2 13 70
13 2 50
2 16 12
16 2 9
2 17 30
17 2 34
2 20 8
20 2 12
2 22 12
22 2 11
2 24 34
24 2 41
2 25 62
25 2 43
2 29 11
29 2 9
2 32 14
32 2 11
2 33 32
33 2 39
2 34 18
34 2 20
2 35 17
35 2 19
2 36 14
36 2 24
2 38 9
38 2 15
2 39 47
39 2 35
2 40 39
40 2 62
2 41 73
41 2 50
2 42 60
42 2 48
2 43 24
43 2 46
2 44 34
44 2 39
2 45 38
45 2 40
2 46 10
46 2 20
2 47 17
47 2 29
2 48 16
48 2 25
2 49 26
49 2 21
2 50 20
50 2 14
2 51 20
51 2 21
3 8 18
8 3 21
3 9 34
9 3 31
3 11 23
11 3 25
3 12 23
12 3 38
3 14 27
14 3 45
3 15 27
15 3 51
3 18 44
18 3 47
3 19 52
19 3 64
3 21 25
21 3 24
3 23 32
23 3 37
3 26 31
26 3 25
3 27 27
27 3 27
3 28 6
28 3 9
3 30 30
30 3 37
3 31 11
31 3 15
3 37 41
37 3 46
3 4 73
4 3 50
3 5 23
5 3 36
3 6 27
6 3 35
3 7 50
7 3 35
3 10 27
10 3 43
3 13 91
13 3 61
3 16 32
16 3 23
3 17 62
17 3 48
3 20 11
20 3 8
3 22 10
22 3 12
3 24 33
24 3 46
3 25 73
25 3 51
3 29 22
29 3 17
3 32 16
32 3 23
3 33 56
33 3 54
3 34 29
34 3 32
3 35 9
35 3 10
3 36 11
36 3 12
3 38 17
38 3 30
3 39 50
39 3 49
3 40 70
40 3 75
3 41 78
41 3 63
3 42 84
42 3 62
3 43 39
43 3 47
3 44 42
44 3 53
3 45 81
45 3 56
3 46 41
46 3 32
3 47 30
47 3 42
3 48 32
48 3 28
3 49 44
49 3 36
3 50 21
50 3 27
3 51 23
51 3 33
8 9 22
9 8 36
8 11 29
11 8 24
8 12 26
12 8 30
8 14 26
14 8 28
8 15 45
15 8 46
8 18 33
18 8 32
8 19 28
19 8 52
8 21 23
21 8 37
8 23 9
23 8 16
8 26 8
26 8 7
8 27 18
27 8 14
8 28 10
28 8 13
8 30 33
30 8 44
8 31 9
31 8 9
8 37 46
37 8 40
8 4 22
4 8 38
8 5 47
5 8 33
8 6 17
6 8 18
8 7 9
7 8 14
8 10 58
10 8 46
8 13 47
13 8 45
8 16 41
16 8 30
8 17 34
17 8 39
8 20 36
20 8 26
8 22 15
22 8 12
8 24 25
24 8 25
8 25 47
25 8 34
8 29 38
29 8 30
8 32 25
32 8 17
8 33 75
33 8 54
8 34 40
34 8 42
8 35 24
35 8 31
8 36 18
36 8 33
8 38 30
38 8 30
8 39 76
39 8 54
8 40 47
40 8 62
8 41 53
41 8 49
8 42 55
42 8 53
8 43 37
43 8 26
8 44 69
44 8 47
8 45 69
45 8 53
8 46 24
46 8 23
8 47 45
47 8 31
8 48 9
48 8 9
8 49 41
49 8 38
8 50 35
50 8 35
8 51 22
51 8 22
9 11 13
11 9 13
9 12 29
12 9 21
9 14 39
14 9 41
9 15 23
15 9 23
9 18 50
18 9 35
9 19 60
19 9 44
9 21 9
21 9 13
9 23 22
23 9 43
9 26 57
26 9 43
9 27 38
27 9 27
9 28 41
28 9 35
9 30 6
30 9 8
9 31 49
31 9 39
9 37 14
37 9 23
9 4 31
4 9 32
9 5 11
5 9 12
9 6 46
6 9 34
9 7 48
7 9 46
9 10 15
10 9 12
9 13 68
13 9 48
9 16 10
16 9 8
9 17 37
17 9 27
9 20 25
20 9 25
9 22 14
22 9 26
9 24 38
24 9 48
9 25 33
25 9 45
9 29 23
29 9 16
9 32 20
32 9 19
9 33 25
33 9 24
9 34 10
34 9 9
9 35 23
35 9 32
9 36 32
36 9 38
9 38 8
38 9 7
9 39 20
39 9 19
9 40 64
40 9 54
9 41 66
41 9 45
9 42 42
42 9 39
9 43 38
43 9 56
9 44 21
44 9 28
9 45 31
45 9 26
9 46 12
46 9 21
9 47 33
47 9 27
9 48 23
48 9 35
9 49 3
49 9 6
9 50 4
50 9 6
9 51 23
51 9 23
11 12 7
12 11 14
11 14 30
14 11 30
11 15 28
15 11 26
11 18 38
18 11 26
11 19 49
19 11 40
11 21 13
21 11 20
11 23 36
23 11 31
11 26 46
26 11 31
11 27 20
27 11 14
11 28 16
28 11 26
11 30 15
30 11 21
11 31 28
31 11 28
11 37 22
37 11 21
11 4 27
4 11 27
11 5 15
5 11 11
11 6 22
6 11 22
11 7 41
7 11 33
11 10 15
10 11 22
11 13 40
13 11 40
11 16 7
16 11 10
11 17 23
17 11 23
11 20 18
20 11 23
11 22 21
22 11 16
11 24 47
24 11 36
11 25 36
25 11 35
11 29 17
29 11 17
11 32 4
32 11 6
11 33 45
33 11 31
11 34 19
34 11 21
11 35 16
35 11 30
11 36 23
36 11 35
11 38 5
38 11 7
11 39 46
39 11 31
11 40 27
40 11 51
11 41 55
41 11 40
11 42 23
42 11 37
11 43 57
43 11 44
11 44 18
44 11 28
11 45 30
45 11 31
11 46 11
46 11 10
11 47 11
47 11 19
11 48 32
48 11 22
11 49 9
49 11 14
11 50 15
50 11 15
11 51 15
51 11 12
12 14 25
14 12 21
12 15 20
15 12 17
12 18 16
18 12 14
12 19 20
19 12 26
12 21 38
21 12 33
12 23 33
23 12 29
12 26 38
26 12 36
12 27 22
27 12 16
12 28 53
28 12 37
12 30 28
30 12 27
12 31 36
31 12 37
12 37 6
37 12 10
12 4 12
4 12 13
12 5 9
5 12 9
12 6 18
6 12 18
12 7 39
7 12 34
12 10 29
10 12 23
12 13 35
13 12 27
12 16 13
16 12 23
12 17 11
17 12 10
12 20 54
20 12 37
12 22 23
22 12 27
12 24 34
24 12 30
12 25 31
25 12 25
12 29 41
29 12 31
12 32 12
32 12 16
12 33 38
33 12 27
12 34 17
34 12 30
12 35 63
35 12 44
12 36 32
36 12 49
12 38 10
38 12 14
12 39 25
39 12 33
12 40 28
40 12 37
12 41 27
41 12 26
12 42 12
42 12 24
12 43 27
43 12 41
12 44 19
44 12 17
12 45 13
45 12 23
12 46 5
46 12 7
12 47 6
47 12 6
12 48 20
48 12 24
12 49 20
49 12 17
12 50 28
50 12 25
12 51 9
51 12 8
14 15 20
15 14 35
14 18 5
18 14 10
14 19 25
19 14 29
14 21 26
21 14 50
14 23 20
23 14 16
14 26 20
26 14 30
14 27 11
27 14 19
14 28 44
28 14 40
14 30 63
30 14 48
14 31 40
31 14 37
14 37 18
37 14 28
14 4 26
4 14 18
14 5 16
5 14 30
14 6 12
6 14 10
14 7 26
7 14 22
14 10 27
10 14 44
14 13 18
13 14 18
14 16 35
16 14 40
14 17 17
17 14 24
14 20 24
20 14 48
14 22 17
22 14 34
14 24 14
24 14 11
14 25 4
25 14 6
14 29 24
29 14 46
14 32 15
32 14 26
14 33 60
33 14 47
14 34 29
34 14 50
14 35 80
35 14 54
14 36 51
36 14 58
14 38 17
38 14 34
14 39 30
39 14 54
14 40 47
40 14 37
14 41 32
41 14 25
14 42 18
42 14 33
14 43 21
43 14 23
14 44 30
44 14 32
14 45 40
45 14 42
14 46 13
46 14 20
14 47 18
47 14 16
14 48 21
48 14 18
14 49 27
49 14 39
14 50 55
50 14 44
14 51 26
51 14 18
15 18 34
18 15 25
15 19 33
19 15 23
15 21 28
21 15 37
15 23 68
23 15 46
15 26 30
26 15 53
15 27 30
27 15 33
15 28 39
28 15 51
15 30 14
30 15 25
15 31 65
31 15 53
15 37 10
37 15 7
15 4 23
4 15 19
15 5 14
5 15 15
15 6 24
6 15 34
15 7 49
7 15 51
15 10 23
10 15 16
15 13 44
13 15 32
15 16 42
16 15 30
15 17 12
17 15 11
15 20 61
20 15 47
15 22 27
22 15 41
15 24 47
24 15 46
15 25 50
25 15 36
15 29 25
29 15 39
15 32 29
32 15 30
15 33 16
33 15 12
15 34 44
34 15 30
15 35 73
35 15 54
15 36 70
36 15 59
15 38 11
38 15 21
15 39 15
39 15 23
15 40 22
40 15 33
15 41 38
41 15 26
15 42 16
42 15 16
15 43 59
43 15 57
15 44 4
44 15 6
15 45 6
45 15 7
15 46 31
46 15 23
15 47 18
47 15 19
15 48 55
48 15 40
15 49 16
49 15 17
15 50 39
50 15 29
15 51 27
51 15 25
18 19 25
19 18 20
18 21 65
21 18 46
18 23 24
23 18 24
18 26 32
26 18 36
18 27 23
27 18 20
18 28 47
28 18 43
18 30 24
30 18 41
18 31 44
31 18 41
18 37 26
37 18 19
18 4 4
4 18 8
18 5 29
5 18 23
18 6 14
6 18 15
18 7 41
7 18 30
18 10 52
10 18 36
18 13 8
13 18 14
18 16 32
16 18 36
18 17 16
17 18 14
18 20 43
20 18 47
18 22 38
22 18 35
18 24 24
24 18 21
18 25 9
25 18 11
18 29 54
29 18 44
18 32 21
32 18 25
18 33 52
33 18 37
18 34 45
34 18 44
18 35 32
35 18 54
18 36 61
36 18 58
18 38 39
38 18 28
18 39 38
39 18 46
18 40 25
40 18 30
18 41 9
41 18 17
18 42 27
42 18 23
18 43 28
43 18 33
18 44 12
44 18 22
18 45 27
45 18 32
18 46 14
46 18 16
18 47 5
47 18 8
18 48 29
48 18 23
18 49 31
49 18 31
18 50 40
50 18 39
18 51 14
51 18 15
19 21 31
21 19 57
19 23 22
23 19 44
19 26 60
26 19 57
19 27 47
27 19 39
19 28 61
28 19 62
19 30 44
30 19 47
19 31 80
31 19 61
19 37 28
37 19 21
19 4 10
4 19 15
19 5 21
5 19 32
19 6 31
6 19 35
19 7 34
7 19 50
19 10 53
10 19 39
19 13 10
13 19 14
19 16 34
16 19 48
19 17 23
17 19 17
19 20 92
20 19 63
19 22 43
22 19 53
19 24 20
24 19 39
19 25 13
25 19 26
19 29 67
29 19 57
19 32 34
32 19 41
19 33 48
33 19 33
19 34 34
34 19 52
19 35 86
35 19 70
19 36 78
36 19 75
19 38 48
38 19 39
19 39 50
39 19 46
19 40 14
40 19 11
19 41 4
41 19 5
19 42 9
42 19 9
19 43 64
43 19 51
19 44 15
44 19 17
19 45 15
45 19 26
19 46 26
46 19 32
19 47 22
47 19 22
19 48 40
48 19 44
19 49 28
49 19 38
19 50 61
50 19 49
19 51 37
51 19 31
21 23 52
23 21 48
21 26 28
26 21 44
21 27 26
27 21 33
21 28 21
28 21 31
21 30 12
30 21 16
21 31 46
31 21 37
21 37 21
37 21 36
21 4 59
4 21 45
21 5 14
5 21 25
21 6 34
6 21 41
21 7 41
7 21 50
21 10 21
10 21 24
21 13 72
13 21 59
21 16 6
16 21 10
21 17 21
17 21 40
21 20 10
20 21 17
21 22 15
22 21 25
21 24 47
24 21 55
21 25 48
25 21 55
21 29 7
29 21 7
21 32 18
32 21 24
21 33 48
33 21 36
21 34 7
34 21 9
21 35 14
35 21 21
21 36 36
36 21 27
21 38 21
38 21 18
21 39 21
39 21 27
21 40 63
40 21 67
21 41 43
41 21 57
21 42 40
42 21 52
21 43 38
43 21 61
21 44 36
44 21 42
21 45 42
45 21 39
21 46 44
46 21 30
21 47 41
47 21 38
21 48 34
48 21 39
21 49 19
49 21 20
21 50 10
50 21 8
21 51 30
51 21 32
23 26 19
26 23 16
23 27 20
27 23 17
23 28 24
28 23 29
23 30 68
30 23 52
23 31 30
31 23 24
23 37 22
37 23 38
23 4 30
4 23 31
23 5 32
5 23 36
23 6 12
6 23 11
23 7 3
7 23 6
23 10 53
10 23 50
23 13 43
13 23 34
23 16 57
16 23 39
23 17 37
17 23 36
23 20 50
20 23 41
23 22 15
22 23 26
23 24 13
24 23 9
23 25 30
25 23 21
23 29 49
29 23 43
23 32 37
32 23 25
23 33 70
33 23 56
23 34 66
34 23 51
23 35 51
35 23 46
23 36 50
36 23 49
23 38 29
38 23 36
23 39 71
39 23 60
23 40 44
40 23 52
23 41 54
41 23 40
23 42 62
42 23 47
23 43 13
43 23 13
23 44 49
44 23 44
23 45 55
45 23 52
23 46 27
46 23 24
23 47 18
47 23 27
23 48 10
48 23 9
23 49 57
49 23 43
23 50 54
50 23 45
23 51 20
51 23 22
26 27 20
27 26 20
26 28 22
28 26 16
26 30 52
30 26 51
26 31 12
31 26 10
26 37 52
37 26 46
26 4 31
4 26 43
26 5 54
5 26 40
26 6 32
6 26 22
26 7 12
7 26 11
26 10 61
10 26 53
26 13 41
13 26 48
26 16 45
16 26 37
26 17 26
17 26 45
26 20 33
20 26 32
26 22 23
22 26 19
26 24 15
24 26 25
26 25 30
25 26 36
26 29 36
29 26 37
26 32 37
32 26 25
26 33 47
33 26 61
26 34 37
34 26 49
26 35 34
35 26 35
26 36 49
36 26 36
26 38 24
38 26 38
26 39 65
39 26 62
26 40 64
40 26 66
26 41 75
41 26 54
26 42 44
42 26 58
26 43 12
43 26 22
26 44 59
44 26 53
26 45 43
45 26 59
26 46 41
46 26 29
26 47 52
47 26 36
26 48 15
48 26 13
26 49 48
49 26 45
26 50 51
50 26 42
26 51 40
51 26 28
27 28 31
28 27 23
27 30 43
30 27 35
27 31 27
31 27 22
27 37 17
37 27 26
27 4 32
4 27 24
27 5 11
5 27 21
27 6 9
6 27 9
27 7 27
7 27 20
27 10 20
10 27 34
27 13 37
13 27 34
27 16 25
16 27 23
27 17 19
17 27 25
27 20 29
20 27 29
27 22 11
22 27 15
27 24 27
24 27 22
27 25 21
25 27 25
27 29 18
29 27 28
27 32 11
32 27 8
27 33 59
33 27 41
27 34 18
34 27 34
27 35 48
35 27 35
27 36 35
36 27 39
27 38 17
38 27 20
27 39 29
39 27 44
27 40 54
40 27 49
27 41 25
41 27 37
27 42 51
42 27 39
27 43 36
43 27 30
27 44 22
44 27 33
27 45 29
45 27 39
27 46 9
46 27 9
27 47 15
47 27 17
27 48 12
48 27 9
27 49 37
49 27 27
27 50 26
50 27 28
27 51 9
51 27 8
28 30 55
30 28 43
28 31 8
31 28 6
28 37 41
37 28 46
28 4 25
4 28 47
28 5 49
5 28 37
28 6 41
6 28 30
28 7 24
7 28 26
28 10 68
10 28 47
28 13 37
13 28 57
28 16 30
16 28 28
28 17 41
17 28 47
28 20 17
20 28 17
28 22 6
22 28 10
28 24 29
24 28 38
28 25 29
25 28 46
28 29 20
29 28 24
28 32 18
32 28 22
28 33 77
33 28 57
28 34 24
34 28 38
28 35 24
35 28 19
28 36 22
36 28 20
28 38 21
38 28 32
28 39 74
39 28 54
28 40 102
40 28 72
28 41 54
41 28 60
28 42 90
42 28 61
28 43 52
43 28 38
28 44 35
44 28 53
28 45 77
45 28 57
28 46 27
46 28 30
28 47 44
47 28 39
28 48 17
48 28 22
28 49 52
49 28 39
28 50 25
50 28 33
28 51 28
51 28 30
30 31 51
31 30 47
30 37 25
37 30 26
30 4 45
4 30 38
30 5 11
5 30 18
30 6 33
6 30 42
30 7 44
7 30 54
30 10 8
10 30 9
30 13 62
13 30 53
30 16 17
16 30 15
30 17 16
17 30 31
30 20 39
20 30 31
30 22 50
22 30 34
30 24 29
24 30 56
30 25 47
25 30 52
30 29 16
29 30 21
30 32 35
32 30 28
30 33 27
33 30 21
30 34 7
34 30 7
30 35 31
35 30 36
30 36 25
36 30 42
30 38 18
38 30 15
30 39 11
39 30 12
30 40 34
40 30 57
30 41 26
41 30 49
30 42 23
42 30 41
30 43 48
43 30 64
30 44 22
44 30 30
30 45 23
45 30 25
30 46 31
46 30 29
30 47 28
47 30 33
30 48 64
48 30 43
30 49 14
49 30 10
30 50 7
50 30 10
30 51 22
51 30 31
31 37 58
37 31 47
31 4 60
4 31 46
31 5 23
5 31 39
31 6 34
6 31 27
31 7 25
7 31 21
31 10 56
10 31 50
31 13 73
13 31 54
31 16 19
16 31 32
31 17 47
17 31 47
31 20 29
20 31 23
31 22 10
22 31 13
31 24 47
24 31 34
31 25 56
25 31 43
31 29 40
29 31 30
31 32 19
32 31 23
31 33 81
33 31 60
31 34 31
34 31 43
31 35 37
35 31 26
31 36 18
36 31 26
31 38 21
38 31 35
31 39 83
39 31 58
31 40 88
40 31 71
31 41 55
41 31 59
31 42 67
42 31 61
31 43 18
43 31 32
31 44 78
44 31 54
31 45 33
45 31 59
31 46 15
46 31 30
31 47 24
47 31 39
31 48 24
48 31 18
31 49 61
49 31 42
31 50 44
50 31 37
31 51 27
51 31 30
37 4 7
4 37 13
37 5 7
5 37 11
37 6 19
6 37 27
37 7 54
7 37 44
37 10 21
10 37 19
37 13 27
13 37 27
37 16 20
16 37 28
37 17 3
17 37 5
37 20 58
20 37 44
37 22 30
22 37 36
37 24 21
24 37 38
37 25 32
25 37 30
37 29 44
29 37 37
37 32 19
32 37 25
37 33 16
33 37 18
37 34 31
34 37 31
37 35 62
35 37 51
37 36 81
36 37 56
37 38 15
38 37 18
37 39 40
39 37 28
37 40 17
40 37 31
37 41 12
41 37 23
37 42 15
42 37 16
37 43 56
43 37 50
37 44 8
44 37 7
37 45 12
45 37 14
37 46 12
46 37 17
37 47 15
47 37 12
37 48 35
48 37 34
37 49 18
49 37 17
37 50 18
50 37 28
37 51 22
51 37 18
4 5 12
5 4 20
4 6 13
6 4 21
4 7 54
7 4 37
4 10 35
10 4 31
4 13 12
13 4 15
4 16 47
16 4 35
4 17 9
17 4 8
4 20 37
20 4 49
4 22 28
22 4 38
4 24 23
24 4 29
4 25 21
25 4 18
4 29 38
29 4 44
4 32 24
32 4 27
4 33 30
33 4 31
4 34 39
34 4 41
4 35 80
35 4 56
4 36 46
36 4 61
4 38 16
38 4 27
4 39 53
39 4 41
4 40 16
40 4 25
4 41 16
41 4 13
4 42 21
42 4 16
4 43 25
43 4 41
4 44 8
44 4 15
4 45 21
45 4 25
4 46 11
46 4 18
4 47 11
47 4 8
4 48 37
48 4 29
4 49 32
49 4 28
4 50 46
50 4 37
4 51 15
51 4 17
5 6 18
6 5 25
5 7 21
7 5 40
5 10 12
10 5 14
5 13 41
13 5 35
5 16 12
16 5 16
5 17 17
17 5 15
5 20 29
20 5 33
5 22 40
22 5 27
5 24 33
24 5 39
5 25 30
25 5 34
5 29 36
29 5 25
5 32 21
32 5 16
5 33 29
33 5 21
5 34 12
34 5 21
5 35 52
35 5 40
5 36 39
36 5 45
5 38 6
38 5 7
5 39 23
39 5 24
5 40 27
40 5 42
5 41 41
41 5 33
5 42 38
42 5 27
5 43 50
43 5 48
5 44 19
44 5 18
5 45 13
45 5 20
5 46 11
46 5 12
5 47 15
47 5 15
5 48 18
48 5 29
5 49 6
49 5 8
5 50 14
50 5 17
5 51 16
51 5 14
6 7 12
7 6 16
6 10 21
10 6 40
6 13 34
13 6 27
6 16 30
16 6 32
6 17 19
17 6 25
6 20 20
20 6 38
6 22 25
22 6 23
6 24 11
24 6 14
6 25 21
25 6 16
6 29 27
29 6 37
6 32 11
32 6 17
6 33 44
33 6 45
6 34 53
34 6 42
6 35 51
35 6 44
6 36 65
36 6 47
6 38 33
38 6 27
6 39 31
39 6 50
6 40 30
40 6 44
6 41 19
41 6 32
6 42 48
42 6 37
6 43 28
43 6 23
6 44 36
44 6 33
6 45 36
45 6 41
6 46 20
46 6 14
6 47 9
47 6 16
6 48 8
48 6 9
6 49 44
49 6 33
6 50 26
50 6 36
6 51 8
51 6 11
7 10 52
10 7 54
7 13 26
13 7 40
7 16 59
16 7 41
7 17 47
17 7 41
7 20 35
20 7 40
7 22 19
22 7 26
7 24 8
24 7 14
7 25 31
25 7 27
7 29 64
29 7 44
7 32 27
32 7 27
7 33 84
33 7 60
7 34 77
34 7 53
7 35 31
35 7 45
7 36 36
36 7 46
7 38 51
38 7 40
7 39 37
39 7 64
7 40 83
40 7 58
7 41 24
41 7 46
7 42 39
42 7 53
7 43 8
43 7 12
7 44 30
44 7 50
7 45 41
45 7 57
7 46 31
46 7 28
7 47 27
47 7 32
7 48 6
48 7 11
7 49 48
49 7 46
7 50 49
50 7 47
7 51 28
51 7 26
10 13 65
13 10 46
10 16 15
16 10 20
10 17 16
17 10 24
10 20 44
20 10 37
10 22 49
22 10 37
10 24 42
24 10 53
10 25 30
25 10 47
10 29 33
29 10 28
10 32 38
32 10 28
10 33 6
33 10 12
10 34 8
34 10 16
10 35 34
35 10 43
10 36 39
36 10 49
10 38 12
38 10 15
10 39 11
39 10 10
10 40 53
40 10 48
10 41 33
41 10 41
10 42 32
42 10 32
10 43 91
43 10 63
10 44 12
44 10 22
10 45 15
45 10 16
10 46 25
46 10 26
10 47 23
47 10 28
10 48 44
48 10 43
10 49 9
49 10 8
10 50 9
50 10 17
10 51 31
51 10 28
13 16 33
16 13 50
13 17 27
17 13 22
13 20 61
20 13 61
13 22 72
22 13 49
13 24 22
24 13 27
13 25 7
25 13 13
13 29 48
29 13 58
13 32 20
32 13 39
13 33 53
33 13 44
13 34 66
34 13 57
13 35 71
35 13 68
13 36 55
36 13 72
13 38 51
38 13 41
13 39 40
39 13 55
13 40 27
40 13 19
13 41 10
41 13 9
13 42 32
42 13 22
13 43 40
43 13 39
13 44 31
44 13 27
13 45 19
45 13 37
13 46 25
46 13 30
13 47 28
47 13 21
13 48 19
48 13 36
13 49 36
49 13 43
13 50 61
50 13 52
13 51 33
51 13 29
16 17 46
17 16 31
16 20 25
20 16 18
16 22 27
22 16 19
16 24 35
24 16 45
16 25 41
25 16 45
16 29 13
29 16 9
16 32 11
32 16 15
16 33 39
33 16 32
16 34 6
34 16 12
16 35 29
35 16 24
16 36 20
36 16 30
16 38 6
38 16 9
16 39 40
39 16 27
16 40 66
40 16 58
16 41 71
41 16 48
16 42 50
42 16 44
16 43 73
43 16 52
16 44 32
44 16 34
16 45 38
45 16 34
16 46 25
46 16 20
16 47 41
47 16 28
16 48 17
48 16 30
16 49 16
49 16 14
16 50 8
50 16 6
16 51 32
51 16 22
17 20 54
20 17 46
17 22 43
22 17 37
17 24 29
24 17 35
17 25 20
25 17 25
17 29 49
29 17 40
17 32 34
32 17 25
17 33 15
33 17 23
17 34 35
34 17 35
17 35 67
35 17 53
17 36 35
36 17 58
17 38 29
38 17 22
17 39 42
39 17 33
17 40 36
40 17 28
17 41 20
41 17 18
17 42 18
42 17 14
17 43 55
43 17 47
17 44 11
44 17 9
17 45 26
45 17 18
17 46 22
46 17 17
17 47 12
47 17 9
17 48 21
48 17 32
17 49 11
49 17 22
17 50 23
50 17 32
17 51 19
51 17 17
20 22 17
22 20 15
20 24 65
24 20 49
20 25 69
25 20 54
20 29 10
29 20 10
20 32 23
32 20 22
20 33 53
33 20 49
20 34 17
34 20 25
20 35 4
35 20 7
20 36 8
36 20 13
20 38 29
38 20 26
20 39 37
39 20 43
20 40 85
40 20 74
20 41 58
41 20 62
20 42 55
42 20 60
20 43 56
43 20 52
20 44 28
44 20 51
20 45 60
45 20 51
20 46 16
46 20 31
20 47 39
47 20 41
20 48 33
48 20 32
20 49 37
49 20 31
20 50 14
50 20 21
20 51 30
51 20 32
22 24 31
24 22 34
22 25 44
25 22 40
22 29 23
29 22 18
22 32 15
32 22 12
22 33 33
33 22 47
22 34 19
34 22 31
22 35 14
35 22 21
22 36 17
36 22 24
22 38 32
38 22 22
22 39 57
39 22 45
22 40 59
40 22 63
22 41 29
41 22 51
22 42 72
42 22 51
22 43 34
43 22 38
22 44 51
44 22 43
22 45 47
45 22 47
22 46 27
46 22 21
22 47 34
47 22 30
22 48 17
48 22 17
22 49 36
49 22 30
22 50 30
50 22 24
22 51 25
51 22 21
24 25 16
25 24 14
24 29 65
29 24 50
24 32 28
32 24 30
24 33 49
33 24 57
24 34 59
34 24 56
24 35 59
35 24 55
24 36 42
36 24 58
24 38 58
38 24 41
24 39 73
39 24 63
24 40 52
40 24 46
24 41 51
41 24 35
24 42 36
42 24 44
24 43 6
43 24 12
24 44 40
44 24 43
24 45 61
45 24 52
24 46 38
46 24 27
24 47 34
47 24 26
24 48 25
48 24 17
24 49 55
49 24 46
24 50 62
50 24 50
24 51 29
51 24 25
25 29 31
29 25 52
25 32 16
32 25 32
25 33 34
33 25 48
25 34 47
34 25 54
25 35 47
35 25 60
25 36 52
36 25 64
25 38 48
38 25 38
25 39 70
39 25 57
25 40 19
40 25 32
25 41 12
41 25 21
25 42 35
42 25 31
25 43 22
43 25 26
25 44 36
44 25 33
25 45 53
45 25 43
25 46 26
46 25 25
25 47 17
47 25 19
25 48 37
48 25 25
25 49 27
49 25 42
25 50 36
50 25 49
25 51 18
51 25 23
29 32 28
32 29 20
29 33 36
33 29 40
29 34 19
34 29 15
29 35 11
35 29 16
29 36 29
36 29 22
29 38 22
38 29 18
29 39 17
39 29 33
29 40 72
40 29 67
29 41 69
41 29 57
29 42 45
42 29 53
29 43 41
43 29 55
29 44 34
44 29 43
29 45 28
45 29 42
29 46 20
46 29 28
29 47 52
47 29 37
29 48 20
48 29 34
29 49 29
49 29 22
29 50 15
50 29 11
29 51 36
51 29 29
32 33 20
33 32 37
32 34 35
34 32 26
32 35 15
35 32 29
32 36 23
36 32 34
32 38 18
38 32 13
32 39 31
39 32 37
32 40 44
40 32 52
32 41 42
41 32 40
32 42 35
42 32 40
32 43 30
43 32 38
32 44 34
44 32 32
32 45 22
45 32 36
32 46 6
46 32 9
32 47 11
47 32 19
32 48 21
48 32 16
32 49 23
49 32 21
32 50 14
50 32 20
32 51 6
51 32 10
33 34 26
34 33 27
33 35 30
35 33 55
33 36 73
36 33 61
33 38 17
38 33 25
33 39 17
39 33 14
33 40 23
40 33 41
33 41 43
41 33 37
33 42 37
42 33 25
33 43 95
43 33 68
33 44 11
44 33 17
33 45 8
45 33 7
33 46 43
46 33 32
33 47 34
47 33 30
33 48 37
48 33 49
33 49 19
49 33 18
33 50 25
50 33 29
33 51 21
51 33 34
34 35 18
35 34 30
34 36 40
36 34 36
34 38 16
38 34 16
34 39 15
39 34 18
34 40 91
40 34 62
34 41 30
41 34 53
34 42 65
42 34 46
34 43 55
43 34 64
34 44 32
44 34 36
34 45 35
45 34 32
34 46 18
46 34 30
34 47 20
47 34 36
34 48 37
48 34 42
34 49 17
49 34 14
34 50 8
50 34 6
34 51 40
51 34 32
35 36 4
36 35 6
35 38 20
38 35 33
35 39 61
39 35 48
35 40 62
40 35 81
35 41 55
41 35 69
35 42 94
42 35 67
35 43 61
43 35 57
35 44 60
44 35 58
35 45 41
45 35 58
35 46 47
46 35 38
35 47 31
47 35 48
35 48 22
48 35 38
35 49 29
49 35 38
35 50 35
50 35 27
35 51 44
51 35 39
36 38 25
38 36 38
36 39 64
39 36 54
36 40 55
40 36 86
36 41 80
41 36 74
36 42 55
42 36 72
36 43 83
43 36 58
36 44 37
44 36 63
36 45 79
45 36 64
36 46 54
46 36 43
36 47 42
47 36 53
36 48 26
48 36 40
36 49 55
49 36 44
36 50 46
50 36 33
36 51 25
51 36 44
38 39 29
39 38 24
38 40 35
40 38 49
38 41 42
41 38 39
38 42 51
42 38 35
38 43 53
43 38 49
38 44 25
44 38 25
38 45 36
45 38 26
38 46 9
46 38 14
38 47 28
47 38 20
38 48 40
48 38 28
38 49 10
49 38 8
38 50 11
50 38 11
38 51 19
51 38 16
39 40 71
40 39 55
39 41 26
41 39 49
39 42 50
42 39 38
39 43 40
43 39 73
39 44 17
44 39 29
39 45 29
45 39 21
39 46 20
46 39 36
39 47 25
47 39 38
39 48 35
48 39 52
39 49 24
49 39 17
39 50 19
50 39 22
39 51 50
51 39 38
40 41 12
41 40 12
40 42 18
42 40 16
40 43 40
43 40 58
40 44 38
44 40 26
40 45 26
45 40 34
40 46 59
46 40 43
40 47 44
47 40 33
40 48 47
48 40 53
40 49 59
49 40 48
40 50 59
50 40 60
40 51 36
51 40 42
41 42 15
42 41 13
41 43 35
43 41 47
41 44 28
44 41 20
41 45 41
45 41 30
41 46 20
46 41 31
41 47 20
47 41 21
41 48 45
48 41 41
41 49 45
49 41 40
41 50 41
50 41 50
41 51 39
51 41 30
42 43 69
43 42 56
42 44 8
44 42 10
42 45 21
45 42 18
42 46 20
46 42 31
42 47 15
47 42 22
42 48 37
48 42 45
42 49 35
49 42 32
42 50 42
50 42 44
42 51 29
51 42 31
43 44 39
44 43 55
43 45 85
45 43 64
43 46 41
46 43 37
43 47 28
47 43 38
43 48 23
48 43 22
43 49 83
49 43 56
43 50 62
50 43 58
43 51 19
51 43 35
44 45 5
45 44 10
44 46 24
46 44 24
44 47 12
47 44 18
44 48 31
48 44 40
44 49 14
49 44 22
44 50 22
50 44 34
44 51 13
51 44 25
45 46 30
46 45 30
45 47 35
47 45 26
45 48 49
48 45 47
45 49 14
49 45 20
45 50 16
50 45 32
45 51 25
51 45 31
46 47 11
47 46 10
46 48 10
48 46 17
46 49 26
49 46 19
46 50 24
50 46 24
46 51 1
51 46 2
47 48 21
48 47 23
47 49 13
49 47 23
47 50 40
50 47 31
47 51 9
51 47 9
48 49 42
49 48 35
48 50 19
50 48 36
48 51 14
51 48 16
49 50 10
50 49 12
49 51 15
51 49 22
50 51 22
51 50 26
