1 12 13 0 650

185 191

1 5 3 37 52

5 12 40 30
6 19 21 47
8 13 31 62
10 19 51 21
12 12 31 32
13 12 5 25
14 17 12 42
15 14 36 16
18 13 17 33
21 17 62 42
23 18 16 57
24 13 8 52
2 13 49 49
3 14 52 64
4 15 20 26
7 16 17 63
9 16 52 33
11 14 42 41
16 19 52 41
17 19 27 23
19 12 13 13
20 17 57 58
22 12 42 57
25 17 7 38
26 19 27 68


1 5 30
5 1 22
1 6 19
6 1 17
1 8 11
8 1 12
1 10 37
10 1 34
1 12 30
12 1 21
1 13 56
13 1 42
1 14 21
14 1 27
1 15 43
15 1 36
1 18 41
18 1 28
1 21 35
21 1 27
1 23 18
23 1 22
1 24 31
24 1 29
1 2 10
2 1 12
1 3 27
3 1 19
1 4 18
4 1 31
1 7 31
7 1 23
1 9 23
9 1 24
1 11 15
11 1 12
1 16 27
16 1 19
1 17 32
17 1 31
1 19 68
19 1 46
1 20 22
20 1 21
1 22 9
22 1 7
1 25 44
25 1 33
1 26 10
26 1 19
5 6 35
6 5 25
5 8 42
8 5 33
5 10 10
10 5 14
5 12 7
12 5 9
5 13 37
13 5 35
5 14 31
14 5 30
5 15 13
15 5 15
5 18 24
18 5 23
5 21 28
21 5 25
5 23 22
23 5 36
5 24 49
24 5 39
5 2 25
2 5 21
5 3 52
3 5 36
5 4 16
4 5 20
5 7 53
7 5 40
5 9 15
9 5 12
5 11 11
11 5 11
5 16 12
16 5 16
5 17 9
17 5 15
5 19 27
19 5 32
5 20 32
20 5 33
5 22 16
22 5 27
5 25 46
25 5 34
5 26 58
26 5 40
6 8 24
8 6 18
6 10 53
10 6 40
6 12 22
12 6 18
6 13 38
13 6 27
6 14 12
14 6 10
6 15 36
15 6 34
6 18 19
18 6 15
6 21 49
21 6 41
6 23 6
23 6 11
6 24 16
24 6 14
6 2 15
2 6 28
6 3 29
3 6 35
6 4 16
4 6 21
6 7 11
7 6 16
6 9 42
9 6 34
6 11 16
11 6 22
6 16 38
16 6 32
6 17 29
17 6 25
6 19 19
19 6 35
6 20 42
20 6 38
6 22 33
22 6 23
6 25 9
25 6 16
6 26 22
26 6 22
8 10 64
10 8 46
8 12 34
12 8 30
8 13 34
13 8 45
8 14 24
14 8 28
8 15 67
15 8 46
8 18 45
18 8 32
8 21 31
21 8 37
8 23 18
23 8 16
8 24 23
24 8 25
8 2 25
2 8 22
8 3 13
3 8 21
8 4 26
4 8 38
8 7 11
7 8 14
8 9 49
9 8 36
8 11 26
11 8 24
8 16 21
16 8 30
8 17 29
17 8 39
8 19 38
19 8 52
8 20 26
20 8 26
8 22 11
22 8 12
8 25 17
25 8 34
8 26 9
26 8 7
10 12 15
12 10 23
10 13 25
13 10 46
10 14 30
14 10 44
10 15 23
15 10 16
10 18 36
18 10 36
10 21 25
21 10 24
10 23 34
23 10 50
10 24 41
24 10 53
10 2 34
2 10 28
10 3 29
3 10 43
10 4 29
4 10 31
10 7 41
7 10 54
10 9 6
9 10 12
10 11 18
11 10 22
10 16 25
16 10 20
10 17 33
17 10 24
10 19 45
19 10 39
10 20 29
20 10 37
10 22 30
22 10 37
10 25 40
25 10 47
10 26 43
26 10 53
12 13 16
13 12 27
12 14 28
14 12 21
12 15 19
15 12 17
12 18 11
18 12 14
12 21 42
21 12 33
12 23 21
23 12 29
12 24 25
24 12 30
12 2 21
2 12 25
12 3 36
3 12 38
12 4 14
4 12 13
12 7 35
7 12 34
12 9 28
9 12 21
12 11 7
11 12 14
12 16 16
16 12 23
12 17 10
17 12 10
12 19 34
19 12 26
12 20 35
20 12 37
12 22 25
22 12 27
12 25 35
25 12 25
12 26 31
26 12 36
13 14 20
14 13 18
13 15 36
15 13 32
13 18 14
18 13 14
13 21 34
21 13 59
13 23 42
23 13 34
13 24 28
24 13 27
13 2 26
2 13 50
13 3 36
3 13 61
13 4 15
4 13 15
13 7 42
7 13 40
13 9 40
9 13 48
13 11 37
11 13 40
13 16 57
16 13 50
13 17 22
17 13 22
13 19 10
19 13 14
13 20 60
20 13 61
13 22 41
22 13 49
13 25 8
25 13 13
13 26 50
26 13 48
14 15 39
15 14 35
14 18 10
18 14 10
14 21 43
21 14 50
14 23 19
23 14 16
14 24 16
24 14 11
14 2 24
2 14 38
14 3 27
3 14 45
14 4 21
4 14 18
14 7 28
7 14 22
14 9 38
9 14 41
14 11 41
11 14 30
14 16 28
16 14 40
14 17 35
17 14 24
14 19 33
19 14 29
14 20 44
20 14 48
14 22 23
22 14 34
14 25 8
25 14 6
14 26 30
26 14 30
15 18 25
18 15 25
15 21 38
21 15 37
15 23 58
23 15 46
15 24 54
24 15 46
15 2 39
2 15 35
15 3 48
3 15 51
15 4 26
4 15 19
15 7 66
7 15 51
15 9 27
9 15 23
15 11 32
11 15 26
15 16 29
16 15 30
15 17 8
17 15 11
15 19 15
19 15 23
15 20 46
20 15 47
15 22 51
22 15 41
15 25 28
25 15 36
15 26 49
26 15 53
18 21 29
21 18 46
18 23 31
23 18 24
18 24 14
24 18 21
18 2 32
2 18 36
18 3 40
3 18 47
18 4 6
4 18 8
18 7 39
7 18 30
18 9 30
9 18 35
18 11 16
11 18 26
18 16 53
16 18 36
18 17 7
17 18 14
18 19 23
19 18 20
18 20 48
20 18 47
18 22 25
22 18 35
18 25 6
25 18 11
18 26 35
26 18 36
21 23 26
23 21 48
21 24 30
24 21 55
21 2 21
2 21 15
21 3 19
3 21 24
21 4 34
4 21 45
21 7 28
7 21 50
21 9 14
9 21 13
21 11 15
11 21 20
21 16 7
16 21 10
21 17 42
17 21 40
21 19 40
19 21 57
21 20 20
20 21 17
21 22 26
22 21 25
21 25 53
25 21 55
21 26 37
26 21 44
23 24 6
24 23 9
23 2 43
2 23 34
23 3 52
3 23 37
23 4 32
4 23 31
23 7 4
7 23 6
23 9 48
9 23 43
23 11 25
11 23 31
23 16 58
16 23 39
23 17 37
17 23 36
23 19 36
19 23 44
23 20 51
20 23 41
23 22 17
22 23 26
23 25 25
25 23 21
23 26 8
26 23 16
24 2 44
2 24 41
24 3 63
3 24 46
24 4 24
4 24 29
24 7 7
7 24 14
24 9 67
9 24 48
24 11 18
11 24 36
24 16 30
16 24 45
24 17 43
17 24 35
24 19 35
19 24 39
24 20 53
20 24 49
24 22 36
22 24 34
24 25 20
25 24 14
24 26 15
26 24 25
2 3 11
3 2 15
2 4 19
4 2 37
2 7 28
7 2 35
2 9 8
9 2 16
2 11 15
11 2 11
2 16 13
16 2 9
2 17 26
17 2 34
2 19 62
19 2 51
2 20 15
20 2 12
2 22 8
22 2 11
2 25 24
25 2 43
2 26 25
26 2 29
3 4 37
4 3 50
3 7 48
7 3 35
3 9 33
9 3 31
3 11 28
11 3 25
3 16 12
16 3 23
3 17 66
17 3 48
3 19 95
19 3 64
3 20 9
20 3 8
3 22 15
22 3 12
3 25 76
25 3 51
3 26 14
26 3 25
4 7 49
7 4 37
4 9 17
9 4 32
4 11 33
11 4 27
4 16 49
16 4 35
4 17 7
17 4 8
4 19 20
19 4 15
4 20 32
20 4 49
4 22 55
22 4 38
4 25 15
25 4 18
4 26 34
26 4 43
7 9 58
9 7 46
7 11 27
11 7 33
7 16 43
16 7 41
7 17 36
17 7 41
7 19 42
19 7 50
7 20 45
20 7 40
7 22 22
22 7 26
7 25 24
25 7 27
7 26 9
26 7 11
9 11 8
11 9 13
9 16 9
16 9 8
9 17 34
17 9 27
9 19 32
19 9 44
9 20 20
20 9 25
9 22 29
22 9 26
9 25 65
25 9 45
9 26 30
26 9 43
11 16 12
16 11 10
11 17 18
17 11 23
11 19 43
19 11 40
11 20 30
20 11 23
11 22 13
22 11 16
11 25 22
25 11 35
11 26 44
26 11 31
16 17 30
17 16 31
16 19 61
19 16 48
16 20 9
20 16 18
16 22 21
22 16 19
16 25 66
25 16 45
16 26 28
26 16 37
17 19 23
19 17 17
17 20 33
20 17 46
17 22 25
22 17 37
17 25 19
25 17 25
17 26 36
26 17 45
19 20 42
20 19 63
19 22 78
22 19 53
19 25 38
25 19 26
19 26 47
26 19 57
20 22 20
22 20 15
20 25 27
25 20 54
20 26 40
26 20 32
22 25 55
25 22 40
22 26 22
26 22 19
25 26 27
26 25 36
