1 13 5 57 5700

199 212

76 5 3 22 22

1 26 36 26
3 27 45 35
4 29 55 20
5 24 33 34
6 27 50 50
7 29 55 45
8 24 26 59
12 21 62 35
13 22 62 57
14 19 62 24
15 20 21 36
17 24 9 56
18 28 62 48
2 18 21 45
9 26 40 66
10 18 55 65
11 21 35 51
16 21 33 44

19 66 14
20 44 13
21 26 13
22 11 28
23 7 43
24 17 64
25 41 46
26 55 34
27 35 16
28 52 26
29 43 26
30 31 76
31 22 53
32 26 29
33 50 40
34 55 50
35 54 10
36 60 15
37 47 66
38 30 60
39 30 50
40 12 17
41 15 14
42 16 19
43 21 48
44 50 30
45 51 42
46 50 15
47 48 21
48 12 38
49 15 56
50 29 39
51 54 38
52 55 57
53 67 41
54 10 70
55 6 25
56 65 27
57 40 60
58 70 64
59 64 4
60 36 6
61 30 20
62 20 30
63 15 5
64 50 70
65 57 72
66 45 42
67 38 33
68 50 4
69 66 8
70 59 5
71 35 60
72 27 24
73 40 20
74 40 37
75 40 40

76 1 19
1 76 15
76 3 29
3 76 26
76 4 46
4 76 33
76 5 14
5 76 16
76 6 33
6 76 39
76 7 45
7 76 40
76 8 27
8 76 37
76 12 28
12 76 42
76 13 54
13 76 53
76 14 47
14 76 40
76 15 16
15 76 14
76 17 32
17 76 36
76 18 34
18 76 47
76 2 22
2 76 23
76 9 62
9 76 48
76 10 74
10 76 54
76 11 35
11 76 32
76 16 32
16 76 25
76 19 40
19 76 45
76 20 31
20 76 24
76 21 8
21 76 10
76 22 12
22 76 13
76 23 32
23 76 26
76 24 42
24 76 42
76 25 38
25 76 30
76 26 50
26 76 35
76 27 7
27 76 14
76 28 42
28 76 30
76 29 19
29 76 21
76 30 57
30 76 55
76 31 25
31 76 31
76 32 10
32 76 8
76 33 41
33 76 33
76 34 32
34 76 43
76 35 37
35 76 34
76 36 49
36 76 39
76 37 55
37 76 51
76 38 54
38 76 39
76 39 28
39 76 29
76 40 12
40 76 11
76 41 11
41 76 11
76 42 8
42 76 7
76 43 23
43 76 26
76 44 22
44 76 29
76 45 19
45 76 35
76 46 23
46 76 29
76 47 17
47 76 26
76 48 18
48 76 19
76 49 36
49 76 35
76 50 24
50 76 18
76 51 21
51 76 35
76 52 55
52 76 48
76 53 24
53 76 48
76 54 37
54 76 49
76 55 17
55 76 16
76 56 55
56 76 43
76 57 23
57 76 42
76 58 65
58 76 63
76 59 25
59 76 45
76 60 26
60 76 21
76 61 6
61 76 8
76 62 5
62 76 8
76 63 26
63 76 18
76 64 33
64 76 55
76 65 36
65 76 61
76 66 35
66 76 30
76 67 22
67 76 19
76 68 24
68 76 33
76 69 34
69 76 46
76 70 27
70 76 40
76 71 37
71 76 40
76 72 6
72 76 5
76 73 14
73 76 18
76 74 21
74 76 23
76 75 34
75 76 25
1 3 7
3 1 13
1 4 16
4 1 20
1 5 11
5 1 9
1 6 18
6 1 28
1 7 38
7 1 27
1 8 19
8 1 34
1 12 30
12 1 28
1 13 48
13 1 40
1 14 22
14 1 26
1 15 11
15 1 18
1 17 31
17 1 40
1 18 41
18 1 34
1 2 24
2 1 24
1 9 48
9 1 40
1 10 39
10 1 43
1 11 19
11 1 25
1 16 26
16 1 18
1 19 34
19 1 32
1 20 8
20 1 15
1 21 23
21 1 16
1 22 16
22 1 25
1 23 49
23 1 34
1 24 62
24 1 42
1 25 20
25 1 21
1 26 18
26 1 21
1 27 14
27 1 10
1 28 15
28 1 16
1 29 10
29 1 7
1 30 44
30 1 50
1 31 43
31 1 30
1 32 9
32 1 10
1 33 14
33 1 20
1 34 32
34 1 31
1 35 15
35 1 24
1 36 38
36 1 26
1 37 40
37 1 41
1 38 23
38 1 34
1 39 36
39 1 25
1 40 29
40 1 26
1 41 24
41 1 24
1 42 25
42 1 21
1 43 28
43 1 27
1 44 12
44 1 15
1 45 23
45 1 22
1 46 25
46 1 18
1 47 13
47 1 13
1 48 33
48 1 27
1 49 22
49 1 37
1 50 8
50 1 15
1 51 27
51 1 22
1 52 20
52 1 36
1 53 47
53 1 34
1 54 56
54 1 51
1 55 37
55 1 30
1 56 40
56 1 29
1 57 34
57 1 34
1 58 53
58 1 51
1 59 47
59 1 36
1 60 12
60 1 20
1 61 9
61 1 8
1 62 13
62 1 16
1 63 38
63 1 29
1 64 38
64 1 46
1 65 25
65 1 50
1 66 24
66 1 18
1 67 8
67 1 7
1 68 24
68 1 26
1 69 48
69 1 35
1 70 27
70 1 31
1 71 25
71 1 34
1 72 12
72 1 9
1 73 5
73 1 7
1 74 15
74 1 11
1 75 18
75 1 14
3 4 26
4 3 18
3 5 14
5 3 12
3 6 8
6 3 16
3 7 12
7 3 14
3 8 40
8 3 31
3 12 21
12 3 17
3 13 31
13 3 28
3 14 28
14 3 20
3 15 23
15 3 24
3 17 46
17 3 42
3 18 24
18 3 21
3 2 20
2 3 26
3 9 42
9 3 31
3 10 17
10 3 32
3 11 20
11 3 19
3 16 19
16 3 15
3 19 23
19 3 30
3 20 14
20 3 22
3 21 33
21 3 29
3 22 44
22 3 35
3 23 34
23 3 39
3 24 53
24 3 40
3 25 15
25 3 12
3 26 7
26 3 10
3 27 16
27 3 21
3 28 7
28 3 11
3 29 12
29 3 9
3 30 61
30 3 43
3 31 32
31 3 29
3 32 26
32 3 20
3 33 7
33 3 7
3 34 18
34 3 18
3 35 36
35 3 27
3 36 32
36 3 25
3 37 20
37 3 31
3 38 42
38 3 29
3 39 20
39 3 21
3 40 52
40 3 38
3 41 33
41 3 37
3 42 36
42 3 33
3 43 22
43 3 27
3 44 10
44 3 7
3 45 8
45 3 9
3 46 28
46 3 21
3 47 10
47 3 14
3 48 25
48 3 33
3 49 49
49 3 37
3 50 12
50 3 16
3 51 12
51 3 9
3 52 35
52 3 24
3 53 27
53 3 22
3 54 60
54 3 49
3 55 23
55 3 40
3 56 21
56 3 22
3 57 15
57 3 25
3 58 48
58 3 38
3 59 32
59 3 36
3 60 32
60 3 30
3 61 21
61 3 21
3 62 36
62 3 25
3 63 62
63 3 42
3 64 46
64 3 35
3 65 53
65 3 39
3 66 7
66 3 7
3 67 5
67 3 7
3 68 33
68 3 31
3 69 25
69 3 34
3 70 31
70 3 33
3 71 17
71 3 27
3 72 22
72 3 21
3 73 19
73 3 16
3 74 4
74 3 5
3 75 7
75 3 7
4 5 18
5 4 26
4 6 35
6 4 30
4 7 33
7 4 25
4 8 65
8 4 49
4 12 14
12 4 17
4 13 29
13 4 38
4 14 7
14 4 8
4 15 23
15 4 38
4 17 42
17 4 58
4 18 18
18 4 29
4 2 56
2 4 42
4 9 40
9 4 48
4 10 33
10 4 45
4 11 38
11 4 37
4 16 45
16 4 33
4 19 15
19 4 13
4 20 12
20 4 13
4 21 39
21 4 30
4 22 30
22 4 45
4 23 71
23 4 53
4 24 84
24 4 58
4 25 30
25 4 30
4 26 8
26 4 14
4 27 13
27 4 20
4 28 4
28 4 7
4 29 13
29 4 13
4 30 47
30 4 61
4 31 67
31 4 47
4 32 19
32 4 30
4 33 18
33 4 21
4 34 35
34 4 30
4 35 6
35 4 10
4 36 10
36 4 7
4 37 62
37 4 46
4 38 63
38 4 47
4 39 22
39 4 39
4 40 60
40 4 43
4 41 42
41 4 40
4 42 32
42 4 39
4 43 60
43 4 44
4 44 11
44 4 11
4 45 26
45 4 22
4 46 8
46 4 7
4 47 4
47 4 7
4 48 60
48 4 46
4 49 78
49 4 54
4 50 41
50 4 32
4 51 10
51 4 18
4 52 49
52 4 37
4 53 21
53 4 24
4 54 76
54 4 67
4 55 70
55 4 49
4 56 13
56 4 12
4 57 31
57 4 43
4 58 32
58 4 46
4 59 9
59 4 18
4 60 30
60 4 24
4 61 14
61 4 25
4 62 51
62 4 36
4 63 26
63 4 43
4 64 71
64 4 50
4 65 55
65 4 52
4 66 33
66 4 24
4 67 25
67 4 21
4 68 20
68 4 17
4 69 13
69 4 16
4 70 23
70 4 16
4 71 44
71 4 45
4 72 27
72 4 28
4 73 22
73 4 15
4 74 19
74 4 23
4 75 20
75 4 25
5 6 27
6 5 23
5 7 20
7 5 25
5 8 14
8 5 26
5 12 19
12 5 29
5 13 32
13 5 37
5 14 38
14 5 31
5 15 12
15 5 12
5 17 21
17 5 33
5 18 35
18 5 32
5 2 13
2 5 16
5 9 26
9 5 33
5 10 24
10 5 38
5 11 25
11 5 17
5 16 14
16 5 10
5 19 45
19 5 39
5 20 17
20 5 24
5 21 23
21 5 22
5 22 22
22 5 23
5 23 32
23 5 28
5 24 20
24 5 34
5 25 14
25 5 14
5 26 22
26 5 22
5 27 11
27 5 18
5 28 28
28 5 21
5 29 8
29 5 13
5 30 51
30 5 42
5 31 15
31 5 22
5 32 10
32 5 9
5 33 20
33 5 18
5 34 34
34 5 27
5 35 41
35 5 32
5 36 46
36 5 33
5 37 27
37 5 35
5 38 33
38 5 26
5 39 21
39 5 16
5 40 17
40 5 27
5 41 30
41 5 27
5 42 22
42 5 23
5 43 12
43 5 18
5 44 21
44 5 17
5 45 25
45 5 20
5 46 30
46 5 25
5 47 14
47 5 20
5 48 17
48 5 21
5 49 17
49 5 28
5 50 3
50 5 6
5 51 25
51 5 21
5 52 41
52 5 32
5 53 24
53 5 34
5 54 26
54 5 42
5 55 23
55 5 28
5 56 41
56 5 32
5 57 33
57 5 27
5 58 59
58 5 47
5 59 46
59 5 43
5 60 26
60 5 28
5 61 17
61 5 14
5 62 20
62 5 14
5 63 28
63 5 34
5 64 38
64 5 40
5 65 55
65 5 45
5 66 19
66 5 14
5 67 4
67 5 5
5 68 45
68 5 34
5 69 43
69 5 42
5 70 34
70 5 38
5 71 35
71 5 26
5 72 17
72 5 12
5 73 15
73 5 16
5 74 6
74 5 8
5 75 8
75 5 9
6 7 9
7 6 7
6 8 30
8 6 26
6 12 18
12 6 19
6 13 11
13 6 14
6 14 28
14 6 29
6 15 17
15 6 32
6 17 41
17 6 41
6 18 8
18 6 12
6 2 15
2 6 29
6 9 17
9 6 19
6 10 9
10 6 16
6 11 8
11 6 15
6 16 16
16 6 18
6 19 24
19 6 39
6 20 37
20 6 37
6 21 34
21 6 44
6 22 40
22 6 45
6 23 36
23 6 44
6 24 39
24 6 36
6 25 8
25 6 10
6 26 15
26 6 17
6 27 48
27 6 37
6 28 16
28 6 24
6 29 35
29 6 25
6 30 47
30 6 32
6 31 23
31 6 28
6 32 41
32 6 32
6 33 13
33 6 10
6 34 6
34 6 5
6 35 41
35 6 40
6 36 20
36 6 36
6 37 10
37 6 16
6 38 18
38 6 22
6 39 20
39 6 20
6 40 73
40 6 50
6 41 61
41 6 50
6 42 26
42 6 46
6 43 33
43 6 29
6 44 23
44 6 20
6 45 4
45 6 8
6 46 26
46 6 35
6 47 24
47 6 29
6 48 44
48 6 40
6 49 44
49 6 36
6 50 31
50 6 24
6 51 17
51 6 13
6 52 9
52 6 9
6 53 12
53 6 19
6 54 34
54 6 44
6 55 43
55 6 51
6 56 37
56 6 27
6 57 17
57 6 14
6 58 14
58 6 24
6 59 37
59 6 48
6 60 43
60 6 46
6 61 52
61 6 36
6 62 25
62 6 36
6 63 64
63 6 57
6 64 26
64 6 20
6 65 29
65 6 23
6 66 8
66 6 9
6 67 26
67 6 20
6 68 35
68 6 46
6 69 23
69 6 45
6 70 37
70 6 46
6 71 18
71 6 18
6 72 48
72 6 34
6 73 26
73 6 32
6 74 22
74 6 16
6 75 8
75 6 14
7 8 24
8 7 32
7 12 10
12 7 12
7 13 8
13 7 14
7 14 12
14 7 22
7 15 36
15 7 35
7 17 31
17 7 47
7 18 9
18 7 8
7 2 28
2 7 34
7 9 15
9 7 26
7 10 28
10 7 20
7 11 16
11 7 21
7 16 22
16 7 22
7 19 40
19 7 33
7 20 46
20 7 34
7 21 46
21 7 43
7 22 31
22 7 47
7 23 58
23 7 48
7 24 35
24 7 42
7 25 19
25 7 14
7 26 9
26 7 11
7 27 46
27 7 35
7 28 18
28 7 19
7 29 24
29 7 22
7 30 47
30 7 39
7 31 35
31 7 34
7 32 32
32 7 33
7 33 10
33 7 7
7 34 5
34 7 5
7 35 50
35 7 35
7 36 36
36 7 30
7 37 23
37 7 22
7 38 30
38 7 29
7 39 28
39 7 25
7 40 75
40 7 51
7 41 33
41 7 51
7 42 36
42 7 47
7 43 38
43 7 34
7 44 19
44 7 16
7 45 3
45 7 5
7 46 17
46 7 30
7 47 20
47 7 25
7 48 47
48 7 44
7 49 28
49 7 41
7 50 24
50 7 27
7 51 6
51 7 7
7 52 13
52 7 12
7 53 9
53 7 13
7 54 47
54 7 51
7 55 48
55 7 53
7 56 21
56 7 21
7 57 21
57 7 21
7 58 17
58 7 24
7 59 22
59 7 42
7 60 50
60 7 43
7 61 51
61 7 35
7 62 36
62 7 38
7 63 50
63 7 56
7 64 21
64 7 25
7 65 31
65 7 27
7 66 13
66 7 10
7 67 27
67 7 21
7 68 53
68 7 41
7 69 22
69 7 38
7 70 26
70 7 40
7 71 29
71 7 25
7 72 50
72 7 35
7 73 43
73 7 29
7 74 20
74 7 17
7 75 14
75 7 15
8 12 56
12 8 43
8 13 28
13 8 36
8 14 56
14 8 50
8 15 32
15 8 24
8 17 12
17 8 17
8 18 34
18 8 38
8 2 22
2 8 15
8 9 22
9 8 16
8 10 39
10 8 30
8 11 15
11 8 12
8 16 25
16 8 17
8 19 36
19 8 60
8 20 33
20 8 49
8 21 52
21 8 46
8 22 38
22 8 34
8 23 24
23 8 25
8 24 9
24 8 10
8 25 14
25 8 20
8 26 35
26 8 38
8 27 54
27 8 44
8 28 25
28 8 42
8 29 38
29 8 37
8 30 12
30 8 18
8 31 4
31 8 7
8 32 44
32 8 30
8 33 31
33 8 31
8 34 20
34 8 30
8 35 41
35 8 56
8 36 66
36 8 56
8 37 11
37 8 22
8 38 5
38 8 4
8 39 11
39 8 10
8 40 48
40 8 44
8 41 37
41 8 46
8 42 60
42 8 41
8 43 11
43 8 12
8 44 26
44 8 38
8 45 17
45 8 30
8 46 73
46 8 50
8 47 54
47 8 44
8 48 16
48 8 25
8 49 10
49 8 11
8 50 12
50 8 20
8 51 18
51 8 35
8 52 19
52 8 29
8 53 39
53 8 45
8 54 21
54 8 19
8 55 30
55 8 39
8 56 41
56 8 50
8 57 18
57 8 14
8 58 64
58 8 44
8 59 99
59 8 67
8 60 49
60 8 54
8 61 27
61 8 39
8 62 20
62 8 30
8 63 59
63 8 55
8 64 31
64 8 26
8 65 19
65 8 33
8 66 26
66 8 25
8 67 40
67 8 29
8 68 45
68 8 60
8 69 49
69 8 65
8 70 86
70 8 63
8 71 9
71 8 9
8 72 48
72 8 35
8 73 21
73 8 41
8 74 30
74 8 26
8 75 33
75 8 24
12 13 11
13 12 22
12 14 9
14 12 11
12 15 27
15 12 41
12 17 44
17 12 57
12 18 14
18 12 13
12 2 24
2 12 42
12 9 29
9 12 38
12 10 18
10 12 31
12 11 24
11 12 31
12 16 32
16 12 30
12 19 31
19 12 21
12 20 34
20 12 28
12 21 51
21 12 42
12 22 29
22 12 51
12 23 52
23 12 56
12 24 59
24 12 54
12 25 24
25 12 24
12 26 8
26 12 7
12 27 29
27 12 33
12 28 9
28 12 13
12 29 30
29 12 21
12 30 29
30 12 51
12 31 37
31 12 44
12 32 43
32 12 36
12 33 12
33 12 13
12 34 9
34 12 17
12 35 27
35 12 26
12 36 23
36 12 20
12 37 28
37 12 34
12 38 36
38 12 41
12 39 32
39 12 35
12 40 35
40 12 53
12 41 48
41 12 51
12 42 29
42 12 49
12 43 23
43 12 43
12 44 10
44 12 13
12 45 16
45 12 13
12 46 31
46 12 23
12 47 20
47 12 19
12 48 49
48 12 50
12 49 36
49 12 51
12 50 22
50 12 33
12 51 11
51 12 9
12 52 29
52 12 23
12 53 5
53 12 8
12 54 59
54 12 63
12 55 70
55 12 56
12 56 13
56 12 9
12 57 23
57 12 33
12 58 17
58 12 30
12 59 21
59 12 31
12 60 53
60 12 38
12 61 31
61 12 35
12 62 39
62 12 42
12 63 83
63 12 56
12 64 43
64 12 37
12 65 46
65 12 37
12 66 14
66 12 18
12 67 18
67 12 24
12 68 32
68 12 33
12 69 39
69 12 27
12 70 31
70 12 30
12 71 25
71 12 37
12 72 24
72 12 37
12 73 16
73 12 26
12 74 16
74 12 22
12 75 16
75 12 23
13 14 24
14 13 33
13 15 43
15 13 46
13 17 38
17 13 53
13 18 10
18 13 9
13 2 46
2 13 43
13 9 33
9 13 24
13 10 11
10 13 11
13 11 39
11 13 28
13 16 44
16 13 32
13 19 54
19 13 43
13 20 52
20 13 48
13 21 43
21 13 57
13 22 48
22 13 59
13 23 36
23 13 57
13 24 23
24 13 46
13 25 16
25 13 24
13 26 34
26 13 24
13 27 57
27 13 49
13 28 45
28 13 33
13 29 18
29 13 36
13 30 52
30 13 36
13 31 52
31 13 40
13 32 68
32 13 46
13 33 29
33 13 21
13 34 8
34 13 10
13 35 34
35 13 48
13 36 35
36 13 42
13 37 22
37 13 17
13 38 41
38 13 32
13 39 47
39 13 33
13 40 60
40 13 64
13 41 46
41 13 64
13 42 47
42 13 60
13 43 28
43 13 42
13 44 24
44 13 30
13 45 25
45 13 19
13 46 44
46 13 44
13 47 29
47 13 39
13 48 54
48 13 53
13 49 35
49 13 47
13 50 50
50 13 38
13 51 27
51 13 21
13 52 9
52 13 7
13 53 10
53 13 17
13 54 47
54 13 54
13 55 78
55 13 64
13 56 32
56 13 30
13 57 15
57 13 22
13 58 12
58 13 11
13 59 74
59 13 53
13 60 44
60 13 57
13 61 69
61 13 49
13 62 32
62 13 50
13 63 64
63 13 70
13 64 20
64 13 18
13 65 10
65 13 16
13 66 25
66 13 23
13 67 19
67 13 34
13 68 45
68 13 54
13 69 61
69 13 49
13 70 32
70 13 52
13 71 33
71 13 27
13 72 53
72 13 48
13 73 55
73 13 43
13 74 27
74 13 30
13 75 38
75 13 28
14 15 51
15 14 43
14 17 84
17 14 62
14 18 19
18 14 24
14 2 67
2 14 46
14 9 49
9 14 47
14 10 28
10 14 42
14 11 56
11 14 38
14 16 20
16 14 35
14 19 14
19 14 11
14 20 20
20 14 21
14 21 42
21 14 38
14 22 41
22 14 51
14 23 32
23 14 58
14 24 50
24 14 60
14 25 16
25 14 30
14 26 10
26 14 12
14 27 17
27 14 28
14 28 8
28 14 10
14 29 16
29 14 19
14 30 82
30 14 60
14 31 66
31 14 49
14 32 22
32 14 36
14 33 15
33 14 20
14 34 18
34 14 27
14 35 15
35 14 16
14 36 12
36 14 9
14 37 46
37 14 45
14 38 35
38 14 48
14 39 53
39 14 41
14 40 45
40 14 50
14 41 26
41 14 48
14 42 33
42 14 46
14 43 66
43 14 48
14 44 15
44 14 13
14 45 23
45 14 21
14 46 17
46 14 15
14 47 13
47 14 14
14 48 69
48 14 52
14 49 65
49 14 57
14 50 52
50 14 36
14 51 12
51 14 16
14 52 37
52 14 34
14 53 20
53 14 18
14 54 51
54 14 69
14 55 55
55 14 56
14 56 2
56 14 4
14 57 21
57 14 42
14 58 55
58 14 41
14 59 12
59 14 20
14 60 20
60 14 32
14 61 40
61 14 32
14 62 39
62 14 42
14 63 44
63 14 51
14 64 59
64 14 48
14 65 64
65 14 48
14 66 19
66 14 25
14 67 29
67 14 25
14 68 30
68 14 23
14 69 22
69 14 16
14 70 10
70 14 19
14 71 29
71 14 45
14 72 51
72 14 35
14 73 16
73 14 22
14 74 15
74 14 25
14 75 35
75 14 27
15 17 12
17 15 23
15 18 34
18 15 43
15 2 11
2 15 9
15 9 30
9 15 36
15 10 56
10 15 45
15 11 30
11 15 21
15 16 18
16 15 14
15 19 43
19 15 50
15 20 21
20 15 33
15 21 30
21 15 24
15 22 16
22 15 13
15 23 8
23 15 16
15 24 35
24 15 28
15 25 32
25 15 22
15 26 43
26 15 34
15 27 25
27 15 24
15 28 45
28 15 33
15 29 31
29 15 24
15 30 33
30 15 41
15 31 11
31 15 17
15 32 7
32 15 9
15 33 19
33 15 29
15 34 24
34 15 37
15 35 62
35 15 42
15 36 62
36 15 44
15 37 45
37 15 40
15 38 30
38 15 26
15 39 24
39 15 17
15 40 26
40 15 21
15 41 23
41 15 23
15 42 24
42 15 18
15 43 17
43 15 12
15 44 15
44 15 30
15 45 32
45 15 31
15 46 20
46 15 36
15 47 22
47 15 31
15 48 9
48 15 9
15 49 15
49 15 21
15 50 9
50 15 9
15 51 21
51 15 33
15 52 45
52 15 40
15 53 42
53 15 46
15 54 49
54 15 36
15 55 12
55 15 19
15 56 24
56 15 45
15 57 42
57 15 31
15 58 30
58 15 56
15 59 80
59 15 54
15 60 17
60 15 34
15 61 12
61 15 18
15 62 7
62 15 6
15 63 27
63 15 31
15 64 35
64 15 45
15 65 45
65 15 51
15 66 15
66 15 25
15 67 16
67 15 17
15 68 28
68 15 43
15 69 74
69 15 53
15 70 66
70 15 49
15 71 22
71 15 28
15 72 18
72 15 13
15 73 37
73 15 25
15 74 16
74 15 19
15 75 19
75 15 19
17 18 80
18 17 54
17 2 19
2 17 16
17 9 44
9 17 33
17 10 35
10 17 47
17 11 14
11 17 26
17 16 25
16 17 27
17 19 72
19 17 71
17 20 74
20 17 55
17 21 56
21 17 46
17 22 24
22 17 28
17 23 18
23 17 13
17 24 10
24 17 11
17 25 28
25 17 34
17 26 58
26 17 51
17 27 69
27 17 48
17 28 34
28 17 52
17 29 35
29 17 45
17 30 40
30 17 29
17 31 9
31 17 13
17 32 37
32 17 32
17 33 43
33 17 44
17 34 67
34 17 46
17 35 86
35 17 64
17 36 81
36 17 65
17 37 47
37 17 39
17 38 26
38 17 21
17 39 11
39 17 22
17 40 27
40 17 39
17 41 58
41 17 42
17 42 56
42 17 38
17 43 8
43 17 14
17 44 42
44 17 48
17 45 38
45 17 44
17 46 31
46 17 58
17 47 64
47 17 52
17 48 16
48 17 18
17 49 5
49 17 6
17 50 31
50 17 26
17 51 55
51 17 48
17 52 68
52 17 46
17 53 48
53 17 60
17 54 8
54 17 14
17 55 33
55 17 31
17 56 34
56 17 63
17 57 36
57 17 31
17 58 45
58 17 61
17 59 65
59 17 75
17 60 37
60 17 57
17 61 40
61 17 42
17 62 21
62 17 28
17 63 55
63 17 51
17 64 50
64 17 43
17 65 38
65 17 50
17 66 29
66 17 38
17 67 50
67 17 37
17 68 62
68 17 66
17 69 86
69 17 74
17 70 65
70 17 71
17 71 28
71 17 26
17 72 51
72 17 37
17 73 69
73 17 48
17 74 53
74 17 36
17 75 26
75 17 35
18 2 58
2 18 41
18 9 15
9 18 28
18 10 13
10 18 18
18 11 26
11 18 27
18 16 17
16 18 29
18 19 34
19 18 34
18 20 32
20 18 39
18 21 36
21 18 50
18 22 41
22 18 55
18 23 74
23 18 55
18 24 40
24 18 48
18 25 21
25 18 21
18 26 11
26 18 16
18 27 58
27 18 42
18 28 12
28 18 24
18 29 20
29 18 29
18 30 55
30 18 42
18 31 20
31 18 40
18 32 26
32 18 41
18 33 18
33 18 14
18 34 4
34 18 7
18 35 45
35 18 39
18 36 35
36 18 33
18 37 27
37 18 23
18 38 20
38 18 34
18 39 40
39 18 32
18 40 38
40 18 58
18 41 39
41 18 58
18 42 75
42 18 54
18 43 59
43 18 41
18 44 29
44 18 22
18 45 19
45 18 13
18 46 40
46 18 35
18 47 40
47 18 30
18 48 68
48 18 51
18 49 43
49 18 47
18 50 44
50 18 34
18 51 8
51 18 13
18 52 7
52 18 11
18 53 12
53 18 9
18 54 32
54 18 56
18 55 85
55 18 60
18 56 22
56 18 21
18 57 34
57 18 25
18 58 23
58 18 18
18 59 36
59 18 44
18 60 26
60 18 49
18 61 31
61 18 42
18 62 46
62 18 46
18 63 51
63 18 63
18 64 16
64 18 25
18 65 17
65 18 25
18 66 26
66 18 18
18 67 27
67 18 28
18 68 41
68 18 46
18 69 53
69 18 40
18 70 56
70 18 43
18 71 23
71 18 29
18 72 59
72 18 42
18 73 48
73 18 36
18 74 19
74 18 24
18 75 33
75 18 23
2 9 23
9 2 28
2 10 49
10 2 39
2 11 12
11 2 15
2 16 8
16 2 12
2 19 66
19 2 55
2 20 55
20 2 39
2 21 28
21 2 32
2 22 21
22 2 20
2 23 10
23 2 14
2 24 15
24 2 19
2 25 25
25 2 20
2 26 29
26 2 36
2 27 30
27 2 32
2 28 33
28 2 36
2 29 19
29 2 29
2 30 49
30 2 33
2 31 5
31 2 8
2 32 15
32 2 17
2 33 25
33 2 29
2 34 26
34 2 34
2 35 53
35 2 48
2 36 62
36 2 49
2 37 46
37 2 33
2 38 23
38 2 17
2 39 13
39 2 10
2 40 21
40 2 29
2 41 20
41 2 32
2 42 32
42 2 26
2 43 4
43 2 3
2 44 37
44 2 33
2 45 22
45 2 30
2 46 30
46 2 41
2 47 51
47 2 36
2 48 16
48 2 11
2 49 8
49 2 13
2 50 5
50 2 10
2 51 27
51 2 33
2 52 42
52 2 36
2 53 38
53 2 46
2 54 32
54 2 27
2 55 17
55 2 25
2 56 48
56 2 48
2 57 18
57 2 24
2 58 39
58 2 52
2 59 56
59 2 59
2 60 28
60 2 42
2 61 21
61 2 27
2 62 18
62 2 15
2 63 24
63 2 40
2 64 31
64 2 38
2 65 31
65 2 45
2 66 30
66 2 24
2 67 21
67 2 21
2 68 30
68 2 50
2 69 37
69 2 58
2 70 41
70 2 54
2 71 27
71 2 21
2 72 12
72 2 22
2 73 21
73 2 31
2 74 15
74 2 21
2 75 10
75 2 20
9 10 11
10 9 15
9 11 22
11 9 16
9 16 18
16 9 23
9 19 35
19 9 58
9 20 54
20 9 53
9 21 59
21 9 55
9 22 36
22 9 48
9 23 59
23 9 40
9 24 25
24 9 23
9 25 15
25 9 20
9 26 50
26 9 35
9 27 44
27 9 50
9 28 48
28 9 42
9 29 56
29 9 40
9 30 12
30 9 13
9 31 26
31 9 22
9 32 36
32 9 40
9 33 21
33 9 28
9 34 31
34 9 22
9 35 48
35 9 58
9 36 44
36 9 55
9 37 9
37 9 7
9 38 12
38 9 12
9 39 16
39 9 19
9 40 65
40 9 56
9 41 83
41 9 58
9 42 27
42 9 53
9 43 20
43 9 26
9 44 22
44 9 37
9 45 35
45 9 26
9 46 57
46 9 52
9 47 61
47 9 46
9 48 43
48 9 39
9 49 18
49 9 27
9 50 22
50 9 29
9 51 21
51 9 31
9 52 17
52 9 17
9 53 35
53 9 37
9 54 26
54 9 30
9 55 46
55 9 53
9 56 52
56 9 46
9 57 5
57 9 6
9 58 27
58 9 30
9 59 94
59 9 66
9 60 81
60 9 60
9 61 60
61 9 47
9 62 41
62 9 41
9 63 61
63 9 66
9 64 15
64 9 11
9 65 14
65 9 18
9 66 23
66 9 25
9 67 25
67 9 33
9 68 49
68 9 63
9 69 34
69 9 63
9 70 72
70 9 64
9 71 8
71 9 8
9 72 63
72 9 44
9 73 64
73 9 46
9 74 38
74 9 29
9 75 24
75 9 26
10 11 34
11 10 24
10 16 24
16 10 30
10 19 40
19 10 52
10 20 77
20 10 53
10 21 40
21 10 60
10 22 82
22 10 57
10 23 56
23 10 53
10 24 36
24 10 38
10 25 23
25 10 24
10 26 32
26 10 31
10 27 40
27 10 53
10 28 35
28 10 39
10 29 47
29 10 41
10 30 27
30 10 26
10 31 25
31 10 35
10 32 58
32 10 46
10 33 13
33 10 25
10 34 12
34 10 15
10 35 52
35 10 55
10 36 60
36 10 50
10 37 9
37 10 8
10 38 28
38 10 25
10 39 38
39 10 29
10 40 66
40 10 64
10 41 79
41 10 65
10 42 68
42 10 60
10 43 21
43 10 38
10 44 25
44 10 35
10 45 31
45 10 23
10 46 58
46 10 50
10 47 36
47 10 44
10 48 47
48 10 50
10 49 47
49 10 41
10 50 31
50 10 36
10 51 14
51 10 27
10 52 8
52 10 8
10 53 33
53 10 27
10 54 24
54 10 45
10 55 67
55 10 63
10 56 32
56 10 39
10 57 12
57 10 16
10 58 14
58 10 15
10 59 78
59 10 62
10 60 69
60 10 62
10 61 27
61 10 51
10 62 34
62 10 49
10 63 52
63 10 72
10 64 8
64 10 7
10 65 8
65 10 7
10 66 37
66 10 25
10 67 35
67 10 36
10 68 63
68 10 61
10 69 55
69 10 58
10 70 57
70 10 60
10 71 21
71 10 21
10 72 73
72 10 50
10 73 69
73 10 47
10 74 37
74 10 32
10 75 37
75 10 29
11 16 6
16 11 7
11 19 34
19 11 48
11 20 45
20 11 39
11 21 35
21 11 39
11 22 19
22 11 33
11 23 23
23 11 29
11 24 27
24 11 22
11 25 11
25 11 8
11 26 31
26 11 26
11 27 48
27 11 35
11 28 18
28 11 30
11 29 13
29 11 26
11 30 33
30 11 25
11 31 10
31 11 13
11 32 29
32 11 24
11 33 18
33 11 19
11 34 27
34 11 20
11 35 41
35 11 45
11 36 23
36 11 44
11 37 25
37 11 19
11 38 14
38 11 10
11 39 6
39 11 5
11 40 52
40 11 41
11 41 36
41 11 42
11 42 38
42 11 37
11 43 19
43 11 14
11 44 36
44 11 26
11 45 26
45 11 18
11 46 32
46 11 39
11 47 35
47 11 33
11 48 24
48 11 26
11 49 30
49 11 21
11 50 17
50 11 13
11 51 33
51 11 23
11 52 26
52 11 21
11 53 22
53 11 34
11 54 29
54 11 31
11 55 58
55 11 39
11 56 48
56 11 38
11 57 5
57 11 10
11 58 36
58 11 37
11 59 39
59 11 55
11 60 59
60 11 45
11 61 33
61 11 31
11 62 34
62 11 26
11 63 26
63 11 50
11 64 13
64 11 24
11 65 28
65 11 30
11 66 8
66 11 13
11 67 22
67 11 18
11 68 58
68 11 49
11 69 74
69 11 53
11 70 50
70 11 52
11 71 10
71 11 9
11 72 40
72 11 28
11 73 44
73 11 31
11 74 18
74 11 15
11 75 9
75 11 12
16 19 66
19 16 45
16 20 22
20 16 33
16 21 33
21 16 32
16 22 33
22 16 27
16 23 35
23 16 26
16 24 37
24 16 26
16 25 10
25 16 8
16 26 32
26 16 24
16 27 39
27 16 28
16 28 29
28 16 26
16 29 14
29 16 21
16 30 47
30 16 32
16 31 19
31 16 14
16 32 17
32 16 17
16 33 15
33 16 17
16 34 30
34 16 23
16 35 53
35 16 40
16 36 37
36 16 40
16 37 37
37 16 26
16 38 22
38 16 16
16 39 4
39 16 7
16 40 20
40 16 34
16 41 47
41 16 35
16 42 34
42 16 30
16 43 13
43 16 13
16 44 23
44 16 22
16 45 11
45 16 18
16 46 46
46 16 34
16 47 17
47 16 27
16 48 14
48 16 22
16 49 24
49 16 22
16 50 7
50 16 6
16 51 20
51 16 21
16 52 26
52 16 26
16 53 20
53 16 34
16 54 45
54 16 35
16 55 33
55 16 33
16 56 52
56 16 36
16 57 18
57 16 17
16 58 30
58 16 42
16 59 29
59 16 50
16 60 39
60 16 38
16 61 14
61 16 24
16 62 24
62 16 19
16 63 53
63 16 43
16 64 24
64 16 31
16 65 26
65 16 37
16 66 17
66 16 12
16 67 15
67 16 12
16 68 31
68 16 43
16 69 54
69 16 49
16 70 25
70 16 46
16 71 9
71 16 16
16 72 22
72 16 21
16 73 25
73 16 25
16 74 10
74 16 10
16 75 6
75 16 8
19 20 14
20 19 22
19 21 28
21 19 40
19 22 81
22 19 57
19 23 57
23 19 66
19 24 57
24 19 70
19 25 33
25 19 41
19 26 34
26 19 23
19 27 46
27 19 31
19 28 22
28 19 18
19 29 21
29 19 26
19 30 82
30 19 71
19 31 80
31 19 58
19 32 49
32 19 43
19 33 40
33 19 31
19 34 46
34 19 38
19 35 13
35 19 13
19 36 4
36 19 6
19 37 62
37 19 55
19 38 85
38 19 58
19 39 27
39 19 51
19 40 42
40 19 54
19 41 66
41 19 51
19 42 48
42 19 50
19 43 73
43 19 56
19 44 16
44 19 22
19 45 37
45 19 32
19 46 11
46 19 16
19 47 12
47 19 19
19 48 53
48 19 59
19 49 80
49 19 66
19 50 39
50 19 44
19 51 33
51 19 27
19 52 43
52 19 44
19 53 14
53 19 27
19 54 117
54 19 79
19 55 71
55 19 61
19 56 7
56 19 13
19 57 61
57 19 53
19 58 52
58 19 50
19 59 9
59 19 10
19 60 42
60 19 31
19 61 27
61 19 36
19 62 46
62 19 48
19 63 52
63 19 52
19 64 77
64 19 58
19 65 55
65 19 59
19 66 22
66 19 35
19 67 41
67 19 34
19 68 11
68 19 19
19 69 7
69 19 6
19 70 8
70 19 11
19 71 40
71 19 55
19 72 53
72 19 40
19 73 15
73 19 27
19 74 22
74 19 34
19 75 37
75 19 36
20 21 12
21 20 18
20 22 31
22 20 36
20 23 35
23 20 48
20 24 86
24 20 58
20 25 37
25 20 33
20 26 13
26 20 24
20 27 7
27 20 9
20 28 10
28 20 15
20 29 18
29 20 13
20 30 69
30 20 64
20 31 30
31 20 46
20 32 31
32 20 24
20 33 26
33 20 28
20 34 48
34 20 39
20 35 10
35 20 10
20 36 18
36 20 16
20 37 61
37 20 53
20 38 27
38 20 49
20 39 23
39 20 40
20 40 40
40 20 32
20 41 27
41 20 29
20 42 18
42 20 28
20 43 34
43 20 42
20 44 12
44 20 18
20 45 29
45 20 30
20 46 3
46 20 6
20 47 5
47 20 9
20 48 39
48 20 41
20 49 28
49 20 52
20 50 21
50 20 30
20 51 29
51 20 27
20 52 30
52 20 45
20 53 44
53 20 36
20 54 57
54 20 66
20 55 33
55 20 39
20 56 29
56 20 25
20 57 65
57 20 47
20 58 75
58 20 57
20 59 13
59 20 22
20 60 10
60 20 11
20 61 16
61 20 15
20 62 33
62 20 29
20 63 32
63 20 30
20 64 59
64 20 57
20 65 57
65 20 60
20 66 31
66 20 29
20 67 30
67 20 21
20 68 11
68 20 11
20 69 19
69 20 22
20 70 10
70 20 17
20 71 49
71 20 48
20 72 11
72 20 20
20 73 10
73 20 8
20 74 21
74 20 24
20 75 37
75 20 27
21 22 17
22 21 21
21 23 41
23 21 36
21 24 69
24 21 52
21 25 49
25 21 36
21 26 48
26 21 36
21 27 13
27 21 9
21 28 29
28 21 29
21 29 21
29 21 21
21 30 59
30 21 63
21 31 24
31 21 40
21 32 15
32 21 16
21 33 25
33 21 36
21 34 37
34 21 47
21 35 27
35 21 28
21 36 30
36 21 34
21 37 64
37 21 57
21 38 67
38 21 47
21 39 39
39 21 37
21 40 21
40 21 15
21 41 13
41 21 11
21 42 17
42 21 12
21 43 25
43 21 35
21 44 32
44 21 29
21 45 30
45 21 38
21 46 16
46 21 24
21 47 25
47 21 23
21 48 23
48 21 29
21 49 46
49 21 44
21 50 17
50 21 26
21 51 43
51 21 37
21 52 32
52 21 53
21 53 65
53 21 49
21 54 83
54 21 59
21 55 28
55 21 23
21 56 38
56 21 41
21 57 44
57 21 49
21 58 54
58 21 67
21 59 45
59 21 39
21 60 10
60 21 12
21 61 7
61 21 8
21 62 17
62 21 18
21 63 19
63 21 14
21 64 60
64 21 62
21 65 87
65 21 67
21 66 30
66 21 35
21 67 31
67 21 23
21 68 36
68 21 26
21 69 48
69 21 40
21 70 43
70 21 34
21 71 49
71 21 48
21 72 8
72 21 11
21 73 11
73 21 15
21 74 32
74 21 27
21 75 29
75 21 30
22 23 21
23 22 16
22 24 35
24 22 36
22 25 45
25 22 35
22 26 33
26 22 44
22 27 30
27 22 27
22 28 38
28 22 41
22 29 45
29 22 32
22 30 46
30 22 52
22 31 35
31 22 27
22 32 22
32 22 15
22 33 47
33 22 41
22 34 71
34 22 49
22 35 43
35 22 47
22 36 39
36 22 51
22 37 26
37 22 52
22 38 29
38 22 37
22 39 29
39 22 29
22 40 15
40 22 11
22 41 17
41 22 15
22 42 10
42 22 10
22 43 27
43 22 22
22 44 58
44 22 39
22 45 35
45 22 42
22 46 47
46 22 41
22 47 54
47 22 38
22 48 8
48 22 10
22 49 28
49 22 28
22 50 30
50 22 21
22 51 40
51 22 44
22 52 48
52 22 53
22 53 42
53 22 57
22 54 56
54 22 42
22 55 6
55 22 6
22 56 67
56 22 54
22 57 27
57 22 43
22 58 69
58 22 69
22 59 84
59 22 58
22 60 28
60 22 33
22 61 25
61 22 21
22 62 13
62 22 9
22 63 22
63 22 23
22 64 55
64 22 57
22 65 41
65 22 64
22 66 52
66 22 37
22 67 26
67 22 27
22 68 55
68 22 46
22 69 58
69 22 58
22 70 69
70 22 53
22 71 27
71 22 40
22 72 13
72 22 16
22 73 19
73 22 30
22 74 26
74 22 30
22 75 29
75 22 31
23 24 22
24 23 23
23 25 28
25 23 34
23 26 42
26 23 49
23 27 23
27 23 39
23 28 67
28 23 48
23 29 50
29 23 40
23 30 31
30 23 41
23 31 13
31 23 18
23 32 35
32 23 24
23 33 25
33 23 43
23 34 25
34 23 49
23 35 48
35 23 57
23 36 59
36 23 60
23 37 66
37 23 46
23 38 22
38 23 29
23 39 17
39 23 24
23 40 17
40 23 26
23 41 41
41 23 30
23 42 21
42 23 26
23 43 8
43 23 15
23 44 62
44 23 45
23 45 36
45 23 44
23 46 42
46 23 51
23 47 55
47 23 47
23 48 4
48 23 7
23 49 9
49 23 15
23 50 32
50 23 22
23 51 67
51 23 47
23 52 35
52 23 50
23 53 72
53 23 60
23 54 39
54 23 27
23 55 18
55 23 18
23 56 57
56 23 60
23 57 21
57 23 37
23 58 83
58 23 66
23 59 56
59 23 69
23 60 44
60 23 47
23 61 29
61 23 32
23 62 22
62 23 18
23 63 41
63 23 38
23 64 70
64 23 51
23 65 81
65 23 58
23 66 33
66 23 38
23 67 18
67 23 33
23 68 47
68 23 58
23 69 65
69 23 68
23 70 89
70 23 64
23 71 24
71 23 33
23 72 31
72 23 27
23 73 36
73 23 40
23 74 33
74 23 33
23 75 18
75 23 33
24 25 19
25 24 30
24 26 46
26 24 48
24 27 26
27 24 51
24 28 26
28 24 52
24 29 23
29 24 46
24 30 14
30 24 18
24 31 11
31 24 12
24 32 45
32 24 36
24 33 31
33 24 41
24 34 23
34 24 40
24 35 50
35 24 65
24 36 69
36 24 65
24 37 43
37 24 30
24 38 17
38 24 14
24 39 22
39 24 19
24 40 70
40 24 47
24 41 65
41 24 50
24 42 30
42 24 45
24 43 17
43 24 16
24 44 61
44 24 47
24 45 20
45 24 40
24 46 30
46 24 59
24 47 44
47 24 53
24 48 20
48 24 26
24 49 5
49 24 8
24 50 16
50 24 28
24 51 62
51 24 45
24 52 46
52 24 39
24 53 68
53 24 55
24 54 13
54 24 9
24 55 45
55 24 40
24 56 33
56 24 60
24 57 33
57 24 23
24 58 75
58 24 53
24 59 65
59 24 76
24 60 68
60 24 61
24 61 63
61 24 45
24 62 19
62 24 34
24 63 35
63 24 59
24 64 29
64 24 34
24 65 26
65 24 41
24 66 41
66 24 36
24 67 26
67 24 37
24 68 70
68 24 68
24 69 79
69 24 74
24 70 74
70 24 72
24 71 18
71 24 18
24 72 24
72 24 41
24 73 56
73 24 50
24 74 47
74 24 35
24 75 28
75 24 33
25 26 11
26 25 18
25 27 16
27 25 31
25 28 16
28 25 23
25 29 25
29 25 20
25 30 27
30 25 32
25 31 18
31 25 20
25 32 19
32 25 23
25 33 6
33 25 11
25 34 22
34 25 15
25 35 22
35 25 38
25 36 27
36 25 36
25 37 26
37 25 21
25 38 22
38 25 18
25 39 6
39 25 12
25 40 22
40 25 41
25 41 21
41 25 41
25 42 50
42 25 37
25 43 21
43 25 20
25 44 24
44 25 18
25 45 7
45 25 11
25 46 44
46 25 32
25 47 28
47 25 26
25 48 38
48 25 30
25 49 25
49 25 28
25 50 18
50 25 14
25 51 11
51 25 15
25 52 15
52 25 18
25 53 32
53 25 26
25 54 29
54 25 39
25 55 49
55 25 41
25 56 33
56 25 30
25 57 7
57 25 14
25 58 41
58 25 34
25 59 30
59 25 48
25 60 46
60 25 40
25 61 38
61 25 28
25 62 30
62 25 26
25 63 38
63 25 49
25 64 36
64 25 26
25 65 16
65 25 31
25 66 7
66 25 6
25 67 8
67 25 13
25 68 43
68 25 43
25 69 58
69 25 45
25 70 37
70 25 45
25 71 19
71 25 15
25 72 30
72 25 26
25 73 13
73 25 26
25 74 9
74 25 9
25 75 7
75 25 6
26 27 20
27 26 27
26 28 10
28 26 9
26 29 12
29 26 14
26 30 45
30 26 48
26 31 25
31 26 38
26 32 23
32 26 29
26 33 6
33 26 8
26 34 18
34 26 16
26 35 25
35 26 24
26 36 12
36 26 20
26 37 21
37 26 33
26 38 29
38 26 36
26 39 31
39 26 30
26 40 31
40 26 46
26 41 54
41 26 44
26 42 32
42 26 42
26 43 49
43 26 37
26 44 6
44 26 6
26 45 8
45 26 9
26 46 26
46 26 20
26 47 19
47 26 15
26 48 42
48 26 43
26 49 35
49 26 46
26 50 17
50 26 26
26 51 4
51 26 4
26 52 17
52 26 23
26 53 16
53 26 14
26 54 78
54 26 58
26 55 71
55 26 49
26 56 12
56 26 12
26 57 36
57 26 30
26 58 48
58 26 34
26 59 38
59 26 31
26 60 42
60 26 34
26 61 36
61 26 28
26 62 45
62 26 35
26 63 59
63 26 49
26 64 51
64 26 36
26 65 51
65 26 38
26 66 10
66 26 13
26 67 24
67 26 17
26 68 18
68 26 30
26 69 31
69 26 28
26 70 43
70 26 29
26 71 30
71 26 33
26 72 30
72 26 30
26 73 28
73 26 20
26 74 8
74 26 15
26 75 20
75 26 16
27 28 13
28 27 20
27 29 18
29 27 13
27 30 76
30 27 60
27 31 52
31 27 39
27 32 22
32 27 16
27 33 20
33 27 28
27 34 54
34 27 39
27 35 18
35 27 20
27 36 14
36 27 25
27 37 76
37 27 51
27 38 63
38 27 44
27 39 42
39 27 34
27 40 30
40 27 23
27 41 17
41 27 20
27 42 21
42 27 19
27 43 29
43 27 35
27 44 26
44 27 21
27 45 43
45 27 30
27 46 9
46 27 15
27 47 13
47 27 14
27 48 44
48 27 32
27 49 63
49 27 45
27 50 28
50 27 24
27 51 37
51 27 29
27 52 62
52 27 46
27 53 58
53 27 41
27 54 82
54 27 60
27 55 22
55 27 30
27 56 27
56 27 32
27 57 53
57 27 44
27 58 46
58 27 59
27 59 35
59 27 31
27 60 7
60 27 10
27 61 6
61 27 6
27 62 27
62 27 20
27 63 22
63 27 23
27 64 63
64 27 56
27 65 43
65 27 60
27 66 25
66 27 28
27 67 18
67 27 17
27 68 17
68 27 19
27 69 20
69 27 32
27 70 16
70 27 26
27 71 39
71 27 44
27 72 6
72 27 11
27 73 4
73 27 6
27 74 20
74 27 21
27 75 25
75 27 24
28 29 13
29 28 9
28 30 66
30 28 54
28 31 45
31 28 40
28 32 15
32 28 26
28 33 15
33 28 14
28 34 16
34 28 24
28 35 8
35 28 16
28 36 8
36 28 14
28 37 46
37 28 40
28 38 28
38 28 40
28 39 29
39 28 33
28 40 33
40 28 41
28 41 45
41 28 39
28 42 19
42 28 37
28 43 29
43 28 38
28 44 2
44 28 4
28 45 23
45 28 16
28 46 7
46 28 11
28 47 6
47 28 6
28 48 28
48 28 42
28 49 70
49 28 48
28 50 26
50 28 26
28 51 10
51 28 12
28 52 38
52 28 31
28 53 15
53 28 21
28 54 81
54 28 61
28 55 28
55 28 46
28 56 12
56 28 13
28 57 42
57 28 36
28 58 32
58 28 42
28 59 15
59 28 25
28 60 31
60 28 25
28 61 21
61 28 23
28 62 25
62 28 32
28 63 53
63 28 43
28 64 52
64 28 44
28 65 64
65 28 46
28 66 25
66 28 17
28 67 18
67 28 16
28 68 27
68 28 22
28 69 27
69 28 23
28 70 17
70 28 22
28 71 22
71 28 38
28 72 14
72 28 25
28 73 11
73 28 13
28 74 11
74 28 16
28 75 15
75 28 18
29 30 61
30 29 51
29 31 32
31 29 34
29 32 15
32 29 17
29 33 19
33 29 16
29 34 17
34 29 27
29 35 11
35 29 19
29 36 18
36 29 20
29 37 46
37 29 40
29 38 23
38 29 36
29 39 15
39 29 27
29 40 21
40 29 32
29 41 30
41 29 30
29 42 20
42 29 28
29 43 23
43 29 31
29 44 7
44 29 8
29 45 24
45 29 18
29 46 16
46 29 13
29 47 6
47 29 7
29 48 41
48 29 33
29 49 56
49 29 41
29 50 23
50 29 19
29 51 12
51 29 16
29 52 37
52 29 33
29 53 35
53 29 28
29 54 78
54 29 55
29 55 23
55 29 37
29 56 20
56 29 22
29 57 49
57 29 34
29 58 24
58 29 47
29 59 38
59 29 30
29 60 24
60 29 21
29 61 15
61 29 14
29 62 14
62 29 23
29 63 48
63 29 35
29 64 50
64 29 45
29 65 30
65 29 48
29 66 21
66 29 16
29 67 12
67 29 9
29 68 24
68 29 23
29 69 21
69 29 29
29 70 24
70 29 26
29 71 40
71 29 35
29 72 16
72 29 16
29 73 6
73 29 7
29 74 9
74 29 11
29 75 9
75 29 14
30 31 29
31 30 25
30 32 53
32 30 47
30 33 48
33 30 41
30 34 32
34 30 35
30 35 101
35 30 70
30 36 58
36 30 68
30 37 12
37 30 19
30 38 20
38 30 16
30 39 38
39 30 26
30 40 74
40 30 62
30 41 54
41 30 64
30 42 30
42 30 59
30 43 33
43 30 30
30 44 49
44 30 50
30 45 38
45 30 39
30 46 88
46 30 64
30 47 29
47 30 58
30 48 57
48 30 42
30 49 38
49 30 26
30 50 37
50 30 37
30 51 42
51 30 44
30 52 45
52 30 31
30 53 72
53 30 50
30 54 27
54 30 22
30 55 57
55 30 56
30 56 41
56 30 60
30 57 10
57 30 18
30 58 46
58 30 41
30 59 48
59 30 79
30 60 40
60 30 70
30 61 48
61 30 56
30 62 43
62 30 47
30 63 83
63 30 72
30 64 28
64 30 20
30 65 37
65 30 26
30 66 51
66 30 37
30 67 28
67 30 44
30 68 58
68 30 74
30 69 43
69 30 76
30 70 75
70 30 76
30 71 22
71 30 16
30 72 45
72 30 52
30 73 45
73 30 56
30 74 39
74 30 40
30 75 49
75 30 37
31 32 27
32 31 24
31 33 43
33 31 31
31 34 21
34 31 33
31 35 66
35 31 54
31 36 69
36 31 54
31 37 32
37 31 28
31 38 11
38 31 11
31 39 7
39 31 9
31 40 47
40 31 37
31 41 36
41 31 40
31 42 42
42 31 35
31 43 7
43 31 5
31 44 43
44 31 36
31 45 36
45 31 31
31 46 55
46 31 47
31 47 23
47 31 41
31 48 18
48 31 18
31 49 9
49 31 8
31 50 8
50 31 16
31 51 34
51 31 35
31 52 23
52 31 33
31 53 48
53 31 47
31 54 20
54 31 21
31 55 19
55 31 32
31 56 36
56 31 50
31 57 13
57 31 19
31 58 37
58 31 49
31 59 45
59 31 64
31 60 41
60 31 49
31 61 27
61 31 34
31 62 26
62 31 23
31 63 25
63 31 48
31 64 26
64 31 33
31 65 55
65 31 40
31 66 28
66 31 25
31 67 35
67 31 26
31 68 41
68 31 56
31 69 93
69 31 63
31 70 44
70 31 60
31 71 10
71 31 15
31 72 18
72 31 29
31 73 38
73 31 38
31 74 22
74 31 24
31 75 21
75 31 22
32 33 31
33 32 26
32 34 21
34 32 36
32 35 19
35 32 34
32 36 38
36 32 37
32 37 41
37 32 43
32 38 24
38 32 31
32 39 24
39 32 21
32 40 11
40 32 18
32 41 16
41 32 19
32 42 8
42 32 14
32 43 18
43 32 20
32 44 16
44 32 24
32 45 40
45 32 28
32 46 25
46 32 28
32 47 18
47 32 23
32 48 10
48 32 17
32 49 19
49 32 29
32 50 7
50 32 10
32 51 29
51 32 29
32 52 41
52 32 40
32 53 48
53 32 42
32 54 50
54 32 44
32 55 27
55 32 20
32 56 21
56 32 39
32 57 36
57 32 34
32 58 52
58 32 56
32 59 29
59 32 45
32 60 17
60 32 25
32 61 12
61 32 10
32 62 8
62 32 6
32 63 17
63 32 26
32 64 30
64 32 47
32 65 51
65 32 53
32 66 32
66 32 23
32 67 12
67 32 13
32 68 42
68 32 35
32 69 65
69 32 45
32 70 50
70 32 41
32 71 22
71 32 32
32 72 7
72 32 5
32 73 16
73 32 17
32 74 18
74 32 16
32 75 13
75 32 18
33 34 13
34 33 11
33 35 16
35 33 30
33 36 40
36 33 27
33 37 14
37 33 26
33 38 22
38 33 28
33 39 16
39 33 22
33 40 26
40 33 44
33 41 48
41 33 44
33 42 21
42 33 40
33 43 43
43 33 30
33 44 11
44 33 10
33 45 2
45 33 2
33 46 33
46 33 25
33 47 17
47 33 19
33 48 43
48 33 38
33 49 45
49 33 38
33 50 26
50 33 21
33 51 2
51 33 4
33 52 21
52 33 18
33 53 19
53 33 17
33 54 30
54 33 50
33 55 36
55 33 46
33 56 15
56 33 20
33 57 20
57 33 22
33 58 32
58 33 31
33 59 47
59 33 39
33 60 28
60 33 37
33 61 19
61 33 28
33 62 30
62 33 32
33 63 39
63 33 49
33 64 37
64 33 30
33 65 24
65 33 33
33 66 6
66 33 5
33 67 16
67 33 14
33 68 47
68 33 36
33 69 47
69 33 36
33 70 19
70 33 36
33 71 13
71 33 25
33 72 14
72 33 28
33 73 14
73 33 22
33 74 7
74 33 10
33 75 11
75 33 10
34 35 36
35 34 40
34 36 43
36 34 35
34 37 16
37 34 18
34 38 30
38 34 27
34 39 24
39 34 25
34 40 61
40 34 54
34 41 62
41 34 54
34 42 25
42 34 50
34 43 27
43 34 34
34 44 17
44 34 21
34 45 13
45 34 9
34 46 44
46 34 35
34 47 43
47 34 30
34 48 29
48 34 45
34 49 30
49 34 40
34 50 19
50 34 28
34 51 8
51 34 12
34 52 5
52 34 7
34 53 8
53 34 15
34 54 55
54 34 49
34 55 28
55 34 55
34 56 28
56 34 25
34 57 26
57 34 18
34 58 26
58 34 21
34 59 50
59 34 47
34 60 65
60 34 48
34 61 26
61 34 39
34 62 33
62 34 40
34 63 62
63 34 60
34 64 27
64 34 21
34 65 15
65 34 22
34 66 7
66 34 13
34 67 22
67 34 24
34 68 42
68 34 46
34 69 38
69 34 43
34 70 59
70 34 45
34 71 11
71 34 22
34 72 47
72 34 38
34 73 30
73 34 34
34 74 28
74 34 20
34 75 19
75 34 18
35 36 6
36 35 8
35 37 64
37 35 56
35 38 34
38 35 55
35 39 61
39 35 47
35 40 38
40 35 43
35 41 46
41 35 39
35 42 53
42 35 39
35 43 31
43 35 50
35 44 12
44 35 20
35 45 17
45 35 32
35 46 8
46 35 6
35 47 15
47 35 12
35 48 29
48 35 50
35 49 49
49 35 60
35 50 39
50 35 38
35 51 18
51 35 28
35 52 37
52 35 47
35 53 33
53 35 34
35 54 103
54 35 74
35 55 34
55 35 50
35 56 29
56 35 20
35 57 38
57 35 52
35 58 32
58 35 56
35 59 10
59 35 12
35 60 22
60 35 18
35 61 32
61 35 26
35 62 43
62 35 39
35 63 39
63 35 39
35 64 71
64 35 60
35 65 59
65 35 62
35 66 29
66 35 33
35 67 35
67 35 28
35 68 9
68 35 7
35 69 13
69 35 12
35 70 4
70 35 7
35 71 34
71 35 53
35 72 36
72 35 30
35 73 13
73 35 17
35 74 33
74 35 30
35 75 47
75 35 33
36 37 72
37 36 53
36 38 46
38 36 54
36 39 58
39 36 46
36 40 45
40 36 48
36 41 27
41 36 45
36 42 41
42 36 44
36 43 42
43 36 51
36 44 19
44 36 18
36 45 21
45 36 28
36 46 5
46 36 10
36 47 14
47 36 13
36 48 69
48 36 53
36 49 61
49 36 61
36 50 28
50 36 39
36 51 32
51 36 24
36 52 55
52 36 42
36 53 19
53 36 27
36 54 84
54 36 74
36 55 45
55 36 55
36 56 9
56 36 13
36 57 27
57 36 49
36 58 56
58 36 50
36 59 11
59 36 12
36 60 16
60 36 26
36 61 37
61 36 30
36 62 40
62 36 42
36 63 52
63 36 46
36 64 42
64 36 56
36 65 51
65 36 57
36 66 33
66 36 31
36 67 21
67 36 28
36 68 18
68 36 15
36 69 8
69 36 9
36 70 12
70 36 10
36 71 62
71 36 51
36 72 40
72 36 34
36 73 18
73 36 21
36 74 31
74 36 30
36 75 33
75 36 32
37 38 9
38 37 18
37 39 31
39 37 23
37 40 53
40 37 60
37 41 52
41 37 61
37 42 63
42 37 56
37 43 18
43 37 32
37 44 34
44 37 36
37 45 25
45 37 24
37 46 38
46 37 51
37 47 61
47 37 45
37 48 28
48 37 45
37 49 29
49 37 34
37 50 34
50 37 32
37 51 41
51 37 29
37 52 6
52 37 12
37 53 41
53 37 32
37 54 49
54 37 37
37 55 85
55 37 58
37 56 45
56 37 43
37 57 13
57 37 9
37 58 22
58 37 23
37 59 41
59 37 64
37 60 33
60 37 61
37 61 51
61 37 49
37 62 50
62 37 45
37 63 63
63 37 69
37 64 3
64 37 5
37 65 7
65 37 12
37 66 17
66 37 24
37 67 29
67 37 34
37 68 54
68 37 62
37 69 67
69 37 61
37 70 50
70 37 62
37 71 9
71 37 13
37 72 39
72 37 47
37 73 65
73 37 47
37 74 35
74 37 30
37 75 35
75 37 27
38 39 14
39 38 10
38 40 26
40 38 47
38 41 54
41 38 48
38 42 42
42 38 43
38 43 19
43 38 15
38 44 41
44 38 36
38 45 32
45 38 28
38 46 63
46 38 49
38 47 42
47 38 43
38 48 31
48 38 28
38 49 8
49 38 16
38 50 29
50 38 21
38 51 22
51 38 33
38 52 23
52 38 25
38 53 44
53 38 42
38 54 22
54 38 22
38 55 61
55 38 42
38 56 39
56 38 48
38 57 11
57 38 10
38 58 52
58 38 40
38 59 37
59 38 66
38 60 38
60 38 54
38 61 35
61 38 40
38 62 40
62 38 32
38 63 30
63 38 57
38 64 31
64 38 22
38 65 27
65 38 29
38 66 14
66 38 23
38 67 30
67 38 28
38 68 62
68 38 59
38 69 65
69 38 63
38 70 57
70 38 62
38 71 3
71 38 5
38 72 49
72 38 36
38 73 52
73 38 41
38 74 30
74 38 25
38 75 32
75 38 22
39 40 50
40 39 38
39 41 31
41 39 39
39 42 47
42 39 34
39 43 7
43 39 9
39 44 33
44 39 28
39 45 15
45 39 22
39 46 55
46 39 40
39 47 41
47 39 34
39 48 22
48 39 22
39 49 13
49 39 16
39 50 14
50 39 11
39 51 17
51 39 27
39 52 27
52 39 26
39 53 29
53 39 38
39 54 25
54 39 28
39 55 22
55 39 35
39 56 45
56 39 42
39 57 20
57 39 14
39 58 26
58 39 42
39 59 43
59 39 57
39 60 31
60 39 44
39 61 19
61 39 30
39 62 12
62 39 22
39 63 44
63 39 47
39 64 16
64 39 28
39 65 43
65 39 35
39 66 18
66 39 17
39 67 24
67 39 19
39 68 71
68 39 50
39 69 51
69 39 55
39 70 45
70 39 53
39 71 16
71 39 11
39 72 34
72 39 26
39 73 27
73 39 32
39 74 11
74 39 16
39 75 14
75 39 14
40 41 5
41 40 4
40 42 5
42 40 4
40 43 44
43 40 32
40 44 37
44 40 40
40 45 50
45 40 46
40 46 37
46 40 38
40 47 51
47 40 36
40 48 26
48 40 21
40 49 25
49 40 39
40 50 34
50 40 28
40 51 49
51 40 46
40 52 79
52 40 58
40 53 56
53 40 59
40 54 27
54 40 53
40 55 9
55 40 10
40 56 39
56 40 54
40 57 47
57 40 51
40 58 54
58 40 74
40 59 28
59 40 54
40 60 33
60 40 26
40 61 9
61 40 18
40 62 20
62 40 15
40 63 9
63 40 12
40 64 55
64 40 65
40 65 77
65 40 71
40 66 45
66 40 41
40 67 17
67 40 30
40 68 38
68 40 40
40 69 79
69 40 55
40 70 55
70 40 49
40 71 62
71 40 49
40 72 12
72 40 16
40 73 21
73 40 28
40 74 31
74 40 34
40 75 45
75 40 36
41 42 6
42 41 5
41 43 47
43 41 34
41 44 51
44 41 38
41 45 52
45 41 46
41 46 21
46 41 35
41 47 29
47 41 34
41 48 23
48 41 24
41 49 35
49 41 42
41 50 40
50 41 29
41 51 40
51 41 46
41 52 79
52 41 59
41 53 37
53 41 58
41 54 69
54 41 56
41 55 11
55 41 14
41 56 77
56 41 52
41 57 54
57 41 52
41 58 37
58 41 74
41 59 35
59 41 50
41 60 27
60 41 22
41 61 14
61 41 16
41 62 23
62 41 17
41 63 6
63 41 9
41 64 92
64 41 66
41 65 39
65 41 72
41 66 34
66 41 41
41 67 18
67 41 30
41 68 35
68 41 36
41 69 33
69 41 51
41 70 34
70 41 45
41 71 44
71 41 50
41 72 11
72 41 16
41 73 28
73 41 26
41 74 47
74 41 34
41 75 28
75 41 36
42 43 38
43 42 29
42 44 36
44 42 36
42 45 56
45 42 42
42 46 17
46 42 34
42 47 30
47 42 32
42 48 13
48 42 19
42 49 49
49 42 37
42 50 26
50 42 24
42 51 59
51 42 42
42 52 37
52 42 54
42 53 60
53 42 55
42 54 64
54 42 51
42 55 8
55 42 12
42 56 50
56 42 50
42 57 65
57 42 48
42 58 104
58 42 70
42 59 42
59 42 50
42 60 14
60 42 24
42 61 13
61 42 14
42 62 12
62 42 12
42 63 18
63 42 14
42 64 62
64 42 61
42 65 65
65 42 67
42 66 40
66 42 37
42 67 18
67 42 26
42 68 43
68 42 37
42 69 34
69 42 51
42 70 58
70 42 45
42 71 61
71 42 45
42 72 6
72 42 12
42 73 29
73 42 24
42 74 29
74 42 30
42 75 44
75 42 32
43 44 29
44 43 34
43 45 26
45 43 31
43 46 35
46 43 44
43 47 54
47 43 38
43 48 18
48 43 13
43 49 7
49 43 10
43 50 12
50 43 12
43 51 27
51 43 34
43 52 42
52 43 35
43 53 37
53 43 47
43 54 35
54 43 25
43 55 24
55 43 27
43 56 29
56 43 49
43 57 18
57 43 22
43 58 77
58 43 52
43 59 82
59 43 61
43 60 42
60 43 45
43 61 27
61 43 29
43 62 17
62 43 18
43 63 45
63 43 43
43 64 34
64 43 36
43 65 39
65 43 43
43 66 23
66 43 25
43 67 25
67 43 23
43 68 73
68 43 53
43 69 79
69 43 60
43 70 69
70 43 57
43 71 25
71 43 18
43 72 19
72 43 25
43 73 28
73 43 34
43 74 32
74 43 22
43 75 15
75 43 21
44 45 14
45 44 12
44 46 21
46 44 15
44 47 8
47 44 9
44 48 52
48 44 39
44 49 33
49 44 44
44 50 19
50 44 23
44 51 7
51 44 9
44 52 35
52 44 27
44 53 25
53 44 20
44 54 78
54 44 57
44 55 43
55 44 44
44 56 10
56 44 15
44 57 36
57 44 32
44 58 55
58 44 39
44 59 26
59 44 30
44 60 19
60 44 28
44 61 24
61 44 22
44 62 33
62 44 30
44 63 51
63 44 43
44 64 51
64 44 40
44 65 35
65 44 42
44 66 16
66 44 13
44 67 7
67 44 12
44 68 21
68 44 26
44 69 34
69 44 27
44 70 16
70 44 27
44 71 25
71 44 34
44 72 35
72 44 24
44 73 9
73 44 14
44 74 14
74 44 12
44 75 10
75 44 14
45 46 20
46 45 27
45 47 12
47 45 21
45 48 30
48 45 39
45 49 21
49 45 39
45 50 25
50 45 22
45 51 6
51 45 5
45 52 13
52 45 16
45 53 17
53 45 16
45 54 37
54 45 50
45 55 33
55 45 48
45 56 14
56 45 21
45 57 24
57 45 21
45 58 40
58 45 29
45 59 46
59 45 40
45 60 35
60 45 39
45 61 15
61 45 30
45 62 44
62 45 33
45 63 67
63 45 51
45 64 16
64 45 28
45 65 35
65 45 31
45 66 8
66 45 6
45 67 10
67 45 16
45 68 38
68 45 38
45 69 47
69 45 37
45 70 21
70 45 38
45 71 13
71 45 24
45 72 37
72 45 30
45 73 15
73 45 25
45 74 12
74 45 12
45 75 11
75 45 11
46 47 5
47 46 6
46 48 62
48 46 44
46 49 43
49 46 54
46 50 31
50 46 32
46 51 25
51 46 23
46 52 58
52 46 42
46 53 27
53 46 31
46 54 61
54 46 68
46 55 35
55 46 45
46 56 13
56 46 19
46 57 53
57 46 46
46 58 56
58 46 53
46 59 22
59 46 18
46 60 15
60 46 17
46 61 15
61 46 21
46 62 36
62 46 34
46 63 35
63 46 36
46 64 59
64 46 55
46 65 51
65 46 57
46 66 19
66 46 27
46 67 13
67 46 22
46 68 15
68 46 11
46 69 16
69 46 17
46 70 14
70 46 13
46 71 49
71 46 47
46 72 15
72 46 25
46 73 6
73 46 11
46 74 27
74 46 24
46 75 26
75 46 27
47 48 52
48 47 40
47 49 48
49 47 48
47 50 28
50 47 26
47 51 25
51 47 18
47 52 54
52 47 37
47 53 30
53 47 28
47 54 63
54 47 62
47 55 54
55 47 42
47 56 26
56 47 18
47 57 54
57 47 40
47 58 64
58 47 48
47 59 16
59 47 23
47 60 24
60 47 19
47 61 19
61 47 18
47 62 20
62 47 29
47 63 44
63 47 37
47 64 51
64 47 49
47 65 69
65 47 52
47 66 26
66 47 21
47 67 14
67 47 16
47 68 14
68 47 17
47 69 14
69 47 22
47 70 19
70 47 19
47 71 36
71 47 41
47 72 30
72 47 21
47 73 10
73 47 8
47 74 20
74 47 18
47 75 23
75 47 21
48 49 23
49 48 18
48 50 9
50 48 17
48 51 59
51 48 42
48 52 59
52 48 47
48 53 66
53 48 55
48 54 17
54 48 32
48 55 20
55 48 14
48 56 50
56 48 54
48 57 53
57 48 36
48 58 35
58 48 64
48 59 84
59 48 62
48 60 22
60 48 40
48 61 13
61 48 25
48 62 9
62 48 11
48 63 33
63 48 33
48 64 42
64 48 50
48 65 68
65 48 56
48 66 47
66 48 33
48 67 28
67 48 26
48 68 32
68 48 51
48 69 62
69 48 62
48 70 80
70 48 57
48 71 28
71 48 32
48 72 25
72 48 20
48 73 17
73 48 33
48 74 17
74 48 28
48 75 32
75 48 28
49 50 16
50 49 22
49 51 44
51 49 43
49 52 45
52 49 40
49 53 57
53 49 54
49 54 12
54 49 15
49 55 45
55 49 32
49 56 45
56 49 58
49 57 13
57 49 25
49 58 31
58 49 55
49 59 86
59 49 71
49 60 28
60 49 54
49 61 47
61 49 39
49 62 34
62 49 26
49 63 61
63 49 51
49 64 32
64 49 38
49 65 47
65 49 45
49 66 19
66 49 33
49 67 22
67 49 33
49 68 71
68 49 63
49 69 66
69 49 70
49 70 41
70 49 67
49 71 26
71 49 20
49 72 34
72 49 34
49 73 36
73 49 44
49 74 39
74 49 31
49 75 31
75 49 30
50 51 37
51 50 25
50 52 40
52 50 32
50 53 38
53 50 38
50 54 21
54 50 36
50 55 17
55 50 27
50 56 20
56 50 38
50 57 23
57 50 24
50 58 62
58 50 48
50 59 30
59 50 49
50 60 28
60 50 34
50 61 13
61 50 19
50 62 9
62 50 13
50 63 32
63 50 37
50 64 32
64 50 37
50 65 37
65 50 43
50 66 20
66 50 16
50 67 8
67 50 11
50 68 54
68 50 41
50 69 36
69 50 48
50 70 32
70 50 45
50 71 17
71 50 22
50 72 17
72 50 15
50 73 22
73 50 22
50 74 9
74 50 11
50 75 7
75 50 11
51 52 11
52 51 19
51 53 7
53 51 13
51 54 41
54 51 54
51 55 50
55 51 50
51 56 10
56 51 16
51 57 21
57 51 26
51 58 42
58 51 31
51 59 39
59 51 35
51 60 30
60 51 37
51 61 43
61 51 30
51 62 35
62 51 35
51 63 26
63 51 51
51 64 44
64 51 32
51 65 23
65 51 34
51 66 12
66 51 10
51 67 11
67 51 17
51 68 38
68 51 34
51 69 28
69 51 32
51 70 18
70 51 33
51 71 19
71 51 29
51 72 28
72 51 30
51 73 20
73 51 23
51 74 14
74 51 14
51 75 14
75 51 14
52 53 24
53 52 20
52 54 58
54 52 47
52 55 71
55 52 59
52 56 23
56 52 32
52 57 9
57 52 15
52 58 19
58 52 17
52 59 44
59 52 54
52 60 30
60 52 54
52 61 59
61 52 45
52 62 60
62 52 44
52 63 91
63 52 66
52 64 20
64 52 14
52 65 17
65 52 15
52 66 26
66 52 18
52 67 40
67 52 29
52 68 77
68 52 53
52 69 63
69 52 50
52 70 26
70 52 52
52 71 16
71 52 20
52 72 60
72 52 43
52 73 51
73 52 40
52 74 27
74 52 25
52 75 14
75 52 23
53 54 87
54 53 64
53 55 77
55 53 63
53 56 17
56 53 14
53 57 23
57 53 33
53 58 20
58 53 23
53 59 22
59 53 37
53 60 31
60 53 47
53 61 52
61 53 43
53 62 61
62 53 48
53 63 69
63 53 63
53 64 48
64 53 34
53 65 33
65 53 33
53 66 24
66 53 22
53 67 37
67 53 30
53 68 23
68 53 41
53 69 24
69 53 33
53 70 19
70 53 37
53 71 22
71 53 37
53 72 26
72 53 43
53 73 27
73 53 34
53 74 24
74 53 27
53 75 15
75 53 27
54 55 41
55 54 45
54 56 37
56 54 70
54 57 33
57 54 32
54 58 31
58 54 60
54 59 74
59 54 85
54 60 38
60 54 69
54 61 59
61 54 54
54 62 43
62 54 41
54 63 81
63 54 65
54 64 54
64 54 40
54 65 60
65 54 47
54 66 58
66 54 45
54 67 51
67 54 46
54 68 80
68 54 77
54 69 48
69 54 84
54 70 61
70 54 81
54 71 23
71 54 27
54 72 30
72 54 49
54 73 66
73 54 58
54 74 64
74 54 45
54 75 29
75 54 42
55 56 68
56 55 59
55 57 37
57 55 49
55 58 97
58 55 75
55 59 36
59 55 62
55 60 21
60 55 36
55 61 15
61 55 25
55 62 9
62 55 15
55 63 16
63 55 22
55 64 83
64 55 63
55 65 41
65 55 69
55 66 49
66 55 43
55 67 41
67 55 33
55 68 73
68 55 49
55 69 92
69 55 62
55 70 76
70 55 57
55 71 55
71 55 45
55 72 27
72 55 21
55 73 30
73 55 34
55 74 23
74 55 36
55 75 51
75 55 37
56 57 42
57 56 41
56 58 55
58 56 37
56 59 18
59 56 23
56 60 20
60 56 36
56 61 52
61 56 36
56 62 25
62 56 45
56 63 34
63 56 55
56 64 28
64 56 46
56 65 40
65 56 46
56 66 14
66 56 25
56 67 37
67 56 28
56 68 28
68 56 27
56 69 21
69 56 19
56 70 29
70 56 23
56 71 29
71 56 45
56 72 35
72 56 38
56 73 33
73 56 26
56 74 34
74 56 27
56 75 32
75 56 28
57 58 20
58 57 30
57 59 83
59 57 61
57 60 76
60 57 54
57 61 38
61 57 41
57 62 19
62 57 36
57 63 52
63 57 60
57 64 17
64 57 14
57 65 20
65 57 21
57 66 18
66 57 19
57 67 26
67 57 27
57 68 82
68 57 57
57 69 35
69 57 58
57 70 33
70 57 58
57 71 5
71 57 5
57 72 39
72 57 38
57 73 25
73 57 40
57 74 13
74 57 23
57 75 18
75 57 20
58 59 51
59 58 60
58 60 97
60 58 67
58 61 61
61 58 59
58 62 39
62 58 60
58 63 115
63 58 80
58 64 17
64 58 21
58 65 15
65 58 15
58 66 45
66 58 33
58 67 52
67 58 44
58 68 77
68 58 63
58 69 64
69 58 56
58 70 56
70 58 60
58 71 30
71 58 35
58 72 64
72 58 58
58 73 64
73 58 53
58 74 35
74 58 40
58 75 26
75 58 38
59 60 33
60 59 28
59 61 26
61 59 38
59 62 55
62 59 51
59 63 55
63 59 49
59 64 86
64 59 67
59 65 91
65 59 68
59 66 49
66 59 42
59 67 42
67 59 39
59 68 13
68 59 14
59 69 2
69 59 4
59 70 4
70 59 5
59 71 46
71 59 63
59 72 46
72 59 42
59 73 38
73 59 29
59 74 55
74 59 41
59 75 29
75 59 43
60 61 12
61 60 15
60 62 41
62 60 29
60 63 17
63 60 21
60 64 75
64 60 66
60 65 35
65 60 69
60 66 55
66 60 37
60 67 30
67 60 27
60 68 12
68 60 14
60 69 26
69 60 30
60 70 25
70 60 23
60 71 77
71 60 54
60 72 14
72 60 20
60 73 13
73 60 15
60 74 32
74 60 31
60 75 50
75 60 34
61 62 18
62 61 14
61 63 30
63 61 21
61 64 71
64 61 54
61 65 43
65 61 59
61 66 15
66 61 27
61 67 19
67 61 15
61 68 29
68 61 26
61 69 27
69 61 38
61 70 40
70 61 33
61 71 33
71 61 40
61 72 4
72 61 5
61 73 12
73 61 10
61 74 24
74 61 19
61 75 11
75 61 22
62 63 34
63 62 25
62 64 63
64 62 50
62 65 72
65 62 56
62 66 38
66 62 28
62 67 12
67 62 18
62 68 49
68 62 40
62 69 43
69 62 51
62 70 59
70 62 46
62 71 44
71 62 34
62 72 5
72 62 9
62 73 21
73 62 22
62 74 13
74 62 21
62 75 19
75 62 22
63 64 86
64 63 74
63 65 40
65 63 79
63 66 32
66 63 48
63 67 27
67 63 36
63 68 48
68 63 35
63 69 34
69 63 51
63 70 62
70 63 44
63 71 57
71 63 59
63 72 16
72 63 22
63 73 21
73 63 29
63 74 27
74 63 40
63 75 41
75 63 43
64 65 5
65 64 7
64 66 17
66 64 28
64 67 44
67 64 39
64 68 56
68 64 66
64 69 94
69 64 64
64 70 72
70 64 66
64 71 14
71 64 18
64 72 52
72 64 51
64 73 35
73 64 51
64 74 32
74 64 34
64 75 35
75 64 32
65 66 33
66 65 32
65 67 46
67 65 43
65 68 40
68 65 68
65 69 77
69 65 65
65 70 40
70 65 67
65 71 35
71 65 25
65 72 66
72 65 57
65 73 31
73 65 55
65 74 28
74 65 39
65 75 25
75 65 36
66 67 10
67 66 11
66 68 34
68 66 38
66 69 25
69 66 40
66 70 31
70 66 40
66 71 17
71 66 21
66 72 30
72 66 25
66 73 13
73 66 23
66 74 5
74 66 7
66 75 3
75 66 5
67 68 46
68 67 31
67 69 30
69 67 38
67 70 30
70 67 35
67 71 31
71 67 27
67 72 16
72 67 14
67 73 17
73 67 13
67 74 5
74 67 4
67 75 10
75 67 7
68 69 13
69 68 16
68 70 10
70 68 9
68 71 33
71 68 58
68 72 32
72 68 30
68 73 17
73 68 19
68 74 25
74 68 34
68 75 50
75 68 37
69 70 7
70 69 8
69 71 59
71 69 61
69 72 40
72 69 42
69 73 31
73 69 29
69 74 53
74 69 39
69 75 61
75 69 41
70 71 59
71 70 60
70 72 40
72 70 37
70 73 35
73 70 24
70 74 40
74 70 37
70 75 55
75 70 40
71 72 53
72 71 37
71 73 36
73 71 40
71 74 18
74 71 24
71 75 21
75 71 21
72 73 12
73 72 14
72 74 12
74 72 18
72 75 22
75 72 21
73 74 9
74 73 17
73 75 23
75 73 20
74 75 4
75 74 3
