1 37 13 0 2550

251 298

51 4 8 37 52

2 10 52 64
3 13 20 26
6 10 17 63
7 11 31 62
8 14 52 33
9 9 51 21
10 14 42 41
13 13 12 42
14 10 36 16
15 13 52 41
17 12 17 33
18 12 13 13
20 11 62 42
21 14 42 57
22 12 16 57
23 10 8 52
24 14 7 38
27 13 43 67
28 12 58 48
29 14 58 27
30 13 37 69
31 12 38 46
32 10 46 10
33 13 61 33
34 12 62 63
35 13 63 69
36 11 32 22
37 12 45 35
38 11 59 15
39 9 5 6
40 14 10 17
41 11 21 10
44 13 39 10
47 12 25 55
48 12 48 28
49 14 56 37
50 13 30 40
1 12 49 49
4 9 40 30
5 13 21 47
11 12 31 32
12 9 5 25
16 13 27 23
19 14 57 58
25 9 27 68
26 10 30 48
42 13 5 64
43 10 30 15
45 12 32 39
46 14 25 32


51 2 13
2 51 19
51 3 26
3 51 31
51 6 22
6 51 23
51 7 12
7 51 12
51 8 22
8 51 24
51 9 44
9 51 34
51 10 7
10 51 12
51 13 39
13 51 27
51 14 25
14 51 36
51 15 11
15 51 19
51 17 37
17 51 28
51 18 61
18 51 46
51 20 36
20 51 27
51 21 9
21 51 7
51 22 17
22 51 22
51 23 39
23 51 29
51 24 37
24 51 33
51 27 21
27 51 16
51 28 16
28 51 21
51 29 27
29 51 32
51 30 16
30 51 17
51 31 5
31 51 6
51 32 22
32 51 43
51 33 29
33 51 31
51 34 25
34 51 27
51 35 19
35 51 31
51 36 37
36 51 30
51 37 21
37 51 19
51 38 59
38 51 43
51 39 61
39 51 56
51 40 62
40 51 44
51 41 28
41 51 45
51 44 57
44 51 42
51 47 10
47 51 12
51 48 37
48 51 26
51 49 26
49 51 24
51 50 7
50 51 14
51 1 16
1 51 12
51 4 13
4 51 22
51 5 24
5 51 17
51 11 26
11 51 21
51 12 39
12 51 42
51 16 17
16 51 31
51 19 21
19 51 21
51 25 14
25 51 19
51 26 4
26 51 8
51 42 27
42 51 34
51 43 43
43 51 37
51 45 11
45 51 14
51 46 33
46 51 23
2 3 58
3 2 50
2 6 37
6 2 35
2 7 14
7 2 21
2 8 43
8 2 31
2 9 47
9 2 43
2 10 34
10 2 25
2 13 37
13 2 45
2 14 74
14 2 51
2 15 17
15 2 23
2 17 45
17 2 47
2 18 82
18 2 64
2 20 29
20 2 24
2 21 17
21 2 12
2 22 31
22 2 37
2 23 52
23 2 46
2 24 40
24 2 51
2 27 8
27 2 9
2 28 18
28 2 17
2 29 46
29 2 37
2 30 15
30 2 15
2 31 13
31 2 23
2 32 78
32 2 54
2 33 17
33 2 32
2 34 14
34 2 10
2 35 11
35 2 12
2 36 51
36 2 46
2 37 41
37 2 30
2 38 72
38 2 49
2 39 38
39 2 75
2 40 83
40 2 63
2 41 81
41 2 62
2 44 44
44 2 56
2 47 30
47 2 28
2 48 37
48 2 36
2 49 25
49 2 27
2 50 45
50 2 33
2 1 22
1 2 15
2 4 42
4 2 36
2 5 31
5 2 35
2 11 41
11 2 38
2 12 77
12 2 61
2 16 29
16 2 48
2 19 6
19 2 8
2 25 13
25 2 25
2 26 24
26 2 27
2 42 39
42 2 47
2 43 30
43 2 53
2 45 31
45 2 32
2 46 51
46 2 42
3 6 40
6 3 37
3 7 40
7 3 38
3 8 39
8 3 32
3 9 32
9 3 31
3 10 36
10 3 27
3 13 19
13 3 18
3 14 21
14 3 19
3 15 52
15 3 35
3 17 9
17 3 8
3 18 8
18 3 15
3 20 56
20 3 45
3 21 28
21 3 38
3 22 35
22 3 31
3 23 39
23 3 29
3 24 21
24 3 18
3 27 65
27 3 47
3 28 36
28 3 44
3 29 38
29 3 38
3 30 64
30 3 46
3 31 20
31 3 27
3 32 16
32 3 31
3 33 32
33 3 41
3 34 74
34 3 56
3 35 59
35 3 61
3 36 10
36 3 13
3 37 27
37 3 27
3 38 28
38 3 41
3 39 35
39 3 25
3 40 16
40 3 13
3 41 18
41 3 16
3 44 13
44 3 25
3 47 43
47 3 29
3 48 30
48 3 28
3 49 33
49 3 37
3 50 12
50 3 17
3 1 50
1 3 37
3 4 27
4 3 20
3 5 15
5 3 21
3 11 12
11 3 13
3 12 13
12 3 15
3 16 7
16 3 8
3 19 50
19 3 49
3 25 50
25 3 43
3 26 27
26 3 24
3 42 21
42 3 41
3 43 10
43 3 15
3 45 25
45 3 18
3 46 5
46 3 8
6 7 11
7 6 14
6 8 52
8 6 46
6 9 44
9 6 54
6 10 28
10 6 33
6 13 25
13 6 22
6 14 31
14 6 51
6 15 52
15 6 41
6 17 16
17 6 30
6 18 70
18 6 50
6 20 43
20 6 50
6 21 32
21 6 26
6 22 4
22 6 6
6 23 20
23 6 14
6 24 18
24 6 27
6 27 15
27 6 26
6 28 39
28 6 44
6 29 30
29 6 54
6 30 31
30 6 21
6 31 40
31 6 27
6 32 65
32 6 60
6 33 68
33 6 53
6 34 64
34 6 45
6 35 59
35 6 46
6 36 23
36 6 44
6 37 45
37 6 40
6 38 48
38 6 64
6 39 63
39 6 58
6 40 58
40 6 46
6 41 46
41 6 53
6 44 77
44 6 57
6 47 14
47 6 11
6 48 35
48 6 46
6 49 56
49 6 47
6 50 36
50 6 26
6 1 26
1 6 35
6 4 24
4 6 40
6 5 12
5 6 16
6 11 32
11 6 34
6 12 54
12 6 40
6 16 51
16 6 41
6 19 46
19 6 40
6 25 14
25 6 11
6 26 18
26 6 20
6 42 13
42 6 12
6 43 33
43 6 50
6 45 24
45 6 28
6 46 29
46 6 32
7 8 44
8 7 36
7 9 55
9 7 46
7 10 24
10 7 24
7 13 31
13 7 28
7 14 58
14 7 46
7 15 33
15 7 30
7 17 29
17 7 32
7 18 73
18 7 52
7 20 43
20 7 37
7 21 12
21 7 12
7 22 21
22 7 16
7 23 15
23 7 25
7 24 46
24 7 34
7 27 16
27 7 13
7 28 28
28 7 30
7 29 59
29 7 44
7 30 12
30 7 9
7 31 21
31 7 17
7 32 72
32 7 54
7 33 29
33 7 42
7 34 33
34 7 31
7 35 46
35 7 33
7 36 47
36 7 40
7 37 18
37 7 30
7 38 41
38 7 54
7 39 80
39 7 62
7 40 38
40 7 49
7 41 55
41 7 53
7 44 51
44 7 53
7 47 10
47 7 9
7 48 54
48 7 38
7 49 37
49 7 35
7 50 11
50 7 22
7 1 31
1 7 22
7 4 30
4 7 33
7 5 25
5 7 18
7 11 16
11 7 30
7 12 51
12 7 45
7 16 40
16 7 39
7 19 31
19 7 26
7 25 5
25 7 7
7 26 15
26 7 14
7 42 21
42 7 26
7 43 59
43 7 47
7 45 26
45 7 23
7 46 19
46 7 31
8 9 16
9 8 12
8 10 10
10 8 13
8 13 37
13 8 41
8 14 15
14 8 23
8 15 9
15 8 8
8 17 31
17 8 35
8 18 60
18 8 44
8 20 13
20 8 13
8 21 32
21 8 26
8 22 26
22 8 43
8 23 40
23 8 48
8 24 60
24 8 45
8 27 43
27 8 35
8 28 11
28 8 16
8 29 7
29 8 8
8 30 35
30 8 39
8 31 27
31 8 19
8 32 32
32 8 24
8 33 13
33 8 9
8 34 22
34 8 32
8 35 25
35 8 38
8 36 18
36 8 23
8 37 4
37 8 7
8 38 11
38 8 19
8 39 57
39 8 54
8 40 31
40 8 45
8 41 33
41 8 39
8 44 16
44 8 26
8 47 26
47 8 35
8 48 4
48 8 6
8 49 3
49 8 6
8 50 33
50 8 23
8 1 21
1 8 16
8 4 13
4 8 12
8 5 34
5 8 34
8 11 14
11 8 21
8 12 31
12 8 48
8 16 23
16 8 27
8 19 14
19 8 25
8 25 34
25 8 43
8 26 29
26 8 27
8 42 41
42 8 56
8 43 30
43 8 28
8 45 18
45 8 21
8 46 14
46 8 27
9 10 24
10 9 22
9 13 25
13 9 44
9 14 13
14 9 16
9 15 29
15 9 20
9 17 30
17 9 36
9 18 22
18 9 39
9 20 20
20 9 24
9 21 50
21 9 37
9 22 32
22 9 50
9 23 34
23 9 53
9 24 46
24 9 47
9 27 42
27 9 47
9 28 29
28 9 28
9 29 9
29 9 9
9 30 48
30 9 50
9 31 24
31 9 28
9 32 7
32 9 12
9 33 11
33 9 16
9 34 61
34 9 43
9 35 34
35 9 49
9 36 15
36 9 19
9 37 8
37 9 15
9 38 14
38 9 10
9 39 25
39 9 48
9 40 59
40 9 41
9 41 36
41 9 32
9 44 8
44 9 16
9 47 61
47 9 43
9 48 5
48 9 8
9 49 23
49 9 17
9 50 17
50 9 28
9 1 24
1 9 28
9 4 10
4 9 14
9 5 44
5 9 40
9 11 16
11 9 23
9 12 29
12 9 46
9 16 20
16 9 24
9 19 43
19 9 37
9 25 72
25 9 53
9 26 48
26 9 34
9 42 46
42 9 63
9 43 24
43 9 22
9 45 33
45 9 26
9 46 27
46 9 28
10 13 42
13 10 30
10 14 29
14 10 26
10 15 8
15 10 10
10 17 22
17 10 26
10 18 24
18 10 40
10 20 25
20 10 20
10 21 16
21 10 16
10 22 46
22 10 31
10 23 45
23 10 36
10 24 28
24 10 35
10 27 29
27 10 26
10 28 14
28 10 17
10 29 15
29 10 21
10 30 41
30 10 28
10 31 8
31 10 6
10 32 22
32 10 31
10 33 11
33 10 21
10 34 40
34 10 30
10 35 41
35 10 35
10 36 26
36 10 21
10 37 9
37 10 7
10 38 20
38 10 31
10 39 54
39 10 51
10 40 55
40 10 40
10 41 51
41 10 37
10 44 41
44 10 31
10 47 11
47 10 22
10 48 18
48 10 14
10 49 14
49 10 15
10 50 16
50 10 12
10 1 6
1 10 11
10 4 15
4 10 11
10 5 18
5 10 22
10 11 10
11 10 14
10 12 38
12 10 40
10 16 26
16 10 23
10 19 19
19 10 23
10 25 40
25 10 31
10 26 7
26 10 14
10 42 54
42 10 44
10 43 17
43 10 28
10 45 8
45 10 10
10 46 28
46 10 19
13 14 29
14 13 35
13 15 29
15 13 40
13 17 14
17 13 10
13 18 29
18 13 29
13 20 40
20 13 50
13 21 40
21 13 34
13 22 22
22 13 16
13 23 15
23 13 11
13 24 3
24 13 6
13 27 52
27 13 40
13 28 27
28 13 46
13 29 69
29 13 48
13 30 49
30 13 37
13 31 17
31 13 26
13 32 33
32 13 47
13 33 53
33 13 50
13 34 48
34 13 54
13 35 72
35 13 58
13 36 23
36 13 28
13 37 34
37 13 34
13 38 49
38 13 54
13 39 35
39 13 37
13 40 34
40 13 25
13 41 40
41 13 33
13 44 55
44 13 42
13 47 20
47 13 18
13 48 39
48 13 39
13 49 22
49 13 44
13 50 9
50 13 18
13 1 42
1 13 38
13 4 20
4 13 30
13 5 8
5 13 10
13 11 21
11 13 21
13 12 24
12 13 18
13 16 13
16 13 24
13 19 24
19 13 48
13 25 23
25 13 30
13 26 18
26 13 19
13 42 12
42 13 23
13 43 37
43 13 32
13 45 14
45 13 20
13 46 20
46 13 16
14 15 20
15 14 30
14 17 30
17 14 25
14 18 18
18 14 23
14 20 21
20 14 37
14 21 36
21 14 41
14 22 43
22 14 46
14 23 41
23 14 46
14 24 25
24 14 36
14 27 67
27 14 51
14 28 53
28 14 39
14 29 27
29 14 25
14 30 68
30 14 53
14 31 41
31 14 30
14 32 16
32 14 12
14 33 30
33 14 30
14 34 59
34 14 54
14 35 82
35 14 59
14 36 7
36 14 7
14 37 24
37 14 21
14 38 16
38 14 23
14 39 20
39 14 33
14 40 31
40 14 26
14 41 16
41 14 16
14 44 5
44 14 7
14 47 43
47 14 40
14 48 13
48 14 17
14 49 18
49 14 29
14 50 30
50 14 25
14 1 37
1 14 35
14 4 18
4 14 15
14 5 17
5 14 34
14 11 21
11 14 17
14 12 17
12 14 32
14 16 7
16 14 11
14 19 57
19 14 47
14 25 36
25 14 53
14 26 27
26 14 33
14 42 57
42 14 57
14 43 5
43 14 6
14 45 32
45 14 23
14 46 22
46 14 19
15 17 44
17 15 36
15 18 24
18 15 48
15 20 6
20 15 10
15 21 10
21 15 19
15 22 43
22 15 39
15 23 38
23 15 45
15 24 61
24 15 45
15 27 24
27 15 28
15 28 7
28 15 9
15 29 14
29 15 15
15 30 44
30 15 32
15 31 22
31 15 15
15 32 27
32 15 32
15 33 7
33 15 12
15 34 22
34 15 24
15 35 36
35 15 30
15 36 39
36 15 28
15 37 8
37 15 9
15 38 38
38 15 27
15 39 81
39 15 58
15 40 26
40 15 48
15 41 47
41 15 44
15 44 21
44 15 34
15 47 25
47 15 30
15 48 16
48 15 14
15 49 4
49 15 6
15 50 27
50 15 22
15 1 11
1 15 9
15 4 17
4 15 16
15 5 20
5 15 32
15 11 20
11 15 23
15 12 66
12 15 50
15 16 34
16 15 31
15 19 19
19 15 18
15 25 44
25 15 37
15 26 23
26 15 23
15 42 56
42 15 52
15 43 28
43 15 34
15 45 23
45 15 20
15 46 38
46 15 28
17 18 26
18 17 20
17 20 61
20 17 46
17 21 37
21 17 35
17 22 18
22 17 24
17 23 26
23 17 21
17 24 9
24 17 11
17 27 41
27 17 43
17 28 51
28 17 44
17 29 32
29 17 41
17 30 34
30 17 41
17 31 29
31 17 25
17 32 24
32 17 37
17 33 42
33 17 44
17 34 54
34 17 54
17 35 76
35 17 58
17 36 21
36 17 19
17 37 24
37 17 28
17 38 35
38 17 46
17 39 30
39 17 30
17 40 25
40 17 17
17 41 34
41 17 23
17 44 22
44 17 32
17 47 18
47 17 23
17 48 30
48 17 31
17 49 57
49 17 39
17 50 17
50 17 15
17 1 34
1 17 36
17 4 20
4 17 23
17 5 19
5 17 15
17 11 11
11 17 14
17 12 15
12 17 14
17 16 8
16 17 14
17 19 32
19 17 47
17 25 41
25 17 36
17 26 12
26 17 20
17 42 49
42 17 33
17 43 24
43 17 22
17 45 22
45 17 16
17 46 10
46 17 8
18 20 75
20 18 57
18 21 52
21 18 53
18 22 48
22 18 44
18 23 49
23 18 39
18 24 15
24 18 26
18 27 48
27 18 62
18 28 74
28 18 57
18 29 46
29 18 47
18 30 42
30 18 61
18 31 39
31 18 41
18 32 35
32 18 33
18 33 74
33 18 52
18 34 57
34 18 70
18 35 78
35 18 75
18 36 16
36 18 21
18 37 48
37 18 39
18 38 23
38 18 46
18 39 6
39 18 11
18 40 4
40 18 5
18 41 8
41 18 9
18 44 21
44 18 26
18 47 34
47 18 44
18 48 53
48 18 38
18 49 50
49 18 49
18 50 45
50 18 31
18 1 49
1 18 51
18 4 30
4 18 32
18 5 52
5 18 35
18 11 37
11 18 26
18 12 7
12 18 14
18 16 22
16 18 17
18 19 87
19 18 63
18 25 83
25 18 57
18 26 33
26 18 39
18 42 64
42 18 51
18 43 16
43 18 17
18 45 33
45 18 32
18 46 20
46 18 22
20 21 18
21 20 25
20 22 54
22 20 48
20 23 73
23 20 55
20 24 75
24 20 55
20 27 32
27 20 31
20 28 7
28 20 7
20 29 18
29 20 16
20 30 49
30 20 37
20 31 19
31 20 24
20 32 35
32 20 36
20 33 7
33 20 9
20 34 31
34 20 21
20 35 26
35 20 27
20 36 39
36 20 36
20 37 17
37 20 18
20 38 19
38 20 27
20 39 61
39 20 67
20 40 39
40 20 57
20 41 35
41 20 52
20 44 22
44 20 39
20 47 27
47 20 39
20 48 11
48 20 20
20 49 7
49 20 8
20 50 45
50 20 32
20 1 9
1 20 15
20 4 28
4 20 25
20 5 56
5 20 41
20 11 47
11 20 33
20 12 87
12 20 59
20 16 35
16 20 40
20 19 9
19 20 17
20 25 42
25 20 44
20 26 18
26 20 33
20 42 69
42 20 61
20 43 55
43 20 42
20 45 39
45 20 30
20 46 35
46 20 38
21 22 35
22 21 26
21 23 42
23 21 34
21 24 54
24 21 40
21 27 7
27 21 10
21 28 23
28 21 18
21 29 19
29 21 34
21 30 12
30 21 13
21 31 7
31 21 12
21 32 61
32 21 47
21 33 20
33 21 31
21 34 16
34 21 21
21 35 21
35 21 24
21 36 26
36 21 36
21 37 19
37 21 22
21 38 65
38 21 45
21 39 59
39 21 63
21 40 47
40 21 51
21 41 55
41 21 51
21 44 58
44 21 47
21 47 10
47 21 17
21 48 20
48 21 30
21 49 18
49 21 24
21 50 17
50 21 21
21 1 13
1 21 11
21 4 33
4 21 27
21 5 32
5 21 23
21 11 18
11 21 27
21 12 54
12 21 49
21 16 38
16 21 37
21 19 11
19 21 15
21 25 26
25 21 19
21 26 18
26 21 15
21 42 53
42 21 38
21 43 33
43 21 43
21 45 30
45 21 21
21 46 42
46 21 30
22 23 11
23 22 9
22 24 22
24 22 21
22 27 24
27 22 29
22 28 54
28 22 43
22 29 58
29 22 52
22 30 14
30 22 24
22 31 35
31 22 25
22 32 83
32 22 56
22 33 61
33 22 51
22 34 55
34 22 46
22 35 30
35 22 49
22 36 52
36 22 38
22 37 19
37 22 36
22 38 78
38 22 60
22 39 68
39 22 52
22 40 52
40 22 40
22 41 54
41 22 47
22 44 35
44 22 52
22 47 6
47 22 9
22 48 37
48 22 43
22 49 25
49 22 45
22 50 30
50 22 22
22 1 26
1 22 34
22 4 48
4 22 36
22 5 15
5 22 11
22 11 17
11 22 29
22 12 44
12 22 34
22 16 49
16 22 36
22 19 59
19 22 41
22 25 18
25 22 16
22 26 22
26 22 17
22 42 16
42 22 13
22 43 64
43 22 44
22 45 23
45 22 24
22 46 18
46 22 27
23 24 16
24 23 14
23 27 25
27 23 38
23 28 47
28 23 50
23 29 38
29 23 56
23 30 29
30 23 34
23 31 32
31 23 30
23 32 80
32 23 57
23 33 45
33 23 56
23 34 42
34 23 55
23 35 67
35 23 58
23 36 52
36 23 38
23 37 41
37 23 41
23 38 54
38 23 63
23 39 40
39 23 46
23 40 44
40 23 35
23 41 23
41 23 44
23 44 44
44 23 52
23 47 12
47 23 17
23 48 36
48 23 46
23 49 41
49 23 50
23 50 23
50 23 25
23 1 50
1 23 41
23 4 22
4 23 39
23 5 15
5 23 14
23 11 29
11 23 30
23 12 34
12 23 27
23 16 45
16 23 35
23 19 54
19 23 49
23 25 27
25 23 25
23 26 22
26 23 22
23 42 13
42 23 12
23 43 39
43 23 43
23 45 35
45 23 27
23 46 20
46 23 26
24 27 25
27 24 46
24 28 69
28 24 52
24 29 68
29 24 52
24 30 48
30 24 43
24 31 36
31 24 32
24 32 43
32 24 48
24 33 73
33 24 54
24 34 89
34 24 60
24 35 67
35 24 64
24 36 37
36 24 30
24 37 37
37 24 38
24 38 50
38 24 57
24 39 32
39 24 32
24 40 24
40 24 21
24 41 29
41 24 31
24 44 46
44 24 43
24 47 23
47 24 25
24 48 53
48 24 42
24 49 28
49 24 49
24 50 16
50 24 23
24 1 51
1 24 43
24 4 39
4 24 34
24 5 22
5 24 16
24 11 16
11 24 25
24 12 15
12 24 13
24 16 22
16 24 25
24 19 45
19 24 54
24 25 30
25 24 36
24 26 30
26 24 25
24 42 16
42 24 26
24 43 42
43 24 33
24 45 34
45 24 25
24 46 14
46 24 19
27 28 23
28 27 24
27 29 27
29 27 43
27 30 8
30 27 6
27 31 21
31 27 22
27 32 59
32 27 57
27 33 33
33 27 38
27 34 22
34 27 19
27 35 10
35 27 20
27 36 25
36 27 46
27 37 24
37 27 32
27 38 45
38 27 54
27 39 95
39 27 72
27 40 70
40 27 60
27 41 79
41 27 61
27 44 42
44 27 57
27 47 26
47 27 22
27 48 32
48 27 39
27 49 37
49 27 33
27 50 21
50 27 30
27 1 13
1 27 19
27 4 19
4 27 37
27 5 22
5 27 30
27 11 40
11 27 37
27 12 56
12 27 57
27 16 70
16 27 47
27 19 18
19 27 17
27 25 16
25 27 16
27 26 23
26 27 23
27 42 35
42 27 38
27 43 64
43 27 53
27 45 43
45 27 30
27 46 57
46 27 39
28 29 29
29 28 21
28 30 26
30 28 30
28 31 14
31 28 20
28 32 37
32 28 40
28 33 12
33 28 15
28 34 10
34 28 16
28 35 14
35 28 22
28 36 25
36 28 37
28 37 10
37 28 18
28 38 38
38 28 33
28 39 38
39 28 67
28 40 37
40 28 57
28 41 27
41 28 53
28 44 43
44 28 42
28 47 46
47 28 34
28 48 29
48 28 22
28 49 13
49 28 11
28 50 34
50 28 29
28 1 10
1 28 9
28 4 16
4 28 25
28 5 42
5 28 37
28 11 43
11 28 31
28 12 76
12 28 58
28 16 50
16 28 40
28 19 8
19 28 10
28 25 33
25 28 37
28 26 29
26 28 28
28 42 69
42 28 55
28 43 35
43 28 43
28 45 16
45 28 28
28 46 35
46 28 37
29 30 55
30 29 47
29 31 35
31 29 28
29 32 30
32 29 21
29 33 6
33 29 7
29 34 46
34 29 36
29 35 54
35 29 42
29 36 15
36 29 26
29 37 13
37 29 15
29 38 16
38 29 12
29 39 41
39 29 57
29 40 62
40 29 49
29 41 58
41 29 41
29 44 20
44 29 25
29 47 29
47 29 43
29 48 7
48 29 10
29 49 11
49 29 10
29 50 28
50 29 31
29 1 23
1 29 24
29 4 21
4 29 18
29 5 57
5 29 42
29 11 38
11 29 27
29 12 70
12 29 53
29 16 25
16 29 31
29 19 16
19 29 31
29 25 70
25 29 51
29 26 40
26 29 35
29 42 54
42 29 64
29 43 15
43 29 30
29 45 36
45 29 29
29 46 49
46 29 33
30 31 24
31 30 23
30 32 31
32 30 60
30 33 45
33 30 43
30 34 29
34 30 26
30 35 24
35 30 26
30 36 44
36 30 47
30 37 41
37 30 35
30 38 67
38 30 58
30 39 77
39 30 71
30 40 54
40 30 59
30 41 43
41 30 61
30 44 63
44 30 59
30 47 17
47 30 18
30 48 62
48 30 42
30 49 22
49 30 37
30 50 43
50 30 30
30 1 14
1 30 23
30 4 42
4 30 39
30 5 23
5 30 27
30 11 48
11 30 37
30 12 51
12 30 54
30 16 43
16 30 47
30 19 14
19 30 23
30 25 14
25 30 10
30 26 24
26 30 22
30 42 34
42 30 32
30 43 69
43 30 54
30 45 23
45 30 30
30 46 58
46 30 39
31 32 48
32 31 37
31 33 17
33 31 26
31 34 23
34 31 29
31 35 30
35 31 34
31 36 28
36 31 25
31 37 13
37 31 13
31 38 55
38 31 37
31 39 41
39 31 52
31 40 46
40 31 40
31 41 20
41 31 40
31 44 48
44 31 36
31 47 8
47 31 16
31 48 31
48 31 21
31 49 15
49 31 20
31 50 6
50 31 10
31 1 11
1 31 11
31 4 16
4 31 16
31 5 25
5 31 17
31 11 22
11 31 16
31 12 28
12 31 39
31 16 18
16 31 25
31 19 22
19 31 22
31 25 31
25 31 25
31 26 7
26 31 8
31 42 30
42 31 38
31 43 45
43 31 32
31 45 13
45 31 9
31 46 28
46 31 19
32 33 32
33 32 27
32 34 78
34 32 55
32 35 91
35 32 61
32 36 21
36 32 18
32 37 19
37 32 25
32 38 18
38 32 14
32 39 29
39 32 41
32 40 44
40 32 37
32 41 31
41 32 25
32 44 4
44 32 7
32 47 30
47 32 49
32 48 22
48 32 18
32 49 43
49 32 29
32 50 36
50 32 34
32 1 32
1 32 39
32 4 16
4 32 21
32 5 48
5 32 45
32 11 17
11 32 27
32 12 41
12 32 44
32 16 12
16 32 23
32 19 60
19 32 49
32 25 82
25 32 61
32 26 54
26 32 41
32 42 65
42 32 68
32 43 12
43 32 17
32 45 40
45 32 32
32 46 42
46 32 30
33 34 23
34 33 30
33 35 30
35 33 36
33 36 22
36 33 31
33 37 20
37 33 16
33 38 17
38 33 18
33 39 32
39 33 62
33 40 42
40 33 53
33 41 55
41 33 46
33 44 27
44 33 32
33 47 46
47 33 42
33 48 14
48 33 14
33 49 4
49 33 6
33 50 17
50 33 32
33 1 22
1 33 20
33 4 21
4 33 21
33 5 32
5 33 42
33 11 36
11 33 30
33 12 31
12 33 57
33 16 31
16 33 35
33 19 30
19 33 25
33 25 35
25 33 49
33 26 20
26 33 34
33 42 65
42 33 64
33 43 29
43 33 36
33 45 34
45 33 30
33 46 35
46 33 36
34 35 4
35 34 6
34 36 57
36 34 51
34 37 26
37 34 33
34 38 27
38 34 48
34 39 50
39 34 81
34 40 70
40 34 69
34 41 56
41 34 67
34 44 62
44 34 58
34 47 37
47 34 38
34 48 38
48 34 38
34 49 34
49 34 27
34 50 54
50 34 39
34 1 16
1 34 19
34 4 23
4 34 40
34 5 45
5 34 44
34 11 50
11 34 44
34 12 65
12 34 68
34 16 45
16 34 53
34 19 6
19 34 7
34 25 33
25 34 35
34 26 52
26 34 35
34 42 67
42 34 57
34 43 84
43 34 58
34 45 20
45 34 38
34 46 47
46 34 48
35 36 61
36 35 56
35 37 53
37 35 38
35 38 66
38 35 54
35 39 68
39 35 86
35 40 42
40 35 74
35 41 91
41 35 72
35 44 38
44 35 64
35 47 57
47 35 40
35 48 60
48 35 44
35 49 30
49 35 33
35 50 62
50 35 44
35 1 13
1 35 24
35 4 58
4 35 45
35 5 41
5 35 47
35 11 50
11 35 49
35 12 79
12 35 72
35 16 40
16 35 58
35 19 19
19 35 13
35 25 51
25 35 36
35 26 27
26 35 39
35 42 66
42 35 58
35 43 92
43 35 63
35 45 32
45 35 43
35 46 28
46 35 53
36 37 24
37 36 18
36 38 26
38 36 28
36 39 25
39 36 31
36 40 15
40 36 23
36 41 8
41 36 16
36 44 14
44 36 14
36 47 39
47 36 34
36 48 15
48 36 17
36 49 38
49 36 28
36 50 17
50 36 18
36 1 47
1 36 32
36 4 8
4 36 11
36 5 33
5 36 27
36 11 10
11 36 10
36 12 40
12 36 27
36 16 6
16 36 5
36 19 41
19 36 44
36 25 32
25 36 46
36 26 19
26 36 26
36 42 62
42 36 50
36 43 4
43 36 7
36 45 17
45 36 17
36 46 8
46 36 12
37 38 12
38 37 24
37 39 26
39 37 49
37 40 49
40 37 39
37 41 39
41 37 35
37 44 23
44 37 26
37 47 29
47 37 28
37 48 7
48 37 8
37 49 8
49 37 11
37 50 9
50 37 16
37 1 12
1 37 15
37 4 10
4 37 7
37 5 23
5 37 27
37 11 9
11 37 14
37 12 40
12 37 41
37 16 13
16 37 22
37 19 16
19 37 26
37 25 37
25 37 38
37 26 29
26 37 20
37 42 68
42 37 49
37 43 14
43 37 25
37 45 15
45 37 14
37 46 22
46 37 20
38 39 62
39 38 55
38 40 57
40 38 49
38 41 54
41 38 38
38 44 22
44 38 21
38 47 33
47 38 52
38 48 11
48 38 17
38 49 12
49 38 22
38 50 35
50 38 38
38 1 31
1 38 35
38 4 31
4 38 24
38 5 68
5 38 50
38 11 31
11 38 33
38 12 51
12 38 55
38 16 29
16 38 33
38 19 45
19 38 43
38 25 66
25 38 62
38 26 53
26 38 44
38 42 38
42 38 73
38 43 43
43 38 29
38 45 49
45 38 36
38 46 26
46 38 38
39 40 11
40 39 12
39 41 8
41 39 16
39 44 21
44 39 34
39 47 56
47 39 53
39 48 29
48 39 48
39 49 70
49 39 60
39 50 56
50 39 42
39 1 90
1 39 62
39 4 44
4 39 42
39 5 58
5 39 44
39 11 33
11 39 37
39 12 21
12 39 19
39 16 15
16 39 28
39 19 54
19 39 74
39 25 94
25 39 66
39 26 49
26 39 49
39 42 80
42 39 58
39 43 27
43 39 26
39 45 56
45 39 43
39 46 36
46 39 33
40 41 14
41 40 13
40 44 41
44 40 30
40 47 31
47 40 41
40 48 39
48 40 40
40 49 31
49 40 50
40 50 40
50 40 30
40 1 66
1 40 50
40 4 39
4 40 33
40 5 42
5 40 32
40 11 19
11 40 26
40 12 12
12 40 9
40 16 20
16 40 18
40 19 40
19 40 62
40 25 53
25 40 54
40 26 52
26 40 37
40 42 24
42 40 47
40 43 20
43 40 20
40 45 23
45 40 31
40 46 23
46 40 21
41 44 18
44 41 18
41 47 31
47 41 45
41 48 42
48 41 32
41 49 42
49 41 44
41 50 30
50 41 31
41 1 67
1 41 48
41 4 26
4 41 27
41 5 38
5 41 37
41 11 27
11 41 24
41 12 30
12 41 22
41 16 11
16 41 14
41 19 58
19 41 60
41 25 69
25 41 58
41 26 54
26 41 39
41 42 49
42 41 56
41 43 5
43 41 10
41 45 38
45 41 31
41 46 30
46 41 22
44 47 28
47 44 47
44 48 12
48 44 20
44 49 22
49 44 32
44 50 24
50 44 31
44 1 52
1 44 40
44 4 19
4 44 20
44 5 51
5 44 41
44 11 20
11 44 23
44 12 34
12 44 37
44 16 13
16 44 18
44 19 34
19 44 51
44 25 51
25 44 59
44 26 39
26 44 39
44 42 34
42 44 64
44 43 7
43 44 10
44 45 18
45 44 30
44 46 27
46 44 26
47 48 41
48 47 35
47 49 40
49 47 36
47 50 16
50 47 16
47 1 30
1 47 25
47 4 30
4 47 29
47 5 9
5 47 9
47 11 14
11 47 24
47 12 53
12 47 36
47 16 30
16 47 32
47 19 35
19 47 32
47 25 17
25 47 13
47 26 7
26 47 9
47 42 27
42 47 22
47 43 42
43 47 40
47 45 10
45 47 17
47 46 12
46 47 23
48 49 7
49 48 12
48 50 25
50 48 22
48 1 21
1 48 21
48 4 9
4 48 8
48 5 28
5 48 33
48 11 23
11 48 17
48 12 64
12 48 43
48 16 14
16 48 22
48 19 46
19 48 31
48 25 42
25 48 45
48 26 24
26 48 27
48 42 29
42 48 56
48 43 23
43 48 22
48 45 16
45 48 19
48 46 31
46 48 23
49 50 31
50 49 26
49 1 10
1 49 14
49 4 12
4 49 17
49 5 51
5 49 36
49 11 16
11 49 25
49 12 48
12 49 52
49 16 19
16 49 32
49 19 19
19 49 21
49 25 49
25 49 42
49 26 18
26 49 28
49 42 85
42 49 58
49 43 48
43 49 34
49 45 17
45 49 24
49 46 24
46 49 31
50 1 19
1 50 21
50 4 10
4 50 14
50 5 9
5 50 11
50 11 6
11 50 8
50 12 16
12 50 29
50 16 21
16 50 17
50 19 47
19 50 32
50 25 30
25 50 28
50 26 6
26 50 8
50 42 23
42 50 35
50 43 31
43 50 25
50 45 1
45 50 2
50 46 11
46 50 9
1 4 24
4 1 21
1 5 36
5 1 28
1 11 19
11 1 25
1 12 42
12 1 50
1 16 19
16 1 34
1 19 12
19 1 12
1 25 29
25 1 29
1 26 16
26 1 19
1 42 54
42 1 46
1 43 49
43 1 39
1 45 28
45 1 20
1 46 22
46 1 29
4 5 14
5 4 25
4 11 6
11 4 9
4 12 51
12 4 35
4 16 11
16 4 15
4 19 40
19 4 33
4 25 37
25 4 40
4 26 26
26 4 21
4 42 38
42 4 48
4 43 20
43 4 18
4 45 11
45 4 12
4 46 17
46 4 15
5 11 16
11 5 18
5 12 35
12 5 27
5 16 36
16 5 25
5 19 33
19 5 38
5 25 26
25 5 22
5 26 8
26 5 9
5 42 34
42 5 23
5 43 30
43 5 33
5 45 15
45 5 14
5 46 8
46 5 16
11 12 25
12 11 27
11 16 8
16 11 10
11 19 27
19 11 37
11 25 22
25 11 36
11 26 18
26 11 16
11 42 32
42 11 41
11 43 13
43 11 17
11 45 5
45 11 7
11 46 7
46 11 6
12 16 11
16 12 22
12 19 52
19 12 61
12 25 41
25 12 48
12 26 40
26 12 34
12 42 55
42 12 39
12 43 34
43 12 27
12 45 24
45 12 30
12 46 26
46 12 21
16 19 55
19 16 46
16 25 29
25 16 45
16 26 29
26 16 25
16 42 50
42 16 47
16 43 11
43 16 9
16 45 14
45 16 17
16 46 7
46 16 9
19 25 35
25 19 32
19 26 42
26 19 29
19 42 71
42 19 52
19 43 32
43 19 51
19 45 44
45 19 31
19 46 33
46 19 41
25 26 16
26 25 20
25 42 21
42 25 22
25 43 42
43 25 53
25 45 42
45 25 29
25 46 24
46 25 36
26 42 40
42 26 30
26 43 41
43 26 33
26 45 11
45 26 9
26 46 23
46 26 17
42 43 82
43 42 55
42 45 55
45 42 37
42 46 27
46 42 38
43 45 16
45 43 24
43 46 13
46 43 18
45 46 10
46 45 10
