1 9 28 38 5700

201 210

1 4 6 22 22

8 11 55 45
11 12 55 65
17 14 33 44
21 9 44 13
25 12 17 64
28 14 35 16
29 9 52 26
30 12 43 26
38 13 47 66
2 10 36 26
3 11 21 45
4 9 45 35
5 13 55 20
6 9 33 34
7 11 50 50
9 9 26 59
10 12 40 66
12 12 35 51
13 10 62 35
14 14 62 57
15 11 62 24
16 10 21 36
18 10 9 56
19 10 62 48
20 12 66 14
22 11 26 13
23 10 11 28
24 14 7 43
26 12 41 46
27 13 55 34
31 11 31 76
32 13 22 53
33 14 26 29
34 10 50 40
35 10 55 50
36 14 54 10
37 9 60 15

39 30 60
40 30 50
41 12 17
42 15 14
43 16 19
44 21 48
45 50 30
46 51 42
47 50 15
48 48 21
49 12 38
50 15 56
51 29 39
52 54 38
53 55 57
54 67 41
55 10 70
56 6 25
57 65 27
58 40 60
59 70 64
60 64 4
61 36 6
62 30 20
63 20 30
64 15 5
65 50 70
66 57 72
67 45 42
68 38 33
69 50 4
70 66 8
71 59 5
72 35 60
73 27 24
74 40 20
75 40 37
76 40 40

1 8 21
8 1 40
1 11 43
11 1 54
1 17 32
17 1 25
1 21 18
21 1 24
1 25 61
25 1 42
1 28 14
28 1 14
1 29 16
29 1 30
1 30 18
30 1 21
1 38 63
38 1 51
1 2 20
2 1 15
1 3 19
3 1 23
1 4 15
4 1 26
1 5 45
5 1 33
1 6 21
6 1 16
1 7 43
7 1 39
1 9 27
9 1 37
1 10 59
10 1 48
1 12 29
12 1 32
1 13 26
13 1 42
1 14 49
14 1 53
1 15 43
15 1 40
1 16 11
16 1 14
1 18 51
18 1 36
1 19 31
19 1 47
1 20 61
20 1 45
1 22 12
22 1 10
1 23 13
23 1 13
1 24 30
24 1 26
1 26 38
26 1 30
1 27 37
27 1 35
1 31 79
31 1 55
1 32 41
32 1 31
1 33 4
33 1 8
1 34 48
34 1 33
1 35 22
35 1 43
1 36 25
36 1 34
1 37 37
37 1 39
1 39 54
39 1 39
1 40 28
40 1 29
1 41 12
41 1 11
1 42 11
42 1 11
1 43 8
43 1 7
1 44 23
44 1 26
1 45 22
45 1 29
1 46 19
46 1 35
1 47 23
47 1 29
1 48 17
48 1 26
1 49 18
49 1 19
1 50 36
50 1 35
1 51 24
51 1 18
1 52 21
52 1 35
1 53 55
53 1 48
1 54 24
54 1 48
1 55 37
55 1 49
1 56 17
56 1 16
1 57 55
57 1 43
1 58 23
58 1 42
1 59 65
59 1 63
1 60 25
60 1 45
1 61 26
61 1 21
1 62 6
62 1 8
1 63 5
63 1 8
1 64 26
64 1 18
1 65 33
65 1 55
1 66 36
66 1 61
1 67 35
67 1 30
1 68 22
68 1 19
1 69 24
69 1 33
1 70 34
70 1 46
1 71 27
71 1 40
1 72 37
72 1 40
1 73 6
73 1 5
1 74 14
74 1 18
1 75 21
75 1 23
1 76 34
76 1 25
8 11 12
11 8 20
8 17 17
17 8 22
8 21 42
21 8 34
8 25 39
25 8 42
8 28 20
28 8 35
8 29 16
29 8 19
8 30 25
30 8 22
8 38 21
38 8 22
8 2 15
2 8 27
8 3 49
3 8 34
8 4 8
4 8 14
8 5 37
5 8 25
8 6 34
6 8 25
8 7 10
7 8 7
8 9 36
9 8 32
8 10 26
10 8 26
8 12 22
12 8 21
8 13 12
13 8 12
8 14 19
14 8 14
8 15 32
15 8 22
8 16 36
16 8 35
8 18 44
18 8 47
8 19 11
19 8 8
8 20 38
20 8 33
8 22 45
22 8 43
8 23 45
23 8 47
8 24 47
24 8 48
8 26 13
26 8 14
8 27 14
27 8 11
8 31 42
31 8 39
8 32 19
32 8 34
8 33 20
33 8 33
8 34 6
34 8 7
8 35 3
35 8 5
8 36 31
36 8 35
8 37 28
37 8 30
8 39 39
39 8 29
8 40 36
40 8 25
8 41 71
41 8 51
8 42 53
42 8 51
8 43 64
43 8 47
8 44 22
44 8 34
8 45 17
45 8 16
8 46 5
46 8 5
8 47 43
47 8 30
8 48 26
48 8 25
8 49 40
49 8 44
8 50 25
50 8 41
8 51 38
51 8 27
8 52 8
52 8 7
8 53 8
53 8 12
8 54 8
54 8 13
8 55 56
55 8 51
8 56 48
56 8 53
8 57 28
57 8 21
8 58 18
58 8 21
8 59 24
59 8 24
8 60 62
60 8 42
8 61 24
61 8 43
8 62 29
62 8 35
8 63 42
63 8 38
8 64 32
64 8 56
8 65 13
65 8 25
8 66 22
66 8 27
8 67 8
67 8 10
8 68 22
68 8 21
8 69 56
69 8 41
8 70 36
70 8 38
8 71 22
71 8 40
8 72 20
72 8 25
8 73 51
73 8 35
8 74 38
74 8 29
8 75 15
75 8 17
8 76 22
76 8 15
11 17 26
17 11 30
11 21 75
21 11 53
11 25 31
25 11 38
11 28 40
28 11 53
11 29 22
29 11 39
11 30 41
30 11 41
11 38 5
38 11 8
11 2 25
2 11 43
11 3 52
3 11 39
11 4 39
4 11 32
11 5 60
5 11 45
11 6 34
6 11 38
11 7 18
7 11 16
11 9 28
9 11 30
11 10 20
10 11 15
11 12 26
12 11 24
11 13 45
13 11 31
11 14 9
14 11 11
11 15 33
15 11 42
11 16 64
16 11 45
11 18 29
18 11 47
11 19 20
19 11 18
11 20 63
20 11 52
11 22 42
22 11 60
11 23 37
23 11 57
11 24 47
24 11 53
11 26 13
26 11 24
11 27 40
27 11 31
11 31 26
31 11 26
11 32 44
32 11 35
11 33 68
33 11 46
11 34 23
34 11 25
11 35 21
35 11 15
11 36 82
36 11 55
11 37 67
37 11 50
11 39 16
39 11 25
11 40 40
40 11 29
11 41 41
41 11 64
11 42 89
42 11 65
11 43 64
43 11 60
11 44 21
44 11 38
11 45 45
45 11 35
11 46 30
46 11 23
11 47 27
47 11 50
11 48 55
48 11 44
11 49 39
49 11 50
11 50 40
50 11 41
11 51 18
51 11 36
11 52 21
52 11 27
11 53 11
53 11 8
11 54 26
54 11 27
11 55 66
55 11 45
11 56 94
56 11 63
11 57 52
57 11 39
11 58 22
58 11 16
11 59 16
59 11 15
11 60 59
60 11 62
11 61 54
61 11 62
11 62 39
62 11 51
11 63 72
63 11 49
11 64 65
64 11 72
11 65 4
65 11 7
11 66 9
66 11 7
11 67 13
67 11 25
11 68 50
68 11 36
11 69 51
69 11 61
11 70 43
70 11 58
11 71 77
71 11 60
11 72 17
72 11 21
11 73 45
73 11 50
11 74 24
74 11 47
11 75 47
75 11 32
11 76 32
76 11 29
17 21 42
21 17 33
17 25 23
25 17 26
17 28 21
28 17 28
17 29 30
29 17 26
17 30 22
30 17 21
17 38 25
38 17 26
17 2 10
2 17 18
17 3 16
3 17 12
17 4 9
4 17 15
17 5 45
5 17 33
17 6 14
6 17 10
17 7 19
7 17 18
17 9 10
9 17 17
17 10 29
10 17 23
17 12 9
12 17 7
17 13 21
13 17 30
17 14 27
14 17 32
17 15 42
15 17 35
17 16 7
16 17 14
17 18 14
18 17 27
17 19 41
19 17 29
17 20 38
20 17 45
17 22 45
22 17 32
17 23 30
23 17 27
17 24 25
24 17 26
17 26 7
26 17 8
17 27 29
27 17 24
17 31 35
31 17 32
17 32 11
32 17 14
17 33 23
33 17 17
17 34 24
34 17 17
17 35 20
35 17 23
17 36 31
36 17 40
17 37 53
37 17 40
17 39 22
39 17 16
17 40 8
40 17 7
17 41 27
41 17 34
17 42 25
42 17 35
17 43 15
43 17 30
17 44 11
44 17 13
17 45 16
45 17 22
17 46 20
46 17 18
17 47 31
47 17 34
17 48 22
48 17 27
17 49 30
49 17 22
17 50 20
50 17 22
17 51 8
51 17 6
17 52 30
52 17 21
17 53 17
53 17 26
17 54 22
54 17 34
17 55 33
55 17 35
17 56 42
56 17 33
17 57 37
57 17 36
17 58 12
58 17 17
17 59 28
59 17 42
17 60 31
60 17 50
17 61 49
61 17 38
17 62 18
62 17 24
17 63 11
63 17 19
17 64 26
64 17 43
17 65 16
65 17 31
17 66 36
66 17 37
17 67 15
67 17 12
17 68 11
68 17 12
17 69 64
69 17 43
17 70 48
70 17 49
17 71 50
71 17 46
17 72 16
72 17 16
17 73 31
73 17 21
17 74 22
74 17 25
17 75 9
75 17 10
17 76 5
76 17 8
21 25 57
25 21 58
21 28 11
28 21 9
21 29 19
29 21 15
21 30 12
30 21 13
21 38 38
38 21 53
21 2 11
2 21 15
21 3 23
3 21 39
21 4 26
4 21 22
21 5 16
5 21 13
21 6 17
6 21 24
21 7 54
7 21 37
21 9 40
9 21 49
21 10 27
10 21 53
21 12 30
12 21 39
21 13 27
13 21 28
21 14 29
14 21 48
21 15 23
15 21 21
21 16 29
16 21 33
21 18 60
18 21 55
21 19 28
19 21 39
21 20 14
20 21 22
21 22 10
22 21 18
21 23 20
23 21 36
21 24 35
24 21 48
21 26 47
26 21 33
21 27 12
27 21 24
21 31 40
31 21 64
21 32 35
32 21 46
21 33 23
33 21 24
21 34 36
34 21 28
21 35 23
35 21 39
21 36 7
36 21 10
21 37 9
37 21 16
21 39 73
39 21 49
21 40 25
40 21 40
21 41 25
41 21 32
21 42 21
42 21 29
21 43 19
43 21 28
21 44 24
44 21 42
21 45 21
45 21 18
21 46 20
46 21 30
21 47 5
47 21 6
21 48 6
48 21 9
21 49 29
49 21 41
21 50 37
50 21 52
21 51 27
51 21 30
21 52 40
52 21 27
21 53 24
53 21 45
21 54 41
54 21 36
21 55 92
55 21 66
21 56 26
56 21 39
21 57 14
57 21 25
21 58 29
58 21 47
21 59 34
59 21 57
21 60 29
60 21 22
21 61 12
61 21 11
21 62 8
62 21 15
21 63 28
63 21 29
21 64 40
64 21 30
21 65 80
65 21 57
21 66 77
66 21 60
21 67 23
67 21 29
21 68 22
68 21 21
21 69 14
69 21 11
21 70 23
70 21 22
21 71 9
71 21 17
21 72 44
72 21 48
21 73 29
73 21 20
21 74 11
74 21 8
21 75 30
75 21 24
21 76 35
76 21 27
25 28 54
28 25 51
25 29 69
29 25 52
25 30 53
30 25 46
25 38 39
38 25 30
25 2 52
2 25 42
25 3 28
3 25 19
25 4 45
4 25 40
25 5 59
5 25 58
25 6 18
6 25 34
25 7 41
7 25 36
25 9 14
9 25 10
25 10 25
10 25 23
25 12 24
12 25 22
25 13 49
13 25 54
25 14 56
14 25 46
25 15 42
15 25 60
25 16 34
16 25 28
25 18 9
18 25 11
25 19 69
19 25 48
25 20 38
20 25 70
25 22 30
22 25 52
25 23 29
23 25 36
25 24 17
24 25 23
25 26 42
26 25 30
25 27 39
27 25 48
25 31 26
31 25 18
25 32 15
32 25 12
25 33 22
33 25 36
25 34 55
34 25 41
25 35 41
35 25 40
25 36 87
36 25 65
25 37 74
37 25 65
25 39 18
39 25 14
25 40 27
40 25 19
25 41 67
41 25 47
25 42 61
42 25 50
25 43 58
43 25 45
25 44 9
44 25 16
25 45 54
45 25 47
25 46 44
46 25 40
25 47 70
47 25 59
25 48 60
48 25 53
25 49 17
49 25 26
25 50 10
50 25 8
25 51 29
51 25 28
25 52 38
52 25 45
25 53 27
53 25 39
25 54 77
54 25 55
25 55 5
55 25 9
25 56 55
56 25 40
25 57 32
57 25 60
25 58 18
58 25 23
25 59 48
59 25 53
25 60 67
60 25 76
25 61 44
61 25 61
25 62 39
62 25 45
25 63 46
63 25 34
25 64 75
64 25 59
25 65 31
65 25 34
25 66 44
66 25 41
25 67 30
67 25 36
25 68 53
68 25 37
25 69 48
69 25 68
25 70 110
70 25 74
25 71 50
71 25 72
25 72 18
72 25 18
25 73 22
73 25 41
25 74 65
74 25 50
25 75 45
75 25 35
25 76 20
76 25 33
28 29 26
29 28 20
28 30 14
30 28 13
28 38 74
38 28 51
28 2 8
2 28 10
28 3 47
3 28 32
28 4 12
4 28 21
28 5 27
5 28 20
28 6 10
6 28 18
28 7 26
7 28 37
28 9 44
9 28 44
28 10 25
10 28 50
28 12 19
12 28 35
28 13 40
13 28 33
28 14 72
14 28 49
28 15 20
15 28 28
28 16 13
16 28 24
28 18 58
18 28 48
28 19 35
19 28 42
28 20 24
20 28 31
28 22 11
22 28 9
28 23 31
23 28 27
28 24 35
24 28 39
28 26 24
26 28 31
28 27 35
27 28 27
28 31 74
31 28 60
28 32 23
32 28 39
28 33 18
33 28 16
28 34 24
34 28 28
28 35 25
35 28 39
28 36 11
36 28 20
28 37 21
37 28 25
28 39 65
39 28 44
28 40 36
40 28 34
28 41 17
41 28 23
28 42 28
42 28 20
28 43 16
43 28 19
28 44 50
44 28 35
28 45 17
45 28 21
28 46 15
46 28 30
28 47 10
47 28 15
28 48 19
48 28 14
28 49 37
49 28 32
28 50 27
50 28 45
28 51 16
51 28 24
28 52 40
52 28 29
28 53 60
53 28 46
28 54 34
54 28 41
28 55 63
55 28 60
28 56 22
56 28 30
28 57 20
57 28 32
28 58 43
58 28 44
28 59 50
59 28 59
28 60 34
60 28 31
28 61 13
61 28 10
28 62 7
62 28 6
28 63 21
63 28 20
28 64 21
64 28 23
28 65 49
65 28 56
28 66 83
66 28 60
28 67 38
67 28 28
28 68 12
68 28 17
28 69 27
69 28 19
28 70 29
70 28 32
28 71 19
71 28 26
28 72 62
72 28 44
28 73 9
73 28 11
28 74 6
74 28 6
28 75 11
75 28 21
28 76 30
76 28 24
29 30 6
30 29 9
29 38 46
38 29 40
29 2 9
2 29 16
29 3 26
3 29 36
29 4 10
4 29 11
29 5 4
5 29 7
29 6 25
6 29 21
29 7 34
7 29 24
29 9 51
9 29 42
29 10 48
10 29 42
29 12 28
12 29 30
29 13 16
13 29 13
29 14 29
14 29 33
29 15 12
15 29 10
29 16 35
16 29 33
29 18 50
18 29 52
29 19 30
19 29 24
29 20 25
20 29 18
29 22 38
22 29 29
29 23 46
23 29 41
29 24 70
24 29 48
29 26 23
26 29 23
29 27 8
27 29 9
29 31 28
31 29 54
29 32 59
32 29 40
29 33 35
33 29 26
29 34 16
34 29 14
29 35 33
35 29 24
29 36 22
36 29 16
29 37 9
37 29 14
29 39 39
39 29 40
29 40 24
40 29 33
29 41 21
41 29 41
29 42 49
42 29 39
29 43 55
43 29 37
29 44 22
44 29 38
29 45 5
45 29 4
29 46 18
46 29 16
29 47 12
47 29 11
29 48 3
48 29 6
29 49 33
49 29 42
29 50 40
50 29 48
29 51 37
51 29 26
29 52 13
52 29 12
29 53 36
53 29 31
29 54 24
54 29 21
29 55 34
55 29 61
29 56 45
56 29 46
29 57 17
57 29 13
29 58 39
58 29 36
29 59 49
59 29 42
29 60 33
60 29 25
29 61 23
61 29 25
29 62 12
62 29 23
29 63 19
63 29 32
29 64 23
64 29 43
29 65 52
65 29 44
29 66 43
66 29 46
29 67 15
67 29 17
29 68 22
68 29 16
29 69 16
69 29 22
29 70 33
70 29 23
29 71 28
71 29 22
29 72 29
72 29 38
29 73 18
73 29 25
29 74 12
74 29 13
29 75 9
75 29 16
29 76 12
76 29 18
30 38 30
38 30 40
30 2 4
2 30 7
30 3 30
3 30 29
30 4 5
4 30 9
30 5 14
5 30 13
30 6 11
6 30 13
30 7 27
7 30 25
30 9 49
9 30 37
30 10 35
10 30 40
30 12 38
12 30 26
30 13 31
13 30 21
30 14 26
14 30 36
30 15 25
15 30 19
30 16 21
16 30 24
30 18 40
18 30 45
30 19 15
19 30 29
30 20 35
20 30 26
30 22 15
22 30 21
30 23 25
23 30 32
30 24 34
24 30 40
30 26 13
26 30 20
30 27 16
27 30 14
30 31 30
31 30 51
30 32 48
32 30 34
30 33 24
33 30 17
30 34 23
34 30 16
30 35 35
35 30 27
30 36 12
36 30 19
30 37 19
37 30 20
30 39 21
39 30 36
30 40 24
40 30 27
30 41 20
41 30 32
30 42 43
42 30 30
30 43 18
43 30 28
30 44 37
44 30 31
30 45 10
45 30 8
30 46 13
46 30 18
30 47 16
47 30 13
30 48 8
48 30 7
30 49 33
49 30 33
30 50 40
50 30 41
30 51 24
51 30 19
30 52 20
52 30 16
30 53 36
53 30 33
30 54 31
54 30 28
30 55 58
55 30 55
30 56 48
56 30 37
30 57 30
57 30 22
30 58 50
58 30 34
30 59 40
59 30 47
30 60 33
60 30 30
30 61 29
61 30 21
30 62 13
62 30 14
30 63 34
63 30 23
30 64 52
64 30 35
30 65 52
65 30 45
30 66 71
66 30 48
30 67 17
67 30 16
30 68 8
68 30 9
30 69 17
69 30 23
30 70 23
70 30 29
30 71 19
71 30 26
30 72 35
72 30 35
30 73 19
73 30 16
30 74 5
74 30 7
30 75 11
75 30 11
30 76 18
76 30 14
38 2 22
2 38 41
38 3 30
3 38 33
38 4 20
4 38 31
38 5 55
5 38 46
38 6 37
6 38 35
38 7 21
7 38 16
38 9 16
9 38 22
38 10 8
10 38 7
38 12 13
12 38 19
38 13 49
13 38 34
38 14 24
14 38 17
38 15 64
15 38 45
38 16 37
16 38 40
38 18 42
18 38 39
38 19 12
19 38 23
38 20 76
20 38 55
38 22 57
22 38 57
38 23 53
23 38 52
38 24 30
24 38 46
38 26 23
26 38 21
38 27 39
27 38 33
38 31 11
31 38 19
38 32 35
32 38 28
38 33 53
33 38 43
38 34 20
34 38 26
38 35 13
35 38 18
38 36 56
36 38 56
38 37 71
37 38 53
38 39 20
39 38 18
38 40 22
40 38 23
38 41 54
41 38 60
38 42 90
42 38 61
38 43 81
43 38 56
38 44 35
44 38 32
38 45 27
45 38 36
38 46 30
46 38 24
38 47 56
47 38 51
38 48 29
48 38 45
38 49 28
49 38 45
38 50 24
50 38 34
38 51 29
51 38 32
38 52 17
52 38 29
38 53 12
53 38 12
38 54 40
54 38 32
38 55 27
55 38 37
38 56 41
56 38 58
38 57 54
57 38 43
38 58 8
58 38 9
38 59 23
59 38 23
38 60 38
60 38 64
38 61 63
61 38 61
38 62 69
62 38 49
38 63 40
63 38 45
38 64 66
64 38 69
38 65 3
65 38 5
38 66 8
66 38 12
38 67 21
67 38 24
38 68 19
68 38 34
38 69 31
69 38 62
38 70 81
70 38 61
38 71 39
71 38 62
38 72 18
72 38 13
38 73 64
73 38 47
38 74 46
74 38 47
38 75 27
75 38 30
38 76 19
76 38 27
2 3 20
3 2 24
2 4 19
4 2 13
2 5 25
5 2 20
2 6 11
6 2 9
2 7 17
7 2 28
2 9 34
9 2 34
2 10 49
10 2 40
2 12 25
12 2 25
2 13 17
13 2 28
2 14 54
14 2 40
2 15 30
15 2 26
2 16 9
16 2 18
2 18 37
18 2 40
2 19 49
19 2 34
2 20 19
20 2 32
2 22 20
22 2 16
2 23 37
23 2 25
2 24 34
24 2 34
2 26 27
26 2 21
2 27 18
27 2 21
2 31 35
31 2 50
2 32 25
32 2 30
2 33 10
33 2 10
2 34 10
34 2 20
2 35 39
35 2 31
2 36 22
36 2 24
2 37 37
37 2 26
2 39 48
39 2 34
2 40 36
40 2 25
2 41 21
41 2 26
2 42 14
42 2 24
2 43 19
43 2 21
2 44 38
44 2 27
2 45 11
45 2 15
2 46 16
46 2 22
2 47 9
47 2 18
2 48 13
48 2 13
2 49 36
49 2 27
2 50 21
50 2 37
2 51 18
51 2 15
2 52 17
52 2 22
2 53 24
53 2 36
2 54 30
54 2 34
2 55 66
55 2 51
2 56 38
56 2 30
2 57 43
57 2 29
2 58 37
58 2 34
2 59 33
59 2 51
2 60 36
60 2 36
2 61 10
61 2 20
2 62 4
62 2 8
2 63 16
63 2 16
2 64 20
64 2 29
2 65 58
65 2 46
2 66 65
66 2 50
2 67 23
67 2 18
2 68 7
68 2 7
2 69 16
69 2 26
2 70 31
70 2 35
2 71 32
71 2 31
2 72 37
72 2 34
2 73 5
73 2 9
2 74 10
74 2 7
2 75 6
75 2 11
2 76 14
76 2 14
3 4 18
4 3 26
3 5 53
5 3 42
3 6 17
6 3 16
3 7 25
7 3 29
3 9 11
9 3 15
3 10 26
10 3 28
3 12 12
12 3 15
3 13 25
13 3 42
3 14 33
14 3 43
3 15 67
15 3 46
3 16 13
16 3 9
3 18 8
18 3 16
3 19 28
19 3 41
3 20 82
20 3 55
3 22 34
22 3 32
3 23 19
23 3 20
3 24 19
24 3 14
3 26 21
26 3 20
3 27 39
27 3 36
3 31 32
31 3 33
3 32 8
32 3 8
3 33 10
33 3 17
3 34 18
34 3 29
3 35 46
35 3 34
3 36 60
36 3 48
3 37 52
37 3 49
3 39 23
39 3 17
3 40 13
40 3 10
3 41 15
41 3 29
3 42 19
42 3 32
3 43 14
43 3 26
3 44 4
44 3 3
3 45 17
45 3 33
3 46 18
46 3 30
3 47 54
47 3 41
3 48 25
48 3 36
3 49 14
49 3 11
3 50 7
50 3 13
3 51 5
51 3 10
3 52 21
52 3 33
3 53 27
53 3 36
3 54 42
54 3 46
3 55 18
55 3 27
3 56 21
56 3 25
3 57 28
57 3 48
3 58 33
58 3 24
3 59 28
59 3 52
3 60 63
60 3 59
3 61 25
61 3 42
3 62 26
62 3 27
3 63 21
63 3 15
3 64 41
64 3 40
3 65 31
65 3 38
3 66 45
66 3 45
3 67 28
67 3 24
3 68 24
68 3 21
3 69 46
69 3 50
3 70 84
70 3 58
3 71 39
71 3 54
3 72 26
72 3 21
3 73 16
73 3 22
3 74 31
74 3 31
3 75 24
75 3 21
3 76 13
76 3 20
4 5 26
5 4 18
4 6 13
6 4 12
4 7 14
7 4 16
4 9 18
9 4 31
4 10 22
10 4 31
4 12 22
12 4 19
4 13 13
13 4 17
4 14 19
14 4 28
4 15 23
15 4 20
4 16 26
16 4 24
4 18 26
18 4 42
4 19 22
19 4 21
4 20 28
20 4 30
4 22 24
22 4 29
4 23 24
23 4 35
4 24 41
24 4 39
4 26 9
26 4 12
4 27 6
27 4 10
4 31 58
31 4 43
4 32 31
32 4 29
4 33 15
33 4 20
4 34 9
34 4 7
4 35 25
35 4 18
4 36 33
36 4 27
4 37 34
37 4 25
4 39 18
39 4 29
4 40 14
40 4 21
4 41 44
41 4 38
4 42 47
42 4 37
4 43 40
43 4 33
4 44 31
44 4 27
4 45 5
45 4 7
4 46 11
46 4 9
4 47 25
47 4 21
4 48 13
48 4 14
4 49 36
49 4 33
4 50 38
50 4 37
4 51 12
51 4 16
4 52 6
52 4 9
4 53 19
53 4 24
4 54 21
54 4 22
4 55 33
55 4 49
4 56 47
56 4 40
4 57 31
57 4 22
4 58 23
58 4 25
4 59 49
59 4 38
4 60 42
60 4 36
4 61 23
61 4 30
4 62 30
62 4 21
4 63 24
63 4 25
4 64 56
64 4 42
4 65 51
65 4 35
4 66 50
66 4 39
4 67 7
67 4 7
4 68 5
68 4 7
4 69 24
69 4 31
4 70 44
70 4 34
4 71 42
71 4 33
4 72 39
72 4 27
4 73 29
73 4 21
4 74 21
74 4 16
4 75 5
75 4 5
4 76 5
76 4 7
5 6 17
6 5 26
5 7 40
7 5 30
5 9 69
9 5 49
5 10 48
10 5 48
5 12 49
12 5 37
5 13 9
13 5 17
5 14 25
14 5 38
5 15 7
15 5 8
5 16 49
16 5 38
5 18 43
18 5 58
5 19 15
19 5 29
5 20 13
20 5 13
5 22 34
22 5 30
5 23 42
23 5 45
5 24 32
24 5 53
5 26 20
26 5 30
5 27 13
27 5 14
5 31 91
31 5 61
5 32 55
32 5 47
5 33 36
33 5 30
5 34 25
34 5 21
5 35 37
35 5 30
5 36 10
36 5 10
5 37 8
37 5 7
5 39 67
39 5 47
5 40 40
40 5 39
5 41 26
41 5 43
5 42 48
42 5 40
5 43 56
43 5 39
5 44 60
44 5 44
5 45 13
45 5 11
5 46 25
46 5 22
5 47 5
47 5 7
5 48 8
48 5 7
5 49 55
49 5 46
5 50 32
50 5 54
5 51 29
51 5 32
5 52 16
52 5 18
5 53 29
53 5 37
5 54 13
54 5 24
5 55 70
55 5 67
5 56 63
56 5 49
5 57 17
57 5 12
5 58 43
58 5 43
5 59 63
59 5 46
5 60 17
60 5 18
5 61 17
61 5 24
5 62 13
62 5 25
5 63 41
63 5 36
5 64 52
64 5 43
5 65 28
65 5 50
5 66 61
66 5 52
5 67 29
67 5 24
5 68 24
68 5 21
5 69 23
69 5 17
5 70 9
70 5 16
5 71 11
71 5 16
5 72 41
72 5 45
5 73 38
73 5 28
5 74 11
74 5 15
5 75 25
75 5 23
5 76 15
76 5 25
6 7 20
7 6 23
6 9 16
9 6 26
6 10 27
10 6 33
6 12 25
12 6 17
6 13 23
13 6 29
6 14 39
14 6 37
6 15 23
15 6 31
6 16 9
16 6 12
6 18 33
18 6 33
6 19 39
19 6 32
6 20 29
20 6 39
6 22 18
22 6 22
6 23 26
23 6 23
6 24 37
24 6 28
6 26 18
26 6 14
6 27 32
27 6 22
6 31 54
31 6 42
6 32 25
32 6 22
6 33 8
33 6 9
6 34 26
34 6 18
6 35 37
35 6 27
6 36 47
36 6 32
6 37 46
37 6 33
6 39 38
39 6 26
6 40 14
40 6 16
6 41 15
41 6 27
6 42 36
42 6 27
6 43 17
43 6 23
6 44 17
44 6 18
6 45 24
45 6 17
6 46 27
46 6 20
6 47 34
47 6 25
6 48 11
48 6 20
6 49 25
49 6 21
6 50 19
50 6 28
6 51 7
51 6 6
6 52 15
52 6 21
6 53 20
53 6 32
6 54 48
54 6 34
6 55 54
55 6 42
6 56 33
56 6 28
6 57 24
57 6 32
6 58 29
58 6 27
6 59 64
59 6 47
6 60 37
60 6 43
6 61 21
61 6 28
6 62 13
62 6 14
6 63 14
63 6 14
6 64 49
64 6 34
6 65 30
65 6 40
6 66 31
66 6 45
6 67 17
67 6 14
6 68 5
68 6 5
6 69 20
69 6 34
6 70 59
70 6 42
6 71 35
71 6 38
6 72 16
72 6 26
6 73 7
73 6 12
6 74 16
74 6 16
6 75 5
75 6 8
6 76 11
76 6 9
7 9 36
9 7 26
7 10 18
10 7 19
7 12 14
12 7 15
7 13 24
13 7 19
7 14 11
14 7 14
7 15 28
15 7 29
7 16 28
16 7 32
7 18 41
18 7 41
7 19 9
19 7 12
7 20 43
20 7 39
7 22 43
22 7 44
7 23 57
23 7 45
7 24 23
24 7 44
7 26 11
26 7 10
7 27 21
27 7 17
7 31 41
31 7 32
7 32 22
32 7 28
7 33 43
33 7 32
7 34 9
34 7 10
7 35 7
35 7 5
7 36 56
36 7 40
7 37 21
37 7 36
7 39 21
39 7 22
7 40 22
40 7 20
7 41 64
41 7 50
7 42 65
42 7 50
7 43 58
43 7 46
7 44 26
44 7 29
7 45 13
45 7 20
7 46 4
46 7 8
7 47 33
47 7 35
7 48 32
48 7 29
7 49 23
49 7 40
7 50 49
50 7 36
7 51 29
51 7 24
7 52 12
52 7 13
7 53 11
53 7 9
7 54 13
54 7 19
7 55 33
55 7 44
7 56 41
56 7 51
7 57 28
57 7 27
7 58 7
58 7 14
7 59 18
59 7 24
7 60 55
60 7 48
7 61 44
61 7 46
7 62 35
62 7 36
7 63 46
63 7 36
7 64 81
64 7 57
7 65 16
65 7 20
7 66 17
66 7 23
7 67 12
67 7 9
7 68 15
68 7 20
7 69 64
69 7 46
7 70 43
70 7 45
7 71 53
71 7 46
7 72 21
72 7 18
7 73 42
73 7 34
7 74 25
74 7 32
7 75 13
75 7 16
7 76 8
76 7 14
9 10 14
10 9 16
9 12 9
12 9 12
9 13 48
13 9 43
9 14 42
14 9 36
9 15 45
15 9 50
9 16 14
16 9 24
9 18 16
18 9 17
9 19 36
19 9 38
9 20 89
20 9 60
9 22 45
22 9 46
9 23 28
23 9 34
9 24 29
24 9 25
9 26 18
26 9 20
9 27 21
27 9 38
9 31 17
31 9 18
9 32 8
32 9 7
9 33 20
33 9 30
9 34 25
34 9 31
9 35 29
35 9 30
9 36 29
36 9 56
9 37 49
37 9 56
9 39 4
39 9 4
9 40 5
40 9 10
9 41 52
41 9 44
9 42 38
42 9 46
9 43 60
43 9 41
9 44 8
44 9 12
9 45 53
45 9 38
9 46 44
46 9 30
9 47 58
47 9 50
9 48 36
48 9 44
9 49 35
49 9 25
9 50 14
50 9 11
9 51 11
51 9 20
9 52 22
52 9 35
9 53 32
53 9 29
9 54 60
54 9 45
9 55 11
55 9 19
9 56 40
56 9 39
9 57 55
57 9 50
9 58 19
58 9 14
9 59 63
59 9 44
9 60 74
60 9 67
9 61 39
61 9 54
9 62 42
62 9 39
9 63 39
63 9 30
9 64 65
64 9 55
9 65 26
65 9 26
9 66 17
66 9 33
9 67 37
67 9 25
9 68 39
68 9 29
9 69 82
69 9 60
9 70 43
70 9 65
9 71 38
71 9 63
9 72 6
72 9 9
9 73 51
73 9 35
9 74 26
74 9 41
9 75 38
75 9 26
9 76 14
76 9 24
10 12 19
12 10 16
10 13 27
13 10 38
10 14 28
14 10 24
10 15 69
15 10 47
10 16 50
16 10 36
10 18 45
18 10 33
10 19 40
19 10 28
10 20 86
20 10 58
10 22 41
22 10 55
10 23 27
23 10 48
10 24 23
24 10 40
10 26 12
26 10 20
10 27 48
27 10 35
10 31 10
31 10 13
10 32 24
32 10 22
10 33 28
33 10 40
10 34 35
34 10 28
10 35 25
35 10 22
10 36 62
36 10 58
10 37 77
37 10 55
10 39 17
39 10 12
10 40 18
40 10 19
10 41 64
41 10 56
10 42 60
42 10 58
10 43 54
43 10 53
10 44 13
44 10 26
10 45 30
45 10 37
10 46 28
46 10 26
10 47 64
47 10 52
10 48 44
48 10 46
10 49 44
49 10 39
10 50 33
50 10 27
10 51 24
51 10 29
10 52 16
52 10 31
10 53 14
53 10 17
10 54 32
54 10 37
10 55 25
55 10 30
10 56 74
56 10 53
10 57 32
57 10 46
10 58 7
58 10 6
10 59 25
59 10 30
10 60 55
60 10 66
10 61 51
61 10 60
10 62 33
62 10 47
10 63 36
63 10 41
10 64 98
64 10 66
10 65 11
65 10 11
10 66 22
66 10 18
10 67 21
67 10 25
10 68 27
68 10 33
10 69 44
69 10 63
10 70 35
70 10 63
10 71 56
71 10 64
10 72 6
72 10 8
10 73 24
73 10 44
10 74 43
74 10 46
10 75 15
75 10 29
10 76 32
76 10 26
12 13 30
13 12 31
12 14 36
14 12 28
12 15 50
15 12 38
12 16 27
16 12 21
12 18 35
18 12 26
12 19 38
19 12 27
12 20 62
20 12 48
12 22 46
22 12 39
12 23 19
23 12 33
12 24 42
24 12 29
12 26 10
26 12 8
12 27 28
27 12 26
12 31 14
31 12 25
12 32 12
32 12 13
12 33 13
33 12 24
12 34 18
34 12 19
12 35 23
35 12 20
12 36 55
36 12 45
12 37 60
37 12 44
12 39 9
39 12 10
12 40 5
40 12 5
12 41 26
41 12 41
12 42 36
42 12 42
12 43 31
43 12 37
12 44 18
44 12 14
12 45 27
45 12 26
12 46 11
46 12 18
12 47 58
47 12 39
12 48 32
48 12 33
12 49 20
49 12 26
12 50 30
50 12 21
12 51 7
51 12 13
12 52 18
52 12 23
12 53 31
53 12 21
12 54 20
54 12 34
12 55 25
55 12 31
12 56 45
56 12 39
12 57 41
57 12 38
12 58 9
58 12 10
12 59 44
59 12 37
12 60 37
60 12 55
12 61 27
61 12 45
12 62 26
62 12 31
12 63 26
63 12 26
12 64 34
64 12 50
12 65 35
65 12 24
12 66 23
66 12 30
12 67 16
67 12 13
12 68 24
68 12 18
12 69 54
69 12 49
12 70 30
70 12 53
12 71 38
71 12 52
12 72 8
72 12 9
12 73 25
73 12 28
12 74 19
74 12 31
12 75 18
75 12 15
12 76 8
76 12 12
13 14 14
14 13 22
13 15 7
15 13 11
13 16 26
16 13 41
13 18 62
18 13 57
13 19 18
19 13 13
13 20 26
20 13 21
13 22 31
22 13 42
13 23 27
23 13 51
13 24 33
24 13 56
13 26 24
26 13 24
13 27 6
27 13 7
13 31 60
31 13 51
13 32 57
32 13 44
13 33 24
33 13 36
13 34 10
34 13 13
13 35 23
35 13 17
13 36 20
36 13 26
13 37 24
37 13 20
13 39 41
39 13 41
13 40 38
40 13 35
13 41 54
41 13 53
13 42 66
42 13 51
13 43 25
43 13 49
13 44 30
44 13 43
13 45 19
45 13 13
13 46 8
46 13 13
13 47 24
47 13 23
13 48 12
48 13 19
13 49 56
49 13 50
13 50 49
50 13 51
13 51 23
51 13 33
13 52 6
52 13 9
13 53 15
53 13 23
13 54 7
54 13 8
13 55 37
55 13 63
13 56 44
56 13 56
13 57 10
57 13 9
13 58 24
58 13 33
13 59 42
59 13 30
13 60 31
60 13 31
13 61 53
61 13 38
13 62 27
62 13 35
13 63 31
63 13 42
13 64 54
64 13 56
13 65 32
65 13 37
13 66 31
66 13 37
13 67 19
67 13 18
13 68 16
68 13 24
13 69 37
69 13 33
13 70 21
70 13 27
13 71 39
71 13 30
13 72 23
72 13 37
13 73 26
73 13 37
13 74 19
74 13 26
13 75 18
75 13 22
13 76 22
76 13 23
14 15 35
15 14 33
14 16 26
16 14 46
14 18 67
18 14 53
14 19 8
19 14 9
14 20 53
20 14 43
14 22 72
22 14 57
14 23 63
23 14 59
14 24 52
24 14 57
14 26 16
26 14 24
14 27 17
27 14 24
14 31 39
31 14 36
14 32 47
32 14 40
14 33 55
33 14 46
14 34 21
34 14 21
14 35 10
35 14 10
14 36 50
36 14 48
14 37 58
37 14 42
14 39 21
39 14 32
14 40 43
40 14 33
14 41 56
41 14 64
14 42 81
42 14 64
14 43 82
43 14 60
14 44 34
44 14 42
14 45 42
45 14 30
14 46 11
46 14 19
14 47 44
47 14 44
14 48 56
48 14 39
14 49 42
49 14 53
14 50 27
50 14 47
14 51 27
51 14 38
14 52 29
52 14 21
14 53 5
53 14 7
14 54 21
54 14 17
14 55 45
55 14 54
14 56 45
56 14 64
14 57 21
57 14 30
14 58 29
58 14 22
14 59 12
59 14 11
14 60 38
60 14 53
14 61 66
61 14 57
14 62 59
62 14 49
14 63 53
63 14 50
14 64 102
64 14 70
14 65 21
65 14 18
14 66 19
66 14 16
14 67 22
67 14 23
14 68 19
68 14 34
14 69 75
69 14 54
14 70 43
70 14 49
14 71 62
71 14 52
14 72 39
72 14 27
14 73 57
73 14 48
14 74 25
74 14 43
14 75 30
75 14 30
14 76 40
76 14 28
15 16 38
16 15 43
15 18 34
18 15 62
15 19 23
19 15 24
15 20 12
20 15 11
15 22 25
22 15 38
15 23 70
23 15 51
15 24 43
24 15 58
15 26 34
26 15 30
15 27 12
27 15 12
15 31 54
31 15 60
15 32 45
32 15 49
15 33 25
33 15 36
15 34 19
34 15 20
15 35 38
35 15 27
15 36 13
36 15 16
15 37 10
37 15 9
15 39 61
39 15 48
15 40 44
40 15 41
15 41 68
41 15 50
15 42 50
42 15 48
15 43 26
43 15 46
15 44 28
44 15 48
15 45 16
45 15 13
15 46 22
46 15 21
15 47 15
47 15 15
15 48 12
48 15 14
15 49 28
49 15 52
15 50 64
50 15 57
15 51 48
51 15 36
15 52 16
52 15 16
15 53 33
53 15 34
15 54 14
54 15 18
15 55 48
55 15 69
15 56 55
56 15 56
15 57 5
57 15 4
15 58 54
58 15 42
15 59 59
59 15 41
15 60 17
60 15 20
15 61 24
61 15 32
15 62 27
62 15 32
15 63 59
63 15 42
15 64 26
64 15 51
15 65 57
65 15 48
15 66 35
66 15 48
15 67 25
67 15 25
15 68 30
68 15 25
15 69 23
69 15 23
15 70 20
70 15 16
15 71 10
71 15 19
15 72 66
72 15 45
15 73 22
73 15 35
15 74 17
74 15 22
15 75 14
75 15 25
15 76 28
76 15 27
16 18 24
18 16 23
16 19 22
19 16 43
16 20 47
20 16 50
16 22 27
22 16 24
16 23 7
23 16 13
16 24 9
24 16 16
16 26 28
26 16 22
16 27 45
27 16 34
16 31 42
31 16 41
16 32 17
32 16 17
16 33 10
33 16 9
16 34 18
34 16 29
16 35 52
35 16 37
16 36 25
36 16 42
16 37 42
37 16 44
16 39 27
39 16 26
16 40 19
40 16 17
16 41 13
41 16 21
16 42 29
42 16 23
16 43 18
43 16 18
16 44 16
44 16 12
16 45 26
45 16 30
16 46 43
46 16 31
16 47 38
47 16 36
16 48 21
48 16 31
16 49 7
49 16 9
16 50 11
50 16 21
16 51 9
51 16 9
16 52 24
52 16 33
16 53 32
53 16 40
16 54 37
54 16 46
16 55 35
55 16 36
16 56 26
56 16 19
16 57 36
57 16 45
16 58 40
58 16 31
16 59 39
59 16 56
16 60 76
60 16 54
16 61 48
61 16 34
16 62 23
62 16 18
16 63 5
63 16 6
16 64 25
64 16 31
16 65 49
65 16 45
16 66 75
66 16 51
16 67 21
67 16 25
16 68 22
68 16 17
16 69 49
69 16 43
16 70 35
70 16 53
16 71 54
71 16 49
16 72 33
72 16 28
16 73 13
73 16 13
16 74 27
74 16 25
16 75 17
75 16 19
16 76 19
76 16 19
18 19 68
19 18 54
18 20 92
20 18 71
18 22 64
22 18 46
18 23 18
23 18 28
18 24 19
24 18 13
18 26 35
26 18 34
18 27 59
27 18 51
18 31 43
31 18 29
18 32 8
32 18 13
18 33 20
33 18 32
18 34 40
34 18 44
18 35 66
35 18 46
18 36 49
36 18 64
18 37 62
37 18 65
18 39 11
39 18 21
18 40 12
40 18 22
18 41 24
41 18 39
18 42 41
42 18 42
18 43 53
43 18 38
18 44 15
44 18 14
18 45 30
45 18 48
18 46 36
46 18 44
18 47 60
47 18 58
18 48 29
48 18 52
18 49 18
49 18 18
18 50 7
50 18 6
18 51 22
51 18 26
18 52 57
52 18 48
18 53 67
53 18 46
18 54 72
54 18 60
18 55 19
55 18 14
18 56 29
56 18 31
18 57 44
57 18 63
18 58 39
58 18 31
18 59 64
59 18 61
18 60 104
60 18 75
18 61 29
61 18 57
18 62 28
62 18 42
18 63 35
63 18 28
18 64 44
64 18 51
18 65 63
65 18 43
18 66 41
66 18 50
18 67 33
67 18 38
18 68 43
68 18 37
18 69 37
69 18 66
18 70 42
70 18 74
18 71 56
71 18 71
18 72 37
72 18 26
18 73 21
73 18 37
18 74 24
74 18 48
18 75 43
75 18 36
18 76 52
76 18 35
19 20 39
20 19 34
19 22 57
22 19 50
19 23 43
23 19 55
19 24 50
24 19 55
19 26 29
26 19 21
19 27 15
27 19 16
19 31 32
31 19 42
19 32 31
32 19 40
19 33 31
33 19 41
19 34 16
34 19 14
19 35 7
35 19 7
19 36 56
36 19 39
19 37 42
37 19 33
19 39 19
39 19 34
19 40 34
40 19 32
19 41 54
41 19 58
19 42 81
42 19 58
19 43 34
43 19 54
19 44 58
44 19 41
19 45 11
45 19 22
19 46 15
46 19 13
19 47 39
47 19 35
19 48 30
48 19 30
19 49 43
49 19 51
19 50 36
50 19 47
19 51 21
51 19 34
19 52 8
52 19 13
19 53 14
53 19 11
19 54 11
54 19 9
19 55 73
55 19 56
19 56 55
56 19 60
19 57 17
57 19 21
19 58 18
58 19 25
19 59 9
59 19 18
19 60 25
60 19 44
19 61 43
61 19 49
19 62 43
62 19 42
19 63 61
63 19 46
19 64 59
64 19 63
19 65 34
65 19 25
19 66 25
66 19 25
19 67 14
67 19 18
19 68 34
68 19 28
19 69 57
69 19 46
19 70 30
70 19 40
19 71 28
71 19 43
19 72 26
72 19 29
19 73 43
73 19 42
19 74 21
74 19 36
19 75 32
75 19 24
19 76 19
76 19 23
20 22 38
22 20 40
20 23 44
23 20 57
20 24 78
24 20 66
20 26 36
26 20 41
20 27 14
27 20 23
20 31 97
31 20 71
20 32 73
32 20 58
20 33 35
33 20 43
20 34 16
34 20 31
20 35 22
35 20 38
20 36 11
36 20 13
20 37 6
37 20 6
20 39 70
39 20 58
20 40 47
40 20 51
20 41 56
41 20 54
20 42 43
42 20 51
20 43 33
43 20 50
20 44 79
44 20 56
20 45 20
45 20 22
20 46 18
46 20 32
20 47 20
47 20 16
20 48 13
48 20 19
20 49 58
49 20 59
20 50 66
50 20 66
20 51 59
51 20 44
20 52 35
52 20 27
20 53 38
53 20 44
20 54 21
54 20 27
20 55 106
55 20 79
20 56 72
56 20 61
20 57 17
57 20 13
20 58 39
58 20 53
20 59 35
59 20 50
20 60 7
60 20 10
20 61 46
61 20 31
20 62 22
62 20 36
20 63 31
63 20 48
20 64 49
64 20 52
20 65 74
65 20 58
20 66 55
66 20 59
20 67 50
67 20 35
20 68 42
68 20 34
20 69 25
69 20 19
20 70 5
70 20 6
20 71 8
71 20 11
20 72 64
72 20 55
20 73 51
73 20 40
20 74 19
74 20 27
20 75 28
75 20 34
20 76 22
76 20 36
22 23 17
23 22 21
22 24 32
24 22 36
22 26 29
26 22 36
22 27 27
27 22 36
22 31 84
31 22 63
22 32 40
32 22 40
22 33 10
33 22 16
22 34 20
34 22 36
22 35 36
35 22 47
22 36 28
36 22 28
22 37 18
37 22 34
22 39 64
39 22 47
22 40 19
40 22 37
22 41 12
41 22 15
22 42 16
42 22 11
22 43 17
43 22 12
22 44 48
44 22 35
22 45 24
45 22 29
22 46 51
46 22 38
22 47 24
47 22 24
22 48 30
48 22 23
22 49 31
49 22 29
22 50 40
50 22 44
22 51 17
51 22 26
22 52 33
52 22 37
22 53 65
53 22 53
22 54 27
54 22 49
22 55 80
55 22 59
22 56 30
56 22 23
22 57 35
57 22 41
22 58 60
58 22 49
22 59 42
59 22 67
22 60 35
60 22 39
22 61 13
61 22 12
22 62 6
62 22 8
22 63 12
63 22 18
22 64 13
64 22 14
22 65 90
65 22 62
22 66 39
66 22 67
22 67 23
67 22 35
22 68 19
68 22 23
22 69 34
69 22 26
22 70 57
70 22 40
22 71 50
71 22 34
22 72 55
72 22 48
22 73 14
73 22 11
22 74 21
74 22 15
22 75 29
75 22 27
22 76 29
76 22 30
23 24 15
24 23 16
23 26 49
26 23 35
23 27 28
27 23 44
23 31 71
31 23 52
23 32 19
32 23 27
23 33 14
33 23 15
23 34 31
34 23 41
23 35 42
35 23 49
23 36 62
36 23 47
23 37 76
37 23 51
23 39 38
39 23 37
23 40 27
40 23 29
23 41 8
41 23 11
23 42 20
42 23 15
23 43 9
43 23 10
23 44 24
44 23 22
23 45 41
45 23 39
23 46 25
46 23 42
23 47 53
47 23 41
23 48 33
48 23 38
23 49 9
49 23 10
23 50 35
50 23 28
23 51 18
51 23 21
23 52 50
52 23 44
23 53 32
53 23 53
23 54 81
54 23 57
23 55 55
55 23 42
23 56 4
56 23 6
23 57 74
57 23 54
23 58 37
58 23 43
23 59 77
59 23 69
23 60 47
60 23 58
23 61 44
61 23 33
23 62 11
62 23 21
23 63 10
63 23 9
23 64 22
64 23 23
23 65 49
65 23 57
23 66 89
66 23 64
23 67 23
67 23 37
23 68 16
68 23 27
23 69 25
69 23 46
23 70 49
70 23 58
23 71 74
71 23 53
23 72 33
72 23 40
23 73 22
73 23 16
23 74 34
74 23 30
23 75 18
75 23 30
23 76 46
76 23 31
24 26 49
26 24 34
24 27 35
27 24 49
24 31 31
31 24 41
24 32 19
32 24 18
24 33 16
33 24 24
24 34 37
34 24 43
24 35 34
35 24 49
24 36 47
36 24 57
24 37 56
37 24 60
24 39 29
39 24 29
24 40 30
40 24 24
24 41 14
41 24 26
24 42 43
42 24 30
24 43 30
43 24 26
24 44 9
44 24 15
24 45 64
45 24 45
24 46 53
46 24 44
24 47 55
47 24 51
24 48 53
48 24 47
24 49 4
49 24 7
24 50 18
50 24 15
24 51 32
51 24 22
24 52 44
52 24 47
24 53 66
53 24 50
24 54 88
54 24 60
24 55 38
55 24 27
24 56 12
56 24 18
24 57 74
57 24 60
24 58 33
58 24 37
24 59 56
59 24 66
24 60 63
60 24 69
24 61 34
61 24 47
24 62 35
62 24 32
24 63 24
63 24 18
24 64 19
64 24 38
24 65 29
65 24 51
24 66 32
66 24 58
24 67 37
67 24 38
24 68 42
68 24 33
24 69 45
69 24 58
24 70 87
70 24 68
24 71 56
71 24 64
24 72 27
72 24 33
24 73 37
73 24 27
24 74 51
74 24 40
24 75 23
75 24 33
24 76 41
76 24 33
26 27 11
27 26 18
26 31 23
31 26 32
26 32 28
32 26 20
26 33 22
33 26 23
26 34 6
34 26 11
26 35 10
35 26 15
26 36 21
36 26 38
26 37 32
37 26 36
26 39 14
39 26 18
26 40 13
40 26 12
26 41 24
41 26 41
26 42 23
42 26 41
26 43 21
43 26 37
26 44 29
44 26 20
26 45 12
45 26 18
26 46 8
46 26 11
26 47 30
47 26 32
26 48 23
48 26 26
26 49 24
49 26 30
26 50 35
50 26 28
26 51 18
51 26 14
26 52 13
52 26 15
26 53 20
53 26 18
26 54 22
54 26 26
26 55 43
55 26 39
26 56 39
56 26 41
26 57 18
57 26 30
26 58 15
58 26 14
26 59 18
59 26 34
26 60 29
60 26 48
26 61 54
61 26 40
26 62 22
62 26 28
26 63 35
63 26 26
26 64 34
64 26 49
26 65 20
65 26 26
26 66 38
66 26 31
26 67 8
67 26 6
26 68 13
68 26 13
26 69 51
69 26 43
26 70 30
70 26 45
26 71 29
71 26 45
26 72 15
72 26 15
26 73 25
73 26 26
26 74 36
74 26 26
26 75 9
75 26 9
26 76 5
76 26 6
27 31 25
31 27 48
27 32 30
32 27 38
27 33 34
33 27 29
27 34 9
34 27 8
27 35 16
35 27 16
27 36 20
36 27 24
27 37 22
37 27 20
27 39 42
39 27 36
27 40 28
40 27 30
27 41 68
41 27 46
27 42 24
42 27 44
27 43 22
43 27 42
27 44 37
44 27 37
27 45 7
45 27 6
27 46 8
46 27 9
27 47 22
47 27 20
27 48 17
48 27 15
27 49 33
49 27 43
27 50 30
50 27 46
27 51 33
51 27 26
27 52 2
52 27 4
27 53 15
53 27 23
27 54 14
54 27 14
27 55 59
55 27 58
27 56 26
56 27 49
27 57 17
57 27 12
27 58 40
58 27 30
27 59 38
59 27 34
27 60 34
60 27 31
27 61 50
61 27 34
27 62 34
62 27 28
27 63 18
63 27 35
27 64 39
64 27 49
27 65 20
65 27 36
27 66 45
66 27 38
27 67 17
67 27 13
27 68 24
68 27 17
27 69 28
69 27 30
27 70 15
70 27 28
27 71 28
71 27 29
27 72 38
72 27 33
27 73 44
73 27 30
27 74 19
74 27 20
27 75 22
75 27 15
27 76 20
76 27 16
31 32 35
32 31 25
31 33 33
33 31 47
31 34 30
34 31 41
31 35 52
35 31 35
31 36 75
36 31 70
31 37 92
37 31 68
31 39 22
39 31 16
31 40 35
40 31 26
31 41 31
41 31 62
31 42 72
42 31 64
31 43 32
43 31 59
31 44 29
44 31 30
31 45 60
45 31 50
31 46 24
46 31 39
31 47 69
47 31 64
31 48 61
48 31 58
31 49 48
49 31 42
31 50 20
50 31 26
31 51 52
51 31 37
31 52 34
52 31 44
31 53 24
53 31 31
31 54 53
54 31 50
31 55 11
55 31 22
31 56 47
56 31 56
31 57 61
57 31 60
31 58 25
58 31 18
31 59 52
59 31 41
31 60 65
60 31 79
31 61 100
61 31 70
31 62 44
62 31 56
31 63 33
63 31 47
31 64 61
64 31 72
31 65 29
65 31 20
31 66 24
66 31 26
31 67 55
67 31 37
31 68 36
68 31 44
31 69 74
69 31 74
31 70 53
70 31 76
31 71 64
71 31 76
31 72 14
72 31 16
31 73 49
73 31 52
31 74 83
74 31 56
31 75 54
75 31 40
31 76 54
76 31 37
32 33 28
33 32 24
32 34 44
34 32 31
32 35 22
35 32 33
32 36 59
36 32 54
32 37 35
37 32 54
32 39 8
39 32 11
32 40 6
40 32 9
32 41 52
41 32 37
32 42 36
42 32 40
32 43 40
43 32 35
32 44 6
44 32 5
32 45 46
45 32 36
32 46 22
46 32 31
32 47 61
47 32 47
32 48 50
48 32 41
32 49 24
49 32 18
32 50 9
50 32 8
32 51 10
51 32 16
32 52 19
52 32 35
32 53 35
53 32 33
32 54 58
54 32 47
32 55 19
55 32 21
32 56 33
56 32 32
32 57 73
57 32 50
32 58 11
58 32 19
32 59 63
59 32 49
32 60 68
60 32 64
32 61 71
61 32 49
32 62 44
62 32 34
32 63 22
63 32 23
32 64 68
64 32 48
32 65 26
65 32 33
32 66 49
66 32 40
32 67 22
67 32 25
32 68 18
68 32 26
32 69 80
69 32 56
32 70 83
70 32 63
32 71 69
71 32 60
32 72 12
72 32 15
32 73 28
73 32 29
32 74 42
74 32 38
32 75 22
75 32 24
32 76 11
76 32 22
33 34 25
34 33 26
33 35 37
35 33 36
33 36 33
36 33 34
33 37 52
37 33 37
33 39 22
39 33 31
33 40 28
40 33 21
33 41 15
41 33 18
33 42 28
42 33 19
33 43 18
43 33 14
33 44 18
44 33 20
33 45 12
45 33 24
33 46 39
46 33 28
33 47 19
47 33 28
33 48 23
48 33 23
33 49 17
49 33 17
33 50 39
50 33 29
33 51 11
51 33 10
33 52 39
52 33 29
33 53 34
53 33 40
33 54 53
54 33 42
33 55 39
55 33 44
33 56 21
56 33 20
33 57 30
57 33 39
33 58 48
58 33 34
33 59 40
59 33 56
33 60 59
60 33 45
33 61 37
61 33 25
33 62 10
62 33 10
33 63 5
63 33 6
33 64 32
64 33 26
33 65 31
65 33 47
33 66 31
66 33 53
33 67 12
67 33 23
33 68 19
68 33 13
33 69 51
69 33 35
33 70 52
70 33 45
33 71 53
71 33 41
33 72 17
72 33 32
33 73 4
73 33 5
33 74 10
74 33 17
33 75 20
75 33 16
33 76 11
76 33 18
34 35 6
35 34 11
34 36 15
36 34 30
34 37 39
37 34 27
34 39 32
39 34 28
34 40 15
40 34 22
34 41 42
41 34 44
34 42 39
42 34 44
34 43 30
43 34 40
34 44 21
44 34 30
34 45 9
45 34 10
34 46 2
46 34 2
34 47 29
47 34 25
34 48 14
48 34 19
34 49 48
49 34 38
34 50 47
50 34 38
34 51 30
51 34 21
34 52 4
52 34 4
34 53 12
53 34 18
34 54 25
54 34 17
34 55 42
55 34 50
34 56 44
56 34 46
34 57 15
57 34 20
34 58 22
58 34 22
34 59 18
59 34 31
34 60 36
60 34 39
34 61 35
61 34 37
34 62 19
62 34 28
34 63 37
63 34 32
34 64 45
64 34 49
34 65 16
65 34 30
34 66 21
66 34 33
34 67 6
67 34 5
34 68 7
68 34 14
34 69 23
69 34 36
34 70 31
70 34 36
34 71 36
71 34 36
34 72 30
72 34 25
34 73 20
73 34 28
34 74 32
74 34 22
34 75 13
75 34 10
34 76 7
76 34 10
35 36 46
36 35 40
35 37 33
37 35 35
35 39 20
39 35 27
35 40 35
40 35 25
35 41 73
41 35 54
35 42 29
42 35 54
35 43 40
43 35 50
35 44 33
44 35 34
35 45 23
45 35 21
35 46 9
46 35 9
35 47 45
47 35 35
35 48 30
48 35 30
35 49 32
49 35 45
35 50 59
50 35 40
35 51 30
51 35 28
35 52 14
52 35 12
35 53 4
53 35 7
35 54 20
54 35 15
35 55 46
55 35 49
35 56 47
56 35 55
35 57 37
57 35 25
35 58 25
58 35 18
35 59 22
59 35 21
35 60 48
60 35 47
35 61 25
61 35 48
35 62 52
62 35 39
35 63 27
63 35 40
35 64 34
64 35 60
35 65 19
65 35 21
35 66 21
66 35 22
35 67 14
67 35 13
35 68 29
68 35 24
35 69 35
69 35 46
35 70 23
70 35 43
35 71 27
71 35 45
35 72 27
72 35 22
35 73 56
73 35 38
35 74 38
74 35 34
35 75 28
75 35 20
35 76 18
76 35 18
36 37 5
37 36 8
36 39 40
39 36 55
36 40 27
40 36 47
36 41 54
41 36 43
36 42 36
42 36 39
36 43 36
43 36 39
36 44 29
44 36 50
36 45 22
45 36 20
36 46 39
46 36 32
36 47 3
47 36 6
36 48 14
48 36 12
36 49 26
49 36 50
36 50 56
50 36 60
36 51 19
51 36 38
36 52 34
52 36 28
36 53 32
53 36 47
36 54 47
54 36 34
36 55 84
55 36 74
36 56 67
56 36 50
36 57 20
57 36 20
36 58 63
58 36 52
36 59 81
59 36 56
36 60 11
60 36 12
36 61 24
61 36 18
36 62 21
62 36 26
36 63 48
63 36 39
36 64 33
64 36 39
36 65 56
65 36 60
36 66 37
66 36 62
36 67 32
67 36 33
36 68 21
68 36 28
36 69 7
69 36 7
36 70 6
70 36 12
36 71 6
71 36 7
36 72 59
72 36 53
36 73 30
73 36 30
36 74 22
74 36 17
36 75 31
75 36 30
36 76 18
76 36 33
37 39 27
39 37 54
37 40 65
40 37 46
37 41 71
41 37 48
37 42 55
42 37 45
37 43 33
43 37 44
37 44 50
44 37 51
37 45 25
45 37 18
37 46 19
46 37 28
37 47 13
47 37 10
37 48 18
48 37 13
37 49 62
49 37 53
37 50 36
50 37 61
37 51 26
51 37 39
37 52 27
52 37 24
37 53 45
53 37 42
37 54 20
54 37 27
37 55 67
55 37 74
37 56 34
56 37 55
37 57 14
57 37 13
37 58 46
58 37 49
37 59 72
59 37 50
37 60 15
60 37 12
37 61 20
61 37 26
37 62 35
62 37 30
37 63 33
63 37 42
37 64 28
64 37 46
37 65 36
65 37 56
37 66 33
66 37 57
37 67 27
67 37 31
37 68 32
68 37 28
37 69 17
69 37 15
37 70 13
70 37 9
37 71 10
71 37 10
37 72 70
72 37 51
37 73 27
73 37 34
37 74 21
74 37 21
37 75 35
75 37 30
37 76 28
76 37 32
39 40 14
40 39 10
39 41 26
41 39 47
39 42 54
42 39 48
39 43 42
43 39 43
39 44 19
44 39 15
39 45 41
45 39 36
39 46 32
46 39 28
39 47 63
47 39 49
39 48 42
48 39 43
39 49 31
49 39 28
39 50 8
50 39 16
39 51 29
51 39 21
39 52 22
52 39 33
39 53 23
53 39 25
39 54 44
54 39 42
39 55 22
55 39 22
39 56 61
56 39 42
39 57 39
57 39 48
39 58 11
58 39 10
39 59 52
59 39 40
39 60 37
60 39 66
39 61 38
61 39 54
39 62 35
62 39 40
39 63 40
63 39 32
39 64 30
64 39 57
39 65 31
65 39 22
39 66 27
66 39 29
39 67 14
67 39 23
39 68 30
68 39 28
39 69 62
69 39 59
39 70 65
70 39 63
39 71 57
71 39 62
39 72 3
72 39 5
39 73 49
73 39 36
39 74 52
74 39 41
39 75 30
75 39 25
39 76 32
76 39 22
40 41 50
41 40 38
40 42 31
42 40 39
40 43 47
43 40 34
40 44 7
44 40 9
40 45 33
45 40 28
40 46 15
46 40 22
40 47 55
47 40 40
40 48 41
48 40 34
40 49 22
49 40 22
40 50 13
50 40 16
40 51 14
51 40 11
40 52 17
52 40 27
40 53 27
53 40 26
40 54 29
54 40 38
40 55 25
55 40 28
40 56 22
56 40 35
40 57 45
57 40 42
40 58 20
58 40 14
40 59 26
59 40 42
40 60 43
60 40 57
40 61 31
61 40 44
40 62 19
62 40 30
40 63 12
63 40 22
40 64 44
64 40 47
40 65 16
65 40 28
40 66 43
66 40 35
40 67 18
67 40 17
40 68 24
68 40 19
40 69 71
69 40 50
40 70 51
70 40 55
40 71 45
71 40 53
40 72 16
72 40 11
40 73 34
73 40 26
40 74 27
74 40 32
40 75 11
75 40 16
40 76 14
76 40 14
41 42 5
42 41 4
41 43 5
43 41 4
41 44 44
44 41 32
41 45 37
45 41 40
41 46 50
46 41 46
41 47 37
47 41 38
41 48 51
48 41 36
41 49 26
49 41 21
41 50 25
50 41 39
41 51 34
51 41 28
41 52 49
52 41 46
41 53 79
53 41 58
41 54 56
54 41 59
41 55 27
55 41 53
41 56 9
56 41 10
41 57 39
57 41 54
41 58 47
58 41 51
41 59 54
59 41 74
41 60 28
60 41 54
41 61 33
61 41 26
41 62 9
62 41 18
41 63 20
63 41 15
41 64 9
64 41 12
41 65 55
65 41 65
41 66 77
66 41 71
41 67 45
67 41 41
41 68 17
68 41 30
41 69 38
69 41 40
41 70 79
70 41 55
41 71 55
71 41 49
41 72 62
72 41 49
41 73 12
73 41 16
41 74 21
74 41 28
41 75 31
75 41 34
41 76 45
76 41 36
42 43 6
43 42 5
42 44 47
44 42 34
42 45 51
45 42 38
42 46 52
46 42 46
42 47 21
47 42 35
42 48 29
48 42 34
42 49 23
49 42 24
42 50 35
50 42 42
42 51 40
51 42 29
42 52 40
52 42 46
42 53 79
53 42 59
42 54 37
54 42 58
42 55 69
55 42 56
42 56 11
56 42 14
42 57 77
57 42 52
42 58 54
58 42 52
42 59 37
59 42 74
42 60 35
60 42 50
42 61 27
61 42 22
42 62 14
62 42 16
42 63 23
63 42 17
42 64 6
64 42 9
42 65 92
65 42 66
42 66 39
66 42 72
42 67 34
67 42 41
42 68 18
68 42 30
42 69 35
69 42 36
42 70 33
70 42 51
42 71 34
71 42 45
42 72 44
72 42 50
42 73 11
73 42 16
42 74 28
74 42 26
42 75 47
75 42 34
42 76 28
76 42 36
43 44 38
44 43 29
43 45 36
45 43 36
43 46 56
46 43 42
43 47 17
47 43 34
43 48 30
48 43 32
43 49 13
49 43 19
43 50 49
50 43 37
43 51 26
51 43 24
43 52 59
52 43 42
43 53 37
53 43 54
43 54 60
54 43 55
43 55 64
55 43 51
43 56 8
56 43 12
43 57 50
57 43 50
43 58 65
58 43 48
43 59 104
59 43 70
43 60 42
60 43 50
43 61 14
61 43 24
43 62 13
62 43 14
43 63 12
63 43 12
43 64 18
64 43 14
43 65 62
65 43 61
43 66 65
66 43 67
43 67 40
67 43 37
43 68 18
68 43 26
43 69 43
69 43 37
43 70 34
70 43 51
43 71 58
71 43 45
43 72 61
72 43 45
43 73 6
73 43 12
43 74 29
74 43 24
43 75 29
75 43 30
43 76 44
76 43 32
44 45 29
45 44 34
44 46 26
46 44 31
44 47 35
47 44 44
44 48 54
48 44 38
44 49 18
49 44 13
44 50 7
50 44 10
44 51 12
51 44 12
44 52 27
52 44 34
44 53 42
53 44 35
44 54 37
54 44 47
44 55 35
55 44 25
44 56 24
56 44 27
44 57 29
57 44 49
44 58 18
58 44 22
44 59 77
59 44 52
44 60 82
60 44 61
44 61 42
61 44 45
44 62 27
62 44 29
44 63 17
63 44 18
44 64 45
64 44 43
44 65 34
65 44 36
44 66 39
66 44 43
44 67 23
67 44 25
44 68 25
68 44 23
44 69 73
69 44 53
44 70 79
70 44 60
44 71 69
71 44 57
44 72 25
72 44 18
44 73 19
73 44 25
44 74 28
74 44 34
44 75 32
75 44 22
44 76 15
76 44 21
45 46 14
46 45 12
45 47 21
47 45 15
45 48 8
48 45 9
45 49 52
49 45 39
45 50 33
50 45 44
45 51 19
51 45 23
45 52 7
52 45 9
45 53 35
53 45 27
45 54 25
54 45 20
45 55 78
55 45 57
45 56 43
56 45 44
45 57 10
57 45 15
45 58 36
58 45 32
45 59 55
59 45 39
45 60 26
60 45 30
45 61 19
61 45 28
45 62 24
62 45 22
45 63 33
63 45 30
45 64 51
64 45 43
45 65 51
65 45 40
45 66 35
66 45 42
45 67 16
67 45 13
45 68 7
68 45 12
45 69 21
69 45 26
45 70 34
70 45 27
45 71 16
71 45 27
45 72 25
72 45 34
45 73 35
73 45 24
45 74 9
74 45 14
45 75 14
75 45 12
45 76 10
76 45 14
46 47 20
47 46 27
46 48 12
48 46 21
46 49 30
49 46 39
46 50 21
50 46 39
46 51 25
51 46 22
46 52 6
52 46 5
46 53 13
53 46 16
46 54 17
54 46 16
46 55 37
55 46 50
46 56 33
56 46 48
46 57 14
57 46 21
46 58 24
58 46 21
46 59 40
59 46 29
46 60 46
60 46 40
46 61 35
61 46 39
46 62 15
62 46 30
46 63 44
63 46 33
46 64 67
64 46 51
46 65 16
65 46 28
46 66 35
66 46 31
46 67 8
67 46 6
46 68 10
68 46 16
46 69 38
69 46 38
46 70 47
70 46 37
46 71 21
71 46 38
46 72 13
72 46 24
46 73 37
73 46 30
46 74 15
74 46 25
46 75 12
75 46 12
46 76 11
76 46 11
47 48 5
48 47 6
47 49 62
49 47 44
47 50 43
50 47 54
47 51 31
51 47 32
47 52 25
52 47 23
47 53 58
53 47 42
47 54 27
54 47 31
47 55 61
55 47 68
47 56 35
56 47 45
47 57 13
57 47 19
47 58 53
58 47 46
47 59 56
59 47 53
47 60 22
60 47 18
47 61 15
61 47 17
47 62 15
62 47 21
47 63 36
63 47 34
47 64 35
64 47 36
47 65 59
65 47 55
47 66 51
66 47 57
47 67 19
67 47 27
47 68 13
68 47 22
47 69 15
69 47 11
47 70 16
70 47 17
47 71 14
71 47 13
47 72 49
72 47 47
47 73 15
73 47 25
47 74 6
74 47 11
47 75 27
75 47 24
47 76 26
76 47 27
48 49 52
49 48 40
48 50 48
50 48 48
48 51 28
51 48 26
48 52 25
52 48 18
48 53 54
53 48 37
48 54 30
54 48 28
48 55 63
55 48 62
48 56 54
56 48 42
48 57 26
57 48 18
48 58 54
58 48 40
48 59 64
59 48 48
48 60 16
60 48 23
48 61 24
61 48 19
48 62 19
62 48 18
48 63 20
63 48 29
48 64 44
64 48 37
48 65 51
65 48 49
48 66 69
66 48 52
48 67 26
67 48 21
48 68 14
68 48 16
48 69 14
69 48 17
48 70 14
70 48 22
48 71 19
71 48 19
48 72 36
72 48 41
48 73 30
73 48 21
48 74 10
74 48 8
48 75 20
75 48 18
48 76 23
76 48 21
49 50 23
50 49 18
49 51 9
51 49 17
49 52 59
52 49 42
49 53 59
53 49 47
49 54 66
54 49 55
49 55 17
55 49 32
49 56 20
56 49 14
49 57 50
57 49 54
49 58 53
58 49 36
49 59 35
59 49 64
49 60 84
60 49 62
49 61 22
61 49 40
49 62 13
62 49 25
49 63 9
63 49 11
49 64 33
64 49 33
49 65 42
65 49 50
49 66 68
66 49 56
49 67 47
67 49 33
49 68 28
68 49 26
49 69 32
69 49 51
49 70 62
70 49 62
49 71 80
71 49 57
49 72 28
72 49 32
49 73 25
73 49 20
49 74 17
74 49 33
49 75 17
75 49 28
49 76 32
76 49 28
50 51 16
51 50 22
50 52 44
52 50 43
50 53 45
53 50 40
50 54 57
54 50 54
50 55 12
55 50 15
50 56 45
56 50 32
50 57 45
57 50 58
50 58 13
58 50 25
50 59 31
59 50 55
50 60 86
60 50 71
50 61 28
61 50 54
50 62 47
62 50 39
50 63 34
63 50 26
50 64 61
64 50 51
50 65 32
65 50 38
50 66 47
66 50 45
50 67 19
67 50 33
50 68 22
68 50 33
50 69 71
69 50 63
50 70 66
70 50 70
50 71 41
71 50 67
50 72 26
72 50 20
50 73 34
73 50 34
50 74 36
74 50 44
50 75 39
75 50 31
50 76 31
76 50 30
51 52 37
52 51 25
51 53 40
53 51 32
51 54 38
54 51 38
51 55 21
55 51 36
51 56 17
56 51 27
51 57 20
57 51 38
51 58 23
58 51 24
51 59 62
59 51 48
51 60 30
60 51 49
51 61 28
61 51 34
51 62 13
62 51 19
51 63 9
63 51 13
51 64 32
64 51 37
51 65 32
65 51 37
51 66 37
66 51 43
51 67 20
67 51 16
51 68 8
68 51 11
51 69 54
69 51 41
51 70 36
70 51 48
51 71 32
71 51 45
51 72 17
72 51 22
51 73 17
73 51 15
51 74 22
74 51 22
51 75 9
75 51 11
51 76 7
76 51 11
52 53 11
53 52 19
52 54 7
54 52 13
52 55 41
55 52 54
52 56 50
56 52 50
52 57 10
57 52 16
52 58 21
58 52 26
52 59 42
59 52 31
52 60 39
60 52 35
52 61 30
61 52 37
52 62 43
62 52 30
52 63 35
63 52 35
52 64 26
64 52 51
52 65 44
65 52 32
52 66 23
66 52 34
52 67 12
67 52 10
52 68 11
68 52 17
52 69 38
69 52 34
52 70 28
70 52 32
52 71 18
71 52 33
52 72 19
72 52 29
52 73 28
73 52 30
52 74 20
74 52 23
52 75 14
75 52 14
52 76 14
76 52 14
53 54 24
54 53 20
53 55 58
55 53 47
53 56 71
56 53 59
53 57 23
57 53 32
53 58 9
58 53 15
53 59 19
59 53 17
53 60 44
60 53 54
53 61 30
61 53 54
53 62 59
62 53 45
53 63 60
63 53 44
53 64 91
64 53 66
53 65 20
65 53 14
53 66 17
66 53 15
53 67 26
67 53 18
53 68 40
68 53 29
53 69 77
69 53 53
53 70 63
70 53 50
53 71 26
71 53 52
53 72 16
72 53 20
53 73 60
73 53 43
53 74 51
74 53 40
53 75 27
75 53 25
53 76 14
76 53 23
54 55 87
55 54 64
54 56 77
56 54 63
54 57 17
57 54 14
54 58 23
58 54 33
54 59 20
59 54 23
54 60 22
60 54 37
54 61 31
61 54 47
54 62 52
62 54 43
54 63 61
63 54 48
54 64 69
64 54 63
54 65 48
65 54 34
54 66 33
66 54 33
54 67 24
67 54 22
54 68 37
68 54 30
54 69 23
69 54 41
54 70 24
70 54 33
54 71 19
71 54 37
54 72 22
72 54 37
54 73 26
73 54 43
54 74 27
74 54 34
54 75 24
75 54 27
54 76 15
76 54 27
55 56 41
56 55 45
55 57 37
57 55 70
55 58 33
58 55 32
55 59 31
59 55 60
55 60 74
60 55 85
55 61 38
61 55 69
55 62 59
62 55 54
55 63 43
63 55 41
55 64 81
64 55 65
55 65 54
65 55 40
55 66 60
66 55 47
55 67 58
67 55 45
55 68 51
68 55 46
55 69 80
69 55 77
55 70 48
70 55 84
55 71 61
71 55 81
55 72 23
72 55 27
55 73 30
73 55 49
55 74 66
74 55 58
55 75 64
75 55 45
55 76 29
76 55 42
56 57 68
57 56 59
56 58 37
58 56 49
56 59 97
59 56 75
56 60 36
60 56 62
56 61 21
61 56 36
56 62 15
62 56 25
56 63 9
63 56 15
56 64 16
64 56 22
56 65 83
65 56 63
56 66 41
66 56 69
56 67 49
67 56 43
56 68 41
68 56 33
56 69 73
69 56 49
56 70 92
70 56 62
56 71 76
71 56 57
56 72 55
72 56 45
56 73 27
73 56 21
56 74 30
74 56 34
56 75 23
75 56 36
56 76 51
76 56 37
57 58 42
58 57 41
57 59 55
59 57 37
57 60 18
60 57 23
57 61 20
61 57 36
57 62 52
62 57 36
57 63 25
63 57 45
57 64 34
64 57 55
57 65 28
65 57 46
57 66 40
66 57 46
57 67 14
67 57 25
57 68 37
68 57 28
57 69 28
69 57 27
57 70 21
70 57 19
57 71 29
71 57 23
57 72 29
72 57 45
57 73 35
73 57 38
57 74 33
74 57 26
57 75 34
75 57 27
57 76 32
76 57 28
58 59 20
59 58 30
58 60 83
60 58 61
58 61 76
61 58 54
58 62 38
62 58 41
58 63 19
63 58 36
58 64 52
64 58 60
58 65 17
65 58 14
58 66 20
66 58 21
58 67 18
67 58 19
58 68 26
68 58 27
58 69 82
69 58 57
58 70 35
70 58 58
58 71 33
71 58 58
58 72 5
72 58 5
58 73 39
73 58 38
58 74 25
74 58 40
58 75 13
75 58 23
58 76 18
76 58 20
59 60 51
60 59 60
59 61 97
61 59 67
59 62 61
62 59 59
59 63 39
63 59 60
59 64 115
64 59 80
59 65 17
65 59 21
59 66 15
66 59 15
59 67 45
67 59 33
59 68 52
68 59 44
59 69 77
69 59 63
59 70 64
70 59 56
59 71 56
71 59 60
59 72 30
72 59 35
59 73 64
73 59 58
59 74 64
74 59 53
59 75 35
75 59 40
59 76 26
76 59 38
60 61 33
61 60 28
60 62 26
62 60 38
60 63 55
63 60 51
60 64 55
64 60 49
60 65 86
65 60 67
60 66 91
66 60 68
60 67 49
67 60 42
60 68 42
68 60 39
60 69 13
69 60 14
60 70 2
70 60 4
60 71 4
71 60 5
60 72 46
72 60 63
60 73 46
73 60 42
60 74 38
74 60 29
60 75 55
75 60 41
60 76 29
76 60 43
61 62 12
62 61 15
61 63 41
63 61 29
61 64 17
64 61 21
61 65 75
65 61 66
61 66 35
66 61 69
61 67 55
67 61 37
61 68 30
68 61 27
61 69 12
69 61 14
61 70 26
70 61 30
61 71 25
71 61 23
61 72 77
72 61 54
61 73 14
73 61 20
61 74 13
74 61 15
61 75 32
75 61 31
61 76 50
76 61 34
62 63 18
63 62 14
62 64 30
64 62 21
62 65 71
65 62 54
62 66 43
66 62 59
62 67 15
67 62 27
62 68 19
68 62 15
62 69 29
69 62 26
62 70 27
70 62 38
62 71 40
71 62 33
62 72 33
72 62 40
62 73 4
73 62 5
62 74 12
74 62 10
62 75 24
75 62 19
62 76 11
76 62 22
63 64 34
64 63 25
63 65 63
65 63 50
63 66 72
66 63 56
63 67 38
67 63 28
63 68 12
68 63 18
63 69 49
69 63 40
63 70 43
70 63 51
63 71 59
71 63 46
63 72 44
72 63 34
63 73 5
73 63 9
63 74 21
74 63 22
63 75 13
75 63 21
63 76 19
76 63 22
64 65 86
65 64 74
64 66 40
66 64 79
64 67 32
67 64 48
64 68 27
68 64 36
64 69 48
69 64 35
64 70 34
70 64 51
64 71 62
71 64 44
64 72 57
72 64 59
64 73 16
73 64 22
64 74 21
74 64 29
64 75 27
75 64 40
64 76 41
76 64 43
65 66 5
66 65 7
65 67 17
67 65 28
65 68 44
68 65 39
65 69 56
69 65 66
65 70 94
70 65 64
65 71 72
71 65 66
65 72 14
72 65 18
65 73 52
73 65 51
65 74 35
74 65 51
65 75 32
75 65 34
65 76 35
76 65 32
66 67 33
67 66 32
66 68 46
68 66 43
66 69 40
69 66 68
66 70 77
70 66 65
66 71 40
71 66 67
66 72 35
72 66 25
66 73 66
73 66 57
66 74 31
74 66 55
66 75 28
75 66 39
66 76 25
76 66 36
67 68 10
68 67 11
67 69 34
69 67 38
67 70 25
70 67 40
67 71 31
71 67 40
67 72 17
72 67 21
67 73 30
73 67 25
67 74 13
74 67 23
67 75 5
75 67 7
67 76 3
76 67 5
68 69 46
69 68 31
68 70 30
70 68 38
68 71 30
71 68 35
68 72 31
72 68 27
68 73 16
73 68 14
68 74 17
74 68 13
68 75 5
75 68 4
68 76 10
76 68 7
69 70 13
70 69 16
69 71 10
71 69 9
69 72 33
72 69 58
69 73 32
73 69 30
69 74 17
74 69 19
69 75 25
75 69 34
69 76 50
76 69 37
70 71 7
71 70 8
70 72 59
72 70 61
70 73 40
73 70 42
70 74 31
74 70 29
70 75 53
75 70 39
70 76 61
76 70 41
71 72 59
72 71 60
71 73 40
73 71 37
71 74 35
74 71 24
71 75 40
75 71 37
71 76 55
76 71 40
72 73 53
73 72 37
72 74 36
74 72 40
72 75 18
75 72 24
72 76 21
76 72 21
73 74 12
74 73 14
73 75 12
75 73 18
73 76 22
76 73 21
74 75 9
75 74 17
74 76 23
76 74 20
75 76 4
76 75 3
