1 18 19 13 2550

188 223

1 3 8 37 52

2 10 49 49
4 13 20 26
5 10 40 30
7 11 17 63
12 14 31 32
13 9 5 25
15 14 36 16
19 13 13 13
20 10 57 58
21 13 62 42
22 12 42 57
26 12 27 68
28 11 43 67
30 14 58 27
33 12 46 10
35 10 62 63
36 14 63 69
37 13 32 22
3 12 52 64
6 14 21 47
8 13 31 62
9 12 52 33
10 10 51 21
11 13 42 41
14 12 12 42
16 13 52 41
17 11 27 23
18 12 17 33
23 11 16 57
24 9 8 52
25 14 7 38
27 11 30 48
29 13 58 48
31 12 37 69
32 12 38 46
34 14 61 33
38 13 45 35

39 59 15
40 5 6
41 10 17
42 21 10
43 5 64
44 30 15
45 39 10
46 32 39
47 25 32
48 25 55
49 48 28
50 56 37
51 30 40

1 2 11
2 1 12
1 4 26
4 1 31
1 5 18
5 1 22
1 7 13
7 1 23
1 12 30
12 1 21
1 13 56
13 1 42
1 15 43
15 1 36
1 19 48
19 1 46
1 20 24
20 1 21
1 21 35
21 1 27
1 22 6
22 1 7
1 26 17
26 1 19
1 28 12
28 1 16
1 30 29
30 1 32
1 33 46
33 1 43
1 35 34
35 1 27
1 36 31
36 1 31
1 37 24
37 1 30
1 3 27
3 1 19
1 6 10
6 1 17
1 8 17
8 1 12
1 9 14
9 1 24
1 10 44
10 1 34
1 11 15
11 1 12
1 14 25
14 1 27
1 16 21
16 1 19
1 17 35
17 1 31
1 18 31
18 1 28
1 23 22
23 1 22
1 24 23
24 1 29
1 25 24
25 1 33
1 27 10
27 1 8
1 29 26
29 1 21
1 31 22
31 1 17
1 32 7
32 1 6
1 34 27
34 1 31
1 38 16
38 1 19
1 39 54
39 1 43
1 40 82
40 1 56
1 41 39
41 1 44
1 42 32
42 1 45
1 43 29
43 1 34
1 44 53
44 1 37
1 45 31
45 1 42
1 46 8
46 1 14
1 47 28
47 1 23
1 48 8
48 1 12
1 49 38
49 1 26
1 50 26
50 1 24
1 51 18
51 1 14
2 4 42
4 2 37
2 5 30
5 2 21
2 7 42
7 2 35
2 12 15
12 2 25
2 13 48
13 2 50
2 15 34
15 2 35
2 19 73
19 2 51
2 20 12
20 2 12
2 21 10
21 2 15
2 22 10
22 2 11
2 26 18
26 2 29
2 28 13
28 2 19
2 30 23
30 2 24
2 33 41
33 2 39
2 35 13
35 2 19
2 36 26
36 2 24
2 37 29
37 2 32
2 3 9
3 2 15
2 6 41
6 2 28
2 8 22
8 2 22
2 9 9
9 2 16
2 10 19
10 2 28
2 11 13
11 2 11
2 14 42
14 2 38
2 16 7
16 2 9
2 17 47
17 2 34
2 18 20
18 2 36
2 23 42
23 2 34
2 24 60
24 2 41
2 25 36
25 2 43
2 27 16
27 2 19
2 29 8
29 2 9
2 31 32
31 2 23
2 32 13
32 2 11
2 34 12
34 2 20
2 38 9
38 2 15
2 39 47
39 2 35
2 40 39
40 2 62
2 41 73
41 2 50
2 42 60
42 2 48
2 43 24
43 2 46
2 44 34
44 2 39
2 45 38
45 2 40
2 46 10
46 2 20
2 47 17
47 2 29
2 48 16
48 2 25
2 49 26
49 2 21
2 50 20
50 2 14
2 51 20
51 2 21
4 5 23
5 4 20
4 7 46
7 4 37
4 12 14
12 4 13
4 13 13
13 4 15
4 15 18
15 4 19
4 19 21
19 4 15
4 20 26
20 4 49
4 21 62
21 4 45
4 22 36
22 4 38
4 26 35
26 4 43
4 28 62
28 4 47
4 30 28
30 4 38
4 33 35
33 4 31
4 35 28
35 4 56
4 36 69
36 4 61
4 37 8
37 4 13
4 3 73
3 4 50
4 6 28
6 4 21
4 8 22
8 4 38
4 9 40
9 4 32
4 10 16
10 4 31
4 11 31
11 4 27
4 14 19
14 4 18
4 16 31
16 4 35
4 17 11
17 4 8
4 18 8
18 4 8
4 23 36
23 4 31
4 24 43
24 4 29
4 25 15
25 4 18
4 27 22
27 4 24
4 29 65
29 4 44
4 31 38
31 4 46
4 32 17
32 4 27
4 34 49
34 4 41
4 38 22
38 4 27
4 39 38
39 4 41
4 40 20
40 4 25
4 41 14
41 4 13
4 42 11
42 4 16
4 43 38
43 4 41
4 44 11
44 4 15
4 45 24
45 4 25
4 46 18
46 4 18
4 47 11
47 4 8
4 48 29
48 4 29
4 49 32
49 4 28
4 50 23
50 4 37
4 51 15
51 4 17
5 7 52
7 5 40
5 12 7
12 5 9
5 13 49
13 5 35
5 15 19
15 5 15
5 19 16
19 5 32
5 20 25
20 5 33
5 21 22
21 5 25
5 22 30
22 5 27
5 26 45
26 5 40
5 28 55
28 5 37
5 30 20
30 5 18
5 33 15
33 5 21
5 35 27
35 5 40
5 36 27
36 5 45
5 37 6
37 5 11
5 3 31
3 5 36
5 6 35
6 5 25
5 8 22
8 5 33
5 9 14
9 5 12
5 10 16
10 5 14
5 11 14
11 5 11
5 14 41
14 5 30
5 16 18
16 5 16
5 17 16
17 5 15
5 18 32
18 5 23
5 23 30
23 5 36
5 24 58
24 5 39
5 25 46
25 5 34
5 27 24
27 5 21
5 29 34
29 5 25
5 31 33
31 5 39
5 32 20
32 5 16
5 34 21
34 5 21
5 38 9
38 5 7
5 39 25
39 5 24
5 40 53
40 5 42
5 41 41
41 5 33
5 42 14
42 5 27
5 43 66
43 5 48
5 44 20
44 5 18
5 45 16
45 5 20
5 46 16
46 5 12
5 47 16
47 5 15
5 48 39
48 5 29
5 49 10
49 5 8
5 50 11
50 5 17
5 51 10
51 5 14
7 12 49
12 7 34
7 13 34
13 7 40
7 15 71
15 7 51
7 19 58
19 7 50
7 20 27
20 7 40
7 21 43
21 7 50
7 22 28
22 7 26
7 26 9
26 7 11
7 28 19
28 7 26
7 30 51
30 7 54
7 33 83
33 7 60
7 35 55
35 7 45
7 36 52
36 7 46
7 37 25
37 7 44
7 3 51
3 7 35
7 6 13
6 7 16
7 8 14
8 7 14
7 9 48
9 7 46
7 10 72
10 7 54
7 11 28
11 7 33
7 14 29
14 7 22
7 16 47
16 7 41
7 17 61
17 7 41
7 18 18
18 7 30
7 23 5
23 7 6
7 24 18
24 7 14
7 25 15
25 7 27
7 27 26
27 7 20
7 29 47
29 7 44
7 31 25
31 7 21
7 32 36
32 7 27
7 34 62
34 7 53
7 38 36
38 7 40
7 39 34
39 7 64
7 40 58
40 7 58
7 41 55
41 7 46
7 42 28
42 7 53
7 43 16
43 7 12
7 44 44
44 7 50
7 45 36
45 7 57
7 46 22
46 7 28
7 47 34
47 7 32
7 48 12
48 7 11
7 49 31
49 7 46
7 50 35
50 7 47
7 51 27
51 7 26
12 13 39
13 12 27
12 15 11
15 12 17
12 19 28
19 12 26
12 20 54
20 12 37
12 21 36
21 12 33
12 22 30
22 12 27
12 26 44
26 12 36
12 28 31
28 12 37
12 30 25
30 12 27
12 33 30
33 12 27
12 35 54
35 12 44
12 36 53
36 12 49
12 37 5
37 12 10
12 3 36
3 12 38
12 6 12
6 12 18
12 8 18
8 12 30
12 9 23
9 12 21
12 10 24
10 12 23
12 11 19
11 12 14
12 14 25
14 12 21
12 16 23
16 12 23
12 17 13
17 12 10
12 18 14
18 12 14
12 23 37
23 12 29
12 24 33
24 12 30
12 25 16
25 12 25
12 27 21
27 12 16
12 29 45
29 12 31
12 31 42
31 12 37
12 32 17
32 12 16
12 34 15
34 12 30
12 38 8
38 12 14
12 39 18
39 12 33
12 40 50
40 12 37
12 41 30
41 12 26
12 42 12
42 12 24
12 43 25
43 12 41
12 44 12
44 12 17
12 45 28
45 12 23
12 46 4
46 12 7
12 47 6
47 12 6
12 48 25
48 12 24
12 49 19
49 12 17
12 50 30
50 12 25
12 51 9
51 12 8
13 15 17
15 13 32
13 19 14
19 13 14
13 20 43
20 13 61
13 21 40
21 13 59
13 22 26
22 13 49
13 26 29
26 13 48
13 28 79
28 13 57
13 30 56
30 13 53
13 33 51
33 13 44
13 35 58
35 13 68
13 36 51
36 13 72
13 37 34
37 13 27
13 3 33
3 13 61
13 6 18
6 13 27
13 8 41
8 13 45
13 9 66
9 13 48
13 10 40
10 13 46
13 11 39
11 13 40
13 14 26
14 13 18
13 16 51
16 13 50
13 17 14
17 13 22
13 18 15
18 13 14
13 23 26
23 13 34
13 24 30
24 13 27
13 25 19
25 13 13
13 27 31
27 13 34
13 29 55
29 13 58
13 31 77
31 13 54
13 32 28
32 13 39
13 34 78
34 13 57
13 38 32
38 13 41
13 39 80
39 13 55
13 40 14
40 13 19
13 41 8
41 13 9
13 42 25
42 13 22
13 43 41
43 13 39
13 44 37
44 13 27
13 45 43
45 13 37
13 46 23
46 13 30
13 47 20
47 13 21
13 48 50
48 13 36
13 49 33
49 13 43
13 50 46
50 13 52
13 51 19
51 13 29
15 19 28
19 15 23
15 20 70
20 15 47
15 21 21
21 15 37
15 22 58
22 15 41
15 26 76
26 15 53
15 28 55
28 15 51
15 30 30
30 15 25
15 33 10
33 15 12
15 35 72
35 15 54
15 36 87
36 15 59
15 37 8
37 15 7
15 3 31
3 15 51
15 6 44
6 15 34
15 8 50
8 15 46
15 9 13
9 15 23
15 10 13
10 15 16
15 11 22
11 15 26
15 14 38
14 15 35
15 16 38
16 15 30
15 17 13
17 15 11
15 18 30
18 15 25
15 23 25
23 15 46
15 24 36
24 15 46
15 25 49
25 15 36
15 27 38
27 15 33
15 29 28
29 15 39
15 31 36
31 15 53
15 32 26
32 15 30
15 34 21
34 15 30
15 38 12
38 15 21
15 39 16
39 15 23
15 40 37
40 15 33
15 41 14
41 15 26
15 42 15
42 15 16
15 43 41
43 15 57
15 44 3
44 15 6
15 45 9
45 15 7
15 46 16
46 15 23
15 47 18
47 15 19
15 48 44
48 15 40
15 49 22
49 15 17
15 50 18
50 15 29
15 51 33
51 15 25
19 20 64
20 19 63
19 21 31
21 19 57
19 22 66
22 19 53
19 26 46
26 19 57
19 28 44
28 19 62
19 30 51
30 19 47
19 33 21
33 19 33
19 35 46
35 19 70
19 36 95
36 19 75
19 37 31
37 19 21
19 3 58
3 19 64
19 6 29
6 19 35
19 8 45
8 19 52
19 9 50
9 19 44
19 10 34
10 19 39
19 11 48
11 19 40
19 14 16
14 19 29
19 16 39
16 19 48
19 17 12
17 19 17
19 18 19
18 19 20
19 23 26
23 19 44
19 24 43
24 19 39
19 25 18
25 19 26
19 27 22
27 19 39
19 29 39
29 19 57
19 31 50
31 19 61
19 32 49
32 19 41
19 34 46
34 19 52
19 38 32
38 19 39
19 39 26
39 19 46
19 40 11
40 19 11
19 41 6
41 19 5
19 42 6
42 19 9
19 43 59
43 19 51
19 44 17
44 19 17
19 45 17
45 19 26
19 46 38
46 19 32
19 47 12
47 19 22
19 48 49
48 19 44
19 49 34
49 19 38
19 50 38
50 19 49
19 51 31
51 19 31
20 21 9
21 20 17
20 22 10
22 20 15
20 26 44
26 20 32
20 28 18
28 20 17
20 30 25
30 20 31
20 33 40
33 20 49
20 35 8
35 20 7
20 36 12
36 20 13
20 37 43
37 20 44
20 3 4
3 20 8
20 6 53
6 20 38
20 8 27
8 20 26
20 9 24
9 20 25
20 10 40
10 20 37
20 11 28
11 20 23
20 14 62
14 20 48
20 16 18
16 20 18
20 17 46
17 20 46
20 18 68
18 20 47
20 23 25
23 20 41
20 24 40
24 20 49
20 25 59
25 20 54
20 27 16
27 20 29
20 29 8
29 20 10
20 31 31
31 20 23
20 32 24
32 20 22
20 34 36
34 20 25
20 38 32
38 20 26
20 39 41
39 20 43
20 40 81
40 20 74
20 41 83
41 20 62
20 42 80
42 20 60
20 43 31
43 20 52
20 44 46
44 20 51
20 45 38
45 20 51
20 46 38
46 20 31
20 47 56
47 20 41
20 48 18
48 20 32
20 49 31
49 20 31
20 50 16
50 20 21
20 51 39
51 20 32
21 22 16
22 21 25
21 26 22
26 21 44
21 28 24
28 21 31
21 30 17
30 21 16
21 33 26
33 21 36
21 35 20
35 21 21
21 36 16
36 21 27
21 37 32
37 21 36
21 3 17
3 21 24
21 6 35
6 21 41
21 8 21
8 21 37
21 9 14
9 21 13
21 10 15
10 21 24
21 11 27
11 21 20
21 14 33
14 21 50
21 16 6
16 21 10
21 17 57
17 21 40
21 18 60
18 21 46
21 23 66
23 21 48
21 24 45
24 21 55
21 25 60
25 21 55
21 27 31
27 21 33
21 29 9
29 21 7
21 31 37
31 21 37
21 32 19
32 21 24
21 34 12
34 21 9
21 38 19
38 21 18
21 39 29
39 21 27
21 40 92
40 21 67
21 41 60
41 21 57
21 42 35
42 21 52
21 43 40
43 21 61
21 44 22
44 21 42
21 45 48
45 21 39
21 46 43
46 21 30
21 47 36
47 21 38
21 48 37
48 21 39
21 49 23
49 21 20
21 50 5
50 21 8
21 51 24
51 21 32
22 26 15
26 22 19
22 28 5
28 22 10
22 30 28
30 22 34
22 33 57
33 22 47
22 35 26
35 22 21
22 36 15
36 22 24
22 37 21
37 22 36
22 3 15
3 22 12
22 6 29
6 22 23
22 8 10
8 22 12
22 9 27
9 22 26
22 10 24
10 22 37
22 11 20
11 22 16
22 14 20
14 22 34
22 16 25
16 22 19
22 17 24
17 22 37
22 18 35
18 22 35
22 23 29
23 22 26
22 24 20
24 22 34
22 25 43
25 22 40
22 27 14
27 22 15
22 29 21
29 22 18
22 31 12
31 22 13
22 32 15
32 22 12
22 34 41
34 22 31
22 38 13
38 22 22
22 39 57
39 22 45
22 40 37
40 22 63
22 41 34
41 22 51
22 42 60
42 22 51
22 43 21
43 22 38
22 44 31
44 22 43
22 45 32
45 22 47
22 46 28
46 22 21
22 47 17
47 22 30
22 48 17
48 22 17
22 49 24
49 22 30
22 50 34
50 22 24
22 51 20
51 22 21
26 28 19
28 26 16
26 30 54
30 26 51
26 33 51
33 26 61
26 35 31
35 26 35
26 36 48
36 26 36
26 37 42
37 26 46
26 3 35
3 26 25
26 6 13
6 26 22
26 8 7
8 26 7
26 9 31
9 26 43
26 10 44
10 26 53
26 11 16
11 26 31
26 14 37
14 26 30
26 16 29
16 26 37
26 17 55
17 26 45
26 18 34
18 26 36
26 23 18
23 26 16
26 24 16
24 26 25
26 25 50
25 26 36
26 27 19
27 26 20
26 29 48
29 26 37
26 31 5
31 26 10
26 32 23
32 26 25
26 34 50
34 26 49
26 38 22
38 26 38
26 39 72
39 26 62
26 40 63
40 26 66
26 41 47
41 26 54
26 42 47
42 26 58
26 43 25
43 26 22
26 44 50
44 26 53
26 45 46
45 26 59
26 46 28
46 26 29
26 47 40
47 26 36
26 48 15
48 26 13
26 49 50
49 26 45
26 50 28
50 26 42
26 51 19
51 26 28
28 30 51
30 28 43
28 33 50
33 28 57
28 35 21
35 28 19
28 36 27
36 28 20
28 37 52
37 28 46
28 3 5
3 28 9
28 6 39
6 28 30
28 8 8
8 28 13
28 9 43
9 28 35
28 10 60
10 28 47
28 11 22
11 28 26
28 14 44
14 28 40
28 16 30
16 28 28
28 17 35
17 28 47
28 18 58
18 28 43
28 23 15
23 28 29
28 24 53
24 28 38
28 25 37
25 28 46
28 27 28
27 28 23
28 29 26
29 28 24
28 31 4
31 28 6
28 32 16
32 28 22
28 34 40
34 28 38
28 38 45
38 28 32
28 39 43
39 28 54
28 40 67
40 28 72
28 41 54
41 28 60
28 42 88
42 28 61
28 43 38
43 28 38
28 44 59
44 28 53
28 45 57
45 28 57
28 46 17
46 28 30
28 47 39
47 28 39
28 48 11
48 28 22
28 49 21
49 28 39
28 50 35
50 28 33
28 51 25
51 28 30
30 33 14
33 30 21
30 35 33
35 30 36
30 36 55
36 30 42
30 37 17
37 30 26
30 3 39
3 30 37
30 6 21
6 30 42
30 8 52
8 30 44
30 9 5
9 30 8
30 10 5
10 30 9
30 11 11
11 30 21
30 14 47
14 30 48
30 16 14
16 30 15
30 17 32
17 30 31
30 18 42
18 30 41
30 23 64
23 30 52
30 24 76
24 30 56
30 25 62
25 30 52
30 27 52
27 30 35
30 29 28
29 30 21
30 31 66
31 30 47
30 32 23
32 30 28
30 34 8
34 30 7
30 38 20
38 30 15
30 39 13
39 30 12
30 40 33
40 30 57
30 41 42
41 30 49
30 42 59
42 30 41
30 43 51
43 30 64
30 44 38
44 30 30
30 45 36
45 30 25
30 46 22
46 30 29
30 47 30
47 30 33
30 48 40
48 30 43
30 49 5
49 30 10
30 50 9
50 30 10
30 51 39
51 30 31
33 35 66
35 33 55
33 36 31
36 33 61
33 37 9
37 33 18
33 3 39
3 33 54
33 6 66
6 33 45
33 8 77
8 33 54
33 9 29
9 33 24
33 10 13
10 33 12
33 11 16
11 33 31
33 14 38
14 33 47
33 16 46
16 33 32
33 17 28
17 33 23
33 18 24
18 33 37
33 23 68
23 33 56
33 24 81
24 33 57
33 25 32
25 33 48
33 27 23
27 33 41
33 29 45
29 33 40
33 31 43
31 33 60
33 32 42
32 33 37
33 34 34
34 33 27
33 38 14
38 33 25
33 39 18
39 33 14
33 40 43
40 33 41
33 41 27
41 33 37
33 42 28
42 33 25
33 43 95
43 33 68
33 44 24
44 33 17
33 45 6
45 33 7
33 46 26
46 33 32
33 47 27
47 33 30
33 48 62
48 33 49
33 49 23
49 33 18
33 50 40
50 33 29
33 51 22
51 33 34
35 36 4
36 35 6
35 37 65
37 35 51
35 3 7
3 35 10
35 6 64
6 35 44
35 8 26
8 35 31
35 9 35
9 35 32
35 10 38
10 35 43
35 11 32
11 35 30
35 14 75
14 35 54
35 16 30
16 35 24
35 17 67
17 35 53
35 18 44
18 35 54
35 23 54
23 35 46
35 24 68
24 35 55
35 25 56
25 35 60
35 27 46
27 35 35
35 29 10
29 35 16
35 31 23
31 35 26
35 32 36
32 35 29
35 34 31
34 35 30
35 38 27
38 35 33
35 39 53
39 35 48
35 40 109
40 35 81
35 41 62
41 35 69
35 42 56
42 35 67
35 43 82
43 35 57
35 44 76
44 35 58
35 45 52
45 35 58
35 46 53
46 35 38
35 47 35
47 35 48
35 48 32
48 35 38
35 49 56
49 35 38
35 50 35
50 35 27
35 51 27
51 35 39
36 37 30
37 36 56
36 3 17
3 36 12
36 6 44
6 36 47
36 8 40
8 36 33
36 9 53
9 36 38
36 10 69
10 36 49
36 11 33
11 36 35
36 14 58
14 36 58
36 16 38
16 36 30
36 17 39
17 36 58
36 18 35
18 36 58
36 23 66
23 36 49
36 24 71
24 36 58
36 25 65
25 36 64
36 27 48
27 36 39
36 29 26
29 36 22
36 31 15
31 36 26
36 32 39
32 36 34
36 34 29
34 36 36
36 38 54
38 36 38
36 39 27
39 36 54
36 40 109
40 36 86
36 41 69
41 36 74
36 42 78
42 36 72
36 43 31
43 36 58
36 44 65
44 36 63
36 45 92
45 36 64
36 46 39
46 36 43
36 47 63
47 36 53
36 48 57
48 36 40
36 49 36
49 36 44
36 50 23
50 36 33
36 51 60
51 36 44
37 3 44
3 37 46
37 6 27
6 37 27
37 8 23
8 37 40
37 9 20
9 37 23
37 10 21
10 37 19
37 11 30
11 37 21
37 14 20
14 37 28
37 16 18
16 37 28
37 17 7
17 37 5
37 18 25
18 37 19
37 23 21
23 37 38
37 24 42
24 37 38
37 25 25
25 37 30
37 27 15
27 37 26
37 29 38
29 37 37
37 31 34
31 37 47
37 32 21
32 37 25
37 34 32
34 37 31
37 38 15
38 37 18
37 39 40
39 37 28
37 40 17
40 37 31
37 41 12
41 37 23
37 42 15
42 37 16
37 43 56
43 37 50
37 44 8
44 37 7
37 45 12
45 37 14
37 46 12
46 37 17
37 47 15
47 37 12
37 48 35
48 37 34
37 49 18
49 37 17
37 50 18
50 37 28
37 51 22
51 37 18
3 6 50
6 3 35
3 8 13
8 3 21
3 9 21
9 3 31
3 10 37
10 3 43
3 11 17
11 3 25
3 14 47
14 3 45
3 16 25
16 3 23
3 17 58
17 3 48
3 18 44
18 3 47
3 23 32
23 3 37
3 24 55
24 3 46
3 25 58
25 3 51
3 27 24
27 3 27
3 29 19
29 3 17
3 31 16
31 3 15
3 32 16
32 3 23
3 34 41
34 3 32
3 38 38
38 3 30
3 39 59
39 3 49
3 40 41
40 3 75
3 41 44
41 3 63
3 42 58
42 3 62
3 43 60
43 3 47
3 44 79
44 3 53
3 45 57
45 3 56
3 46 22
46 3 32
3 47 22
47 3 42
3 48 34
48 3 28
3 49 28
49 3 36
3 50 18
50 3 27
3 51 21
51 3 33
6 8 18
8 6 18
6 9 48
9 6 34
6 10 51
10 6 40
6 11 19
11 6 22
6 14 11
14 6 10
6 16 29
16 6 32
6 17 29
17 6 25
6 18 13
18 6 15
6 23 8
23 6 11
6 24 14
24 6 14
6 25 12
25 6 16
6 27 12
27 6 9
6 29 19
29 6 37
6 31 36
31 6 27
6 32 23
32 6 17
6 34 55
34 6 42
6 38 34
38 6 27
6 39 72
39 6 50
6 40 36
40 6 44
6 41 32
41 6 32
6 42 19
42 6 37
6 43 34
43 6 23
6 44 42
44 6 33
6 45 24
45 6 41
6 46 12
46 6 14
6 47 19
47 6 16
6 48 5
48 6 9
6 49 32
49 6 33
6 50 31
50 6 36
6 51 16
51 6 11
8 9 46
9 8 36
8 10 28
10 8 46
8 11 29
11 8 24
8 14 24
14 8 28
8 16 26
16 8 30
8 17 28
17 8 39
8 18 35
18 8 32
8 23 12
23 8 16
8 24 19
24 8 25
8 25 29
25 8 34
8 27 8
27 8 14
8 29 36
29 8 30
8 31 13
31 8 9
8 32 20
32 8 17
8 34 44
34 8 42
8 38 43
38 8 30
8 39 61
39 8 54
8 40 53
40 8 62
8 41 50
41 8 49
8 42 31
42 8 53
8 43 15
43 8 26
8 44 43
44 8 47
8 45 32
45 8 53
8 46 21
46 8 23
8 47 26
47 8 31
8 48 8
48 8 9
8 49 29
49 8 38
8 50 46
50 8 35
8 51 13
51 8 22
9 10 13
10 9 12
9 11 11
11 9 13
9 14 59
14 9 41
9 16 11
16 9 8
9 17 24
17 9 27
9 18 21
18 9 35
9 23 63
23 9 43
9 24 59
24 9 48
9 25 34
25 9 45
9 27 27
27 9 27
9 29 18
29 9 16
9 31 35
31 9 39
9 32 18
32 9 19
9 34 9
34 9 9
9 38 4
38 9 7
9 39 14
39 9 19
9 40 73
40 9 54
9 41 41
41 9 45
9 42 55
42 9 39
9 43 50
43 9 56
9 44 33
44 9 28
9 45 18
45 9 26
9 46 21
46 9 21
9 47 39
47 9 27
9 48 36
48 9 35
9 49 6
49 9 6
9 50 8
50 9 6
9 51 24
51 9 23
10 11 25
11 10 22
10 14 39
14 10 44
10 16 14
16 10 20
10 17 12
17 10 24
10 18 38
18 10 36
10 23 68
23 10 50
10 24 48
24 10 53
10 25 50
25 10 47
10 27 41
27 10 34
10 29 14
29 10 28
10 31 43
31 10 50
10 32 17
32 10 28
10 34 11
34 10 16
10 38 12
38 10 15
10 39 11
39 10 10
10 40 53
40 10 48
10 41 33
41 10 41
10 42 32
42 10 32
10 43 91
43 10 63
10 44 12
44 10 22
10 45 15
45 10 16
10 46 25
46 10 26
10 47 23
47 10 28
10 48 44
48 10 43
10 49 9
49 10 8
10 50 9
50 10 17
10 51 31
51 10 28
11 14 23
14 11 30
11 16 5
16 11 10
11 17 31
17 11 23
11 18 31
18 11 26
11 23 30
23 11 31
11 24 35
24 11 36
11 25 43
25 11 35
11 27 13
27 11 14
11 29 14
29 11 17
11 31 39
31 11 28
11 32 4
32 11 6
11 34 18
34 11 21
11 38 10
38 11 7
11 39 18
39 11 31
11 40 57
40 11 51
11 41 23
41 11 40
11 42 40
42 11 37
11 43 26
43 11 44
11 44 20
44 11 28
11 45 18
45 11 31
11 46 5
46 11 10
11 47 20
47 11 19
11 48 12
48 11 22
11 49 18
49 11 14
11 50 12
50 11 15
11 51 11
51 11 12
14 16 41
16 14 40
14 17 16
17 14 24
14 18 8
18 14 10
14 23 11
23 14 16
14 24 13
24 14 11
14 25 5
25 14 6
14 27 10
27 14 19
14 29 36
29 14 46
14 31 25
31 14 37
14 32 24
32 14 26
14 34 30
34 14 50
14 38 47
38 14 34
14 39 53
39 14 54
14 40 30
40 14 37
14 41 17
41 14 25
14 42 34
42 14 33
14 43 27
43 14 23
14 44 21
44 14 32
14 45 44
45 14 42
14 46 25
46 14 20
14 47 19
47 14 16
14 48 23
48 14 18
14 49 29
49 14 39
14 50 59
50 14 44
14 51 20
51 14 18
16 17 44
17 16 31
16 18 32
18 16 36
16 23 23
23 16 39
16 24 40
24 16 45
16 25 37
25 16 45
16 27 23
27 16 23
16 29 7
29 16 9
16 31 45
31 16 32
16 32 11
32 16 15
16 34 10
34 16 12
16 38 9
38 16 9
16 39 33
39 16 27
16 40 63
40 16 58
16 41 41
41 16 48
16 42 43
42 16 44
16 43 37
43 16 52
16 44 44
44 16 34
16 45 20
45 16 34
16 46 11
46 16 20
16 47 32
47 16 28
16 48 16
48 16 30
16 49 11
49 16 14
16 50 8
50 16 6
16 51 16
51 16 22
17 18 12
18 17 14
17 23 42
23 17 36
17 24 25
24 17 35
17 25 33
25 17 25
17 27 32
27 17 25
17 29 39
29 17 40
17 31 47
31 17 47
17 32 13
32 17 25
17 34 42
34 17 35
17 38 31
38 17 22
17 39 25
39 17 33
17 40 24
40 17 28
17 41 10
41 17 18
17 42 10
42 17 14
17 43 40
43 17 47
17 44 10
44 17 9
17 45 10
45 17 18
17 46 20
46 17 17
17 47 9
47 17 9
17 48 33
48 17 32
17 49 31
49 17 22
17 50 37
50 17 32
17 51 11
51 17 17
18 23 12
23 18 24
18 24 26
24 18 21
18 25 8
25 18 11
18 27 11
27 18 20
18 29 22
29 18 44
18 31 41
31 18 41
18 32 30
32 18 25
18 34 35
34 18 44
18 38 39
38 18 28
18 39 34
39 18 46
18 40 42
40 18 30
18 41 12
41 18 17
18 42 18
42 18 23
18 43 32
43 18 33
18 44 13
44 18 22
18 45 43
45 18 32
18 46 8
46 18 16
18 47 11
47 18 8
18 48 18
48 18 23
18 49 19
49 18 31
18 50 47
50 18 39
18 51 10
51 18 15
23 24 8
24 23 9
23 25 22
25 23 21
23 27 10
27 23 17
23 29 57
29 23 43
23 31 19
31 23 24
23 32 14
32 23 25
23 34 38
34 23 51
23 38 50
38 23 36
23 39 53
39 23 60
23 40 57
40 23 52
23 41 53
41 23 40
23 42 48
42 23 47
23 43 18
43 23 13
23 44 45
44 23 44
23 45 61
45 23 52
23 46 27
46 23 24
23 47 28
47 23 27
23 48 7
48 23 9
23 49 56
49 23 43
23 50 45
50 23 45
23 51 18
51 23 22
24 25 10
25 24 14
24 27 13
27 24 22
24 29 37
29 24 50
24 31 39
31 24 34
24 32 32
32 24 30
24 34 80
34 24 56
24 38 35
38 24 41
24 39 49
39 24 63
24 40 64
40 24 46
24 41 33
41 24 35
24 42 42
42 24 44
24 43 15
43 24 12
24 44 25
44 24 43
24 45 59
45 24 52
24 46 36
46 24 27
24 47 17
47 24 26
24 48 13
48 24 17
24 49 45
49 24 46
24 50 73
50 24 50
24 51 33
51 24 25
25 27 21
27 25 25
25 29 58
29 25 52
25 31 29
31 25 43
25 32 19
32 25 32
25 34 53
34 25 54
25 38 50
38 25 38
25 39 68
39 25 57
25 40 44
40 25 32
25 41 27
41 25 21
25 42 26
42 25 31
25 43 16
43 25 26
25 44 43
44 25 33
25 45 27
45 25 43
25 46 17
46 25 25
25 47 23
47 25 19
25 48 21
48 25 25
25 49 53
49 25 42
25 50 71
50 25 49
25 51 16
51 25 23
27 29 25
29 27 28
27 31 11
31 27 22
27 32 6
32 27 8
27 34 23
34 27 34
27 38 29
38 27 20
27 39 57
39 27 44
27 40 31
40 27 49
27 41 38
41 27 37
27 42 32
42 27 39
27 43 16
43 27 30
27 44 35
44 27 33
27 45 42
45 27 39
27 46 6
46 27 9
27 47 14
47 27 17
27 48 13
48 27 9
27 49 20
49 27 27
27 50 26
50 27 28
27 51 9
51 27 8
29 31 18
31 29 30
29 32 12
32 29 20
29 34 15
34 29 15
29 38 15
38 29 18
29 39 21
39 29 33
29 40 88
40 29 67
29 41 50
41 29 57
29 42 38
42 29 53
29 43 58
43 29 55
29 44 52
44 29 43
29 45 53
45 29 42
29 46 41
46 29 28
29 47 42
47 29 37
29 48 43
48 29 34
29 49 17
49 29 22
29 50 9
50 29 11
29 51 37
51 29 29
31 32 34
32 31 23
31 34 25
34 31 43
31 38 48
38 31 35
31 39 67
39 31 58
31 40 74
40 31 71
31 41 34
41 31 59
31 42 55
42 31 61
31 43 39
43 31 32
31 44 41
44 31 54
31 45 41
45 31 59
31 46 18
46 31 30
31 47 46
47 31 39
31 48 25
48 31 18
31 49 59
49 31 42
31 50 34
50 31 37
31 51 43
51 31 30
32 34 36
34 32 26
32 38 16
38 32 13
32 39 39
39 32 37
32 40 67
40 32 52
32 41 39
41 32 40
32 42 23
42 32 40
32 43 51
43 32 38
32 44 45
44 32 32
32 45 36
45 32 36
32 46 6
46 32 9
32 47 12
47 32 19
32 48 9
48 32 16
32 49 14
49 32 21
32 50 21
50 32 20
32 51 14
51 32 10
34 38 16
38 34 16
34 39 10
39 34 18
34 40 31
40 34 62
34 41 35
41 34 53
34 42 26
42 34 46
34 43 66
43 34 64
34 44 41
44 34 36
34 45 31
45 34 32
34 46 25
46 34 30
34 47 34
47 34 36
34 48 43
48 34 42
34 49 8
49 34 14
34 50 8
50 34 6
34 51 27
51 34 32
38 39 29
39 38 24
38 40 35
40 38 49
38 41 42
41 38 39
38 42 51
42 38 35
38 43 53
43 38 49
38 44 25
44 38 25
38 45 36
45 38 26
38 46 9
46 38 14
38 47 28
47 38 20
38 48 40
48 38 28
38 49 10
49 38 8
38 50 11
50 38 11
38 51 19
51 38 16
39 40 71
40 39 55
39 41 26
41 39 49
39 42 50
42 39 38
39 43 40
43 39 73
39 44 17
44 39 29
39 45 29
45 39 21
39 46 20
46 39 36
39 47 25
47 39 38
39 48 35
48 39 52
39 49 24
49 39 17
39 50 19
50 39 22
39 51 50
51 39 38
40 41 12
41 40 12
40 42 18
42 40 16
40 43 40
43 40 58
40 44 38
44 40 26
40 45 26
45 40 34
40 46 59
46 40 43
40 47 44
47 40 33
40 48 47
48 40 53
40 49 59
49 40 48
40 50 59
50 40 60
40 51 36
51 40 42
41 42 15
42 41 13
41 43 35
43 41 47
41 44 28
44 41 20
41 45 41
45 41 30
41 46 20
46 41 31
41 47 20
47 41 21
41 48 45
48 41 41
41 49 45
49 41 40
41 50 41
50 41 50
41 51 39
51 41 30
42 43 69
43 42 56
42 44 8
44 42 10
42 45 21
45 42 18
42 46 20
46 42 31
42 47 15
47 42 22
42 48 37
48 42 45
42 49 35
49 42 32
42 50 42
50 42 44
42 51 29
51 42 31
43 44 39
44 43 55
43 45 85
45 43 64
43 46 41
46 43 37
43 47 28
47 43 38
43 48 23
48 43 22
43 49 83
49 43 56
43 50 62
50 43 58
43 51 19
51 43 35
44 45 5
45 44 10
44 46 24
46 44 24
44 47 12
47 44 18
44 48 31
48 44 40
44 49 14
49 44 22
44 50 22
50 44 34
44 51 13
51 44 25
45 46 30
46 45 30
45 47 35
47 45 26
45 48 49
48 45 47
45 49 14
49 45 20
45 50 16
50 45 32
45 51 25
51 45 31
46 47 11
47 46 10
46 48 10
48 46 17
46 49 26
49 46 19
46 50 24
50 46 24
46 51 1
51 46 2
47 48 21
48 47 23
47 49 13
49 47 23
47 50 40
50 47 31
47 51 9
51 47 9
48 49 42
49 48 35
48 50 19
50 48 36
48 51 14
51 48 16
49 50 10
50 49 12
49 51 15
51 49 22
50 51 22
51 50 26
