1 18 57 0 5700

276 286

1 3 15 22 22

4 6 45 35
9 7 26 59
18 9 9 56
19 8 62 48
24 7 7 43
27 9 55 34
39 8 30 60
40 9 30 50
43 6 16 19
51 7 29 39
53 8 55 57
54 8 67 41
57 8 65 27
58 6 40 60
68 6 38 33
69 6 50 4
74 9 40 20
76 9 40 40
2 9 36 26
3 9 21 45
5 8 55 20
6 9 33 34
7 9 50 50
8 7 55 45
10 9 40 66
11 6 55 65
12 7 35 51
13 7 62 35
14 9 62 57
15 6 62 24
16 6 21 36
17 6 33 44
20 9 66 14
21 9 44 13
22 9 26 13
23 9 11 28
25 8 17 64
26 9 41 46
28 6 35 16
29 8 52 26
30 7 43 26
31 7 31 76
32 7 22 53
33 8 26 29
34 6 50 40
35 9 55 50
36 7 54 10
37 8 60 15
38 9 47 66
41 9 12 17
42 7 15 14
44 8 21 48
45 6 50 30
46 6 51 42
47 9 50 15
48 7 48 21
49 9 12 38
50 9 15 56
52 8 54 38
55 7 10 70
56 9 6 25
59 7 70 64
60 6 64 4
61 6 36 6
62 8 30 20
63 9 20 30
64 7 15 5
65 8 50 70
66 6 57 72
67 8 45 42
70 7 66 8
71 6 59 5
72 6 35 60
73 7 27 24
75 9 40 37


1 4 28
4 1 26
1 9 26
9 1 37
1 18 35
18 1 36
1 19 34
19 1 47
1 24 13
24 1 26
1 27 18
27 1 35
1 39 57
39 1 39
1 40 29
40 1 29
1 43 10
43 1 7
1 51 12
51 1 18
1 53 63
53 1 48
1 54 38
54 1 48
1 57 56
57 1 43
1 58 54
58 1 42
1 68 25
68 1 19
1 69 19
69 1 33
1 74 20
74 1 18
1 76 32
76 1 25
1 2 10
2 1 15
1 3 27
3 1 23
1 5 43
5 1 33
1 6 18
6 1 16
1 7 26
7 1 39
1 8 41
8 1 40
1 10 53
10 1 48
1 11 32
11 1 54
1 12 38
12 1 32
1 13 24
13 1 42
1 14 58
14 1 53
1 15 29
15 1 40
1 16 17
16 1 14
1 17 28
17 1 25
1 20 41
20 1 45
1 21 28
21 1 24
1 22 9
22 1 10
1 23 10
23 1 13
1 25 35
25 1 42
1 26 25
26 1 30
1 28 19
28 1 14
1 29 18
29 1 30
1 30 26
30 1 21
1 31 77
31 1 55
1 32 17
32 1 31
1 33 10
33 1 8
1 34 22
34 1 33
1 35 24
35 1 43
1 36 27
36 1 34
1 37 58
37 1 39
1 38 28
38 1 51
1 41 11
41 1 11
1 42 10
42 1 11
1 44 24
44 1 26
1 45 41
45 1 29
1 46 30
46 1 35
1 47 20
47 1 29
1 48 16
48 1 26
1 49 11
49 1 19
1 50 23
50 1 35
1 52 20
52 1 35
1 55 26
55 1 49
1 56 10
56 1 16
1 59 58
59 1 63
1 60 58
60 1 45
1 61 20
61 1 21
1 62 11
62 1 8
1 63 10
63 1 8
1 64 12
64 1 18
1 65 79
65 1 55
1 66 89
66 1 61
1 67 22
67 1 30
1 70 24
70 1 46
1 71 53
71 1 40
1 72 45
72 1 40
1 73 7
73 1 5
1 75 14
75 1 23
4 9 21
9 4 31
4 18 59
18 4 42
4 19 23
19 4 21
4 24 23
24 4 39
4 27 7
27 4 10
4 39 25
39 4 29
4 40 20
40 4 21
4 43 49
43 4 33
4 51 19
51 4 16
4 53 14
53 4 24
4 54 28
54 4 22
4 57 13
57 4 22
4 58 34
58 4 25
4 68 10
68 4 7
4 69 30
69 4 31
4 74 17
74 4 16
4 76 8
76 4 7
4 2 9
2 4 13
4 3 23
3 4 26
4 5 10
5 4 18
4 6 14
6 4 12
4 7 16
7 4 16
4 8 20
8 4 14
4 10 35
10 4 31
4 11 45
11 4 32
4 12 12
12 4 19
4 13 23
13 4 17
4 14 34
14 4 28
4 15 29
15 4 20
4 16 34
16 4 24
4 17 22
17 4 15
4 20 39
20 4 30
4 21 18
21 4 22
4 22 20
22 4 29
4 23 31
23 4 35
4 25 23
25 4 40
4 26 16
26 4 12
4 28 25
28 4 21
4 29 11
29 4 11
4 30 11
30 4 9
4 31 28
31 4 43
4 32 29
32 4 29
4 33 19
33 4 20
4 34 8
34 4 7
4 35 25
35 4 18
4 36 31
36 4 27
4 37 28
37 4 25
4 38 38
38 4 31
4 41 36
41 4 38
4 42 46
42 4 37
4 44 16
44 4 27
4 45 7
45 4 7
4 46 11
46 4 9
4 47 18
47 4 21
4 48 10
48 4 14
4 49 21
49 4 33
4 50 35
50 4 37
4 52 7
52 4 9
4 55 57
55 4 49
4 56 41
56 4 40
4 59 42
59 4 38
4 60 46
60 4 36
4 61 20
61 4 30
4 62 28
62 4 21
4 63 16
63 4 25
4 64 32
64 4 42
4 65 49
65 4 35
4 66 26
66 4 39
4 67 8
67 4 7
4 70 25
70 4 34
4 71 45
71 4 33
4 72 38
72 4 27
4 73 15
73 4 21
4 75 7
75 4 5
9 18 9
18 9 17
9 19 45
19 9 38
9 24 31
24 9 25
9 27 50
27 9 38
9 39 4
39 9 4
9 40 6
40 9 10
9 43 31
43 9 41
9 51 28
51 9 20
9 53 30
53 9 29
9 54 57
54 9 45
9 57 62
57 9 50
9 58 16
58 9 14
9 68 16
68 9 29
9 69 43
69 9 60
9 74 38
74 9 41
9 76 26
76 9 24
9 2 25
2 9 34
9 3 13
3 9 15
9 5 58
5 9 49
9 6 25
6 9 26
9 7 27
7 9 26
9 8 41
8 9 32
9 10 9
10 9 16
9 11 27
11 9 30
9 12 14
12 9 12
9 13 35
13 9 43
9 14 43
14 9 36
9 15 71
15 9 50
9 16 13
16 9 24
9 17 17
17 9 17
9 20 79
20 9 60
9 21 72
21 9 49
9 22 64
22 9 46
9 23 25
23 9 34
9 25 7
25 9 10
9 26 23
26 9 20
9 28 40
28 9 44
9 29 62
29 9 42
9 30 33
30 9 37
9 31 19
31 9 18
9 32 9
32 9 7
9 33 22
33 9 30
9 34 25
34 9 31
9 35 17
35 9 30
9 36 73
36 9 56
9 37 46
37 9 56
9 38 19
38 9 22
9 41 62
41 9 44
9 42 34
42 9 46
9 44 17
44 9 12
9 45 51
45 9 38
9 46 28
46 9 30
9 47 38
47 9 50
9 48 54
48 9 44
9 49 15
49 9 25
9 50 14
50 9 11
9 52 25
52 9 35
9 55 23
55 9 19
9 56 42
56 9 39
9 59 45
59 9 44
9 60 97
60 9 67
9 61 34
61 9 54
9 62 53
62 9 39
9 63 30
63 9 30
9 64 50
64 9 55
9 65 23
65 9 26
9 66 46
66 9 33
9 67 25
67 9 25
9 70 86
70 9 65
9 71 64
71 9 63
9 72 6
72 9 9
9 73 24
73 9 35
9 75 33
75 9 26
18 19 76
19 18 54
18 24 17
24 18 13
18 27 69
27 18 51
18 39 16
39 18 21
18 40 11
40 18 22
18 43 29
43 18 38
18 51 16
51 18 26
18 53 55
53 18 46
18 54 61
54 18 60
18 57 42
57 18 63
18 58 24
58 18 31
18 68 44
68 18 37
18 69 73
69 18 66
18 74 58
74 18 48
18 76 23
76 18 35
18 2 36
2 18 40
18 3 19
3 18 16
18 5 59
5 18 58
18 6 45
6 18 33
18 7 25
7 18 41
18 8 38
8 18 47
18 10 35
10 18 33
18 11 60
11 18 47
18 12 34
12 18 26
18 13 34
13 18 57
18 14 44
14 18 53
18 15 48
15 18 62
18 16 18
16 18 23
18 17 36
17 18 27
18 20 61
20 18 71
18 21 53
21 18 55
18 22 54
22 18 46
18 23 41
23 18 28
18 25 6
25 18 11
18 26 23
26 18 34
18 28 68
28 18 48
18 29 26
29 18 52
18 30 55
30 18 45
18 31 30
31 18 29
18 32 11
32 18 13
18 33 29
33 18 32
18 34 59
34 18 44
18 35 45
35 18 46
18 36 95
36 18 64
18 37 85
37 18 65
18 38 23
38 18 39
18 41 34
41 18 39
18 42 40
42 18 42
18 44 19
44 18 14
18 45 57
45 18 48
18 46 23
46 18 44
18 47 52
47 18 58
18 48 69
48 18 52
18 49 15
49 18 18
18 50 4
50 18 6
18 52 36
52 18 48
18 55 9
55 18 14
18 56 17
56 18 31
18 59 88
59 18 61
18 60 57
60 18 75
18 61 43
61 18 57
18 62 28
62 18 42
18 63 19
63 18 28
18 64 34
64 18 51
18 65 64
65 18 43
18 66 54
66 18 50
18 67 42
67 18 38
18 70 59
70 18 74
18 71 90
71 18 71
18 72 35
72 18 26
18 73 50
73 18 37
18 75 19
75 18 36
19 24 65
24 19 55
19 27 23
27 19 16
19 39 44
39 19 34
19 40 35
40 19 32
19 43 58
43 19 54
19 51 30
51 19 34
19 53 11
53 19 11
19 54 12
54 19 9
19 57 29
57 19 21
19 58 34
58 19 25
19 68 16
68 19 28
19 69 48
69 19 46
19 74 36
74 19 36
19 76 27
76 19 23
19 2 38
2 19 34
19 3 59
3 19 41
19 5 32
5 19 29
19 6 16
6 19 32
19 7 8
7 19 12
19 8 5
8 19 8
19 10 35
10 19 28
19 11 10
11 19 18
19 12 34
12 19 27
19 13 19
13 19 13
19 14 8
14 19 9
19 15 12
15 19 24
19 16 24
16 19 43
19 17 21
17 19 29
19 20 42
20 19 34
19 21 46
21 19 39
19 22 42
22 19 50
19 23 35
23 19 55
19 25 41
25 19 48
19 26 17
26 19 21
19 28 62
28 19 42
19 29 21
29 19 24
19 30 21
30 19 29
19 31 54
31 19 42
19 32 31
32 19 40
19 33 48
33 19 41
19 34 20
34 19 14
19 35 10
35 19 7
19 36 51
36 19 39
19 37 41
37 19 33
19 38 28
38 19 23
19 41 31
41 19 58
19 42 62
42 19 58
19 44 39
44 19 41
19 45 32
45 19 22
19 46 19
46 19 13
19 47 41
47 19 35
19 48 36
48 19 30
19 49 45
49 19 51
19 50 59
50 19 47
19 52 13
52 19 13
19 55 68
55 19 56
19 56 60
56 19 60
19 59 10
59 19 18
19 60 65
60 19 44
19 61 39
61 19 49
19 62 50
62 19 42
19 63 59
63 19 46
19 64 85
64 19 63
19 65 19
65 19 25
19 66 23
66 19 25
19 67 12
67 19 18
19 70 24
70 19 40
19 71 30
71 19 43
19 72 37
72 19 29
19 73 45
73 19 42
19 75 18
75 19 24
24 27 51
27 24 49
24 39 28
39 24 29
24 40 14
40 24 24
24 43 25
43 24 26
24 51 12
51 24 22
24 53 38
53 24 50
24 54 35
54 24 60
24 57 56
57 24 60
24 58 49
58 24 37
24 68 22
68 24 33
24 69 72
69 24 58
24 74 45
74 24 40
24 76 30
76 24 33
24 2 47
2 24 34
24 3 18
3 24 14
24 5 65
5 24 53
24 6 34
6 24 28
24 7 36
7 24 44
24 8 69
8 24 48
24 10 43
10 24 40
24 11 73
11 24 53
24 12 23
12 24 29
24 13 56
13 24 56
24 14 68
14 24 57
24 15 72
15 24 58
24 16 17
16 24 16
24 17 18
17 24 26
24 20 37
20 24 66
24 21 56
21 24 48
24 22 35
22 24 36
24 23 10
23 24 16
24 25 13
25 24 23
24 26 44
26 24 34
24 28 39
28 24 39
24 29 52
29 24 48
24 30 36
30 24 40
24 31 57
31 24 41
24 32 20
32 24 18
24 33 25
33 24 24
24 34 23
34 24 43
24 35 54
35 24 49
24 36 81
36 24 57
24 37 54
37 24 60
24 38 65
38 24 46
24 41 22
41 24 26
24 42 30
42 24 30
24 44 12
44 24 15
24 45 67
45 24 45
24 46 34
46 24 44
24 47 43
47 24 51
24 48 45
48 24 47
24 49 7
49 24 7
24 50 19
50 24 15
24 52 65
52 24 47
24 55 18
55 24 27
24 56 25
56 24 18
24 59 70
59 24 66
24 60 40
60 24 69
24 61 49
61 24 47
24 62 46
62 24 32
24 63 21
63 24 18
24 64 53
64 24 38
24 65 57
65 24 51
24 66 48
66 24 58
24 67 47
67 24 38
24 70 39
70 24 68
24 71 93
71 24 64
24 72 39
72 24 33
24 73 33
73 24 27
24 75 20
75 24 33
27 39 50
39 27 36
27 40 43
40 27 30
27 43 36
43 27 42
27 51 14
51 27 26
27 53 26
53 27 23
27 54 15
54 27 14
27 57 11
57 27 12
27 58 34
58 27 30
27 68 20
68 27 17
27 69 33
69 27 30
27 74 20
74 27 20
27 76 9
76 27 16
27 2 28
2 27 21
27 3 33
3 27 36
27 5 13
5 27 14
27 6 32
6 27 22
27 7 16
7 27 17
27 8 12
8 27 11
27 10 30
10 27 35
27 11 34
11 27 31
27 12 17
12 27 26
27 13 7
13 27 7
27 14 31
14 27 24
27 15 15
15 27 12
27 16 35
16 27 34
27 17 33
17 27 24
27 20 17
20 27 23
27 21 14
21 27 24
27 22 47
22 27 36
27 23 23
23 27 44
27 25 52
25 27 48
27 26 26
26 27 18
27 28 17
28 27 27
27 29 12
29 27 9
27 30 9
30 27 14
27 31 27
31 27 48
27 32 50
32 27 38
27 33 36
33 27 29
27 34 6
34 27 8
27 35 12
35 27 16
27 36 14
36 27 24
27 37 15
37 27 20
27 38 48
38 27 33
27 41 31
41 27 46
27 42 57
42 27 44
27 44 41
44 27 37
27 45 7
45 27 6
27 46 11
46 27 9
27 47 27
47 27 20
27 48 9
48 27 15
27 49 34
49 27 43
27 50 38
50 27 46
27 52 5
52 27 4
27 55 57
55 27 58
27 56 58
56 27 49
27 59 22
59 27 34
27 60 42
60 27 31
27 61 28
61 27 34
27 62 15
62 27 28
27 63 21
63 27 35
27 64 48
64 27 49
27 65 48
65 27 36
27 66 22
66 27 38
27 67 13
67 27 13
27 70 22
70 27 28
27 71 31
71 27 29
27 72 32
72 27 33
27 73 36
73 27 30
27 75 14
75 27 15
39 40 11
40 39 10
39 43 50
43 39 43
39 51 14
51 39 21
39 53 28
53 39 25
39 54 36
54 39 42
39 57 57
57 39 48
39 58 14
58 39 10
39 68 24
68 39 28
39 69 44
69 39 59
39 74 48
74 39 41
39 76 32
76 39 22
39 2 29
2 39 34
39 3 11
3 39 17
39 5 65
5 39 47
39 6 16
6 39 26
39 7 27
7 39 22
39 8 30
8 39 29
39 10 10
10 39 12
39 11 28
11 39 25
39 12 11
12 39 10
39 13 50
13 39 41
39 14 36
14 39 32
39 15 27
15 39 48
39 16 22
16 39 26
39 17 15
17 39 16
39 20 43
20 39 58
39 21 62
21 39 49
39 22 54
22 39 47
39 23 53
23 39 37
39 25 9
25 39 14
39 26 10
26 39 18
39 28 40
28 39 44
39 29 42
29 39 40
39 30 44
30 39 36
39 31 18
31 39 16
39 32 8
32 39 11
39 33 30
33 39 31
39 34 36
34 39 28
39 35 35
35 39 27
39 36 60
36 39 55
39 37 69
37 39 54
39 38 19
38 39 18
39 41 41
41 39 47
39 42 67
42 39 48
39 44 10
44 39 15
39 45 34
45 39 36
39 46 16
46 39 28
39 47 30
47 39 49
39 48 49
48 39 43
39 49 39
49 39 28
39 50 10
50 39 16
39 52 18
52 39 33
39 55 25
55 39 22
39 56 25
56 39 42
39 59 55
59 39 40
39 60 86
60 39 66
39 61 63
61 39 54
39 62 54
62 39 40
39 63 20
63 39 32
39 64 60
64 39 57
39 65 16
65 39 22
39 66 23
66 39 29
39 67 33
67 39 23
39 70 36
70 39 63
39 71 68
71 39 62
39 72 5
72 39 5
39 73 31
73 39 36
39 75 37
75 39 25
40 43 41
43 40 34
40 51 9
51 40 11
40 53 32
53 40 26
40 54 34
54 40 38
40 57 46
57 40 42
40 58 10
58 40 14
40 68 20
68 40 19
40 69 66
69 40 50
40 74 47
74 40 32
40 76 16
76 40 14
40 2 25
2 40 25
40 3 9
3 40 10
40 5 44
5 40 39
40 6 9
6 40 16
40 7 22
7 40 20
40 8 15
8 40 25
40 10 25
10 40 19
40 11 20
11 40 29
40 12 7
12 40 5
40 13 37
13 40 35
40 14 36
14 40 33
40 15 35
15 40 41
40 16 13
16 40 17
40 17 8
17 40 7
40 20 75
20 40 51
40 21 35
21 40 40
40 22 20
22 40 37
40 23 30
23 40 29
40 25 10
25 40 19
40 26 9
26 40 12
40 28 34
28 40 34
40 29 37
29 40 33
40 30 21
30 40 27
40 31 21
31 40 26
40 32 12
32 40 9
40 33 20
33 40 21
40 34 11
34 40 22
40 35 20
35 40 25
40 36 56
36 40 47
40 37 23
37 40 46
40 38 33
38 40 23
40 41 33
41 40 38
40 42 50
42 40 39
40 44 9
44 40 9
40 45 31
45 40 28
40 46 30
46 40 22
40 47 54
47 40 40
40 48 40
48 40 34
40 49 28
49 40 22
40 50 16
50 40 16
40 52 23
52 40 27
40 55 32
55 40 28
40 56 31
56 40 35
40 59 39
59 40 42
40 60 46
60 40 57
40 61 34
61 40 44
40 62 44
62 40 30
40 63 16
63 40 22
40 64 59
64 40 47
40 65 41
65 40 28
40 66 35
66 40 35
40 67 16
67 40 17
40 70 65
70 40 55
40 71 78
71 40 53
40 72 11
72 40 11
40 73 22
73 40 26
40 75 11
75 40 16
43 51 22
51 43 24
43 53 67
53 43 54
43 54 35
54 43 55
43 57 65
57 43 50
43 58 28
58 43 48
43 68 34
68 43 26
43 69 44
69 43 37
43 74 17
74 43 24
43 76 44
76 43 32
43 2 14
2 43 21
43 3 19
3 43 26
43 5 40
5 43 39
43 6 14
6 43 23
43 7 50
7 43 46
43 8 58
8 43 47
43 10 48
10 43 53
43 11 88
11 43 60
43 12 44
12 43 37
43 13 35
13 43 49
43 14 78
14 43 60
43 15 29
15 43 46
43 16 23
16 43 18
43 17 44
17 43 30
43 20 40
20 43 50
43 21 31
21 43 28
43 22 16
22 43 12
43 23 7
23 43 10
43 25 39
25 43 45
43 26 53
26 43 37
43 28 16
28 43 19
43 29 27
29 43 37
43 30 28
30 43 28
43 31 84
31 43 59
43 32 32
32 43 35
43 33 16
33 43 14
43 34 22
34 43 40
43 35 57
35 43 50
43 36 29
36 43 39
43 37 64
37 43 44
43 38 79
38 43 56
43 41 3
41 43 4
43 42 6
42 43 5
43 44 31
44 43 29
43 45 26
45 43 36
43 46 59
46 43 42
43 47 29
47 43 34
43 48 35
48 43 32
43 49 23
49 43 19
43 50 26
50 43 37
43 52 33
52 43 42
43 55 26
55 43 51
43 56 17
56 43 12
43 59 52
59 43 70
43 60 64
60 43 50
43 61 17
61 43 24
43 62 19
62 43 14
43 63 15
63 43 12
43 64 9
64 43 14
43 65 53
65 43 61
43 66 72
66 43 67
43 67 51
67 43 37
43 70 48
70 43 51
43 71 25
71 43 45
43 72 55
72 43 45
43 73 6
73 43 12
43 75 29
75 43 30
51 53 32
53 51 32
51 54 38
54 51 38
51 57 54
57 51 38
51 58 12
58 51 24
51 68 6
68 51 11
51 69 60
69 51 41
51 74 24
74 51 22
51 76 7
76 51 11
51 2 21
2 51 15
51 3 9
3 51 10
51 5 19
5 51 32
51 6 3
6 51 6
51 7 29
7 51 24
51 8 28
8 51 27
51 10 41
10 51 29
51 11 46
11 51 36
51 12 9
12 51 13
51 13 19
13 51 33
51 14 25
14 51 38
51 15 46
15 51 36
51 16 8
16 51 9
51 17 7
17 51 6
51 20 35
20 51 44
51 21 25
21 51 30
51 22 22
22 51 26
51 23 12
23 51 21
51 25 32
25 51 28
51 26 10
26 51 14
51 28 13
28 51 24
51 29 21
29 51 26
51 30 23
30 51 19
51 31 51
31 51 37
51 32 18
32 51 16
51 33 13
33 51 10
51 34 23
34 51 21
51 35 30
35 51 28
51 36 25
36 51 38
51 37 24
37 51 39
51 38 29
38 51 32
51 41 40
41 51 28
51 42 30
42 51 29
51 44 12
44 51 12
51 45 33
45 51 23
51 46 23
46 51 22
51 47 43
47 51 32
51 48 27
48 51 26
51 49 12
49 51 17
51 50 15
50 51 22
51 52 25
52 51 25
51 55 34
55 51 36
51 56 37
56 51 27
51 59 48
59 51 48
51 60 60
60 51 49
51 61 22
61 51 34
51 62 11
62 51 19
51 63 9
63 51 13
51 64 38
64 51 37
51 65 34
65 51 37
51 66 46
66 51 43
51 67 13
67 51 16
51 70 24
70 51 48
51 71 41
71 51 45
51 72 16
72 51 22
51 73 15
73 51 15
51 75 10
75 51 11
53 54 11
54 53 20
53 57 38
57 53 32
53 58 11
58 53 15
53 68 25
68 53 29
53 69 46
69 53 53
53 74 32
74 53 40
53 76 18
76 53 23
53 2 34
2 53 36
53 3 49
3 53 36
53 5 24
5 53 37
53 6 35
6 53 32
53 7 7
7 53 9
53 8 11
8 53 12
53 10 18
10 53 17
53 11 6
11 53 8
53 12 24
12 53 21
53 13 16
13 53 23
53 14 9
14 53 7
53 15 38
15 53 34
53 16 20
16 53 40
53 17 15
17 53 26
53 20 49
20 53 44
53 21 60
21 53 45
53 22 49
22 53 53
53 23 50
23 53 53
53 25 43
25 53 39
53 26 20
26 53 18
53 28 43
28 53 46
53 29 30
29 53 31
53 30 41
30 53 33
53 31 43
31 53 31
53 32 28
32 53 33
53 33 50
33 53 40
53 34 12
34 53 18
53 35 7
35 53 7
53 36 53
36 53 47
53 37 55
37 53 42
53 38 16
38 53 12
53 41 55
41 53 58
53 42 63
42 53 59
53 44 38
44 53 35
53 45 17
45 53 27
53 46 15
46 53 16
53 47 37
47 53 42
53 48 21
48 53 37
53 49 39
49 53 47
53 50 46
50 53 40
53 52 26
52 53 19
53 55 28
55 53 47
53 56 78
56 53 59
53 59 9
59 53 17
53 60 34
60 53 54
53 61 57
61 53 54
53 62 45
62 53 45
53 63 62
63 53 44
53 64 37
64 53 66
53 65 16
65 53 14
53 66 10
66 53 15
53 67 21
67 53 18
53 70 51
70 53 50
53 71 37
71 53 52
53 72 24
72 53 20
53 73 64
73 53 43
53 75 31
75 53 25
54 57 12
57 54 14
54 58 45
58 54 33
54 68 21
68 54 30
54 69 34
69 54 41
54 74 22
74 54 34
54 76 25
76 54 27
54 2 21
2 54 34
54 3 28
3 54 46
54 5 29
5 54 24
54 6 37
6 54 34
54 7 13
7 54 19
54 8 15
8 54 13
54 10 51
10 54 37
54 11 31
11 54 27
54 12 36
12 54 34
54 13 8
13 54 8
54 14 11
14 54 17
54 15 12
15 54 18
54 16 57
16 54 46
54 17 28
17 54 34
54 20 40
20 54 27
54 21 28
21 54 36
54 22 32
22 54 49
54 23 48
23 54 57
54 25 29
25 54 55
54 26 29
26 54 26
54 28 45
28 54 41
54 29 21
29 54 21
54 30 23
30 54 28
54 31 44
31 54 50
54 32 68
32 54 47
54 33 57
33 54 42
54 34 14
34 54 17
54 35 16
35 54 15
54 36 17
36 54 34
54 37 39
37 54 27
54 38 38
38 54 32
54 41 60
41 54 59
54 42 30
42 54 58
54 44 38
44 54 47
54 45 28
45 54 20
54 46 11
46 54 16
54 47 33
47 54 31
54 48 16
48 54 28
54 49 43
49 54 55
54 50 75
50 54 54
54 52 9
52 54 13
54 55 60
55 54 64
54 56 72
56 54 63
54 59 20
59 54 23
54 60 42
60 54 37
54 61 37
61 54 47
54 62 42
62 54 43
54 63 38
63 54 48
54 64 82
64 54 63
54 65 28
65 54 34
54 66 17
66 54 33
54 67 14
67 54 22
54 70 48
70 54 33
54 71 51
71 54 37
54 72 48
72 54 37
54 73 57
73 54 43
54 75 21
75 54 27
57 58 58
58 57 41
57 68 15
68 57 28
57 69 36
69 57 27
57 74 23
74 57 26
57 76 30
76 57 28
57 2 17
2 57 29
57 3 24
3 57 48
57 5 9
5 57 12
57 6 24
6 57 32
57 7 14
7 57 27
57 8 30
8 57 21
57 10 44
10 57 46
57 11 48
11 57 39
57 12 42
12 57 38
57 13 5
13 57 9
57 14 20
14 57 30
57 15 2
15 57 4
57 16 53
16 57 45
57 17 41
17 57 36
57 20 9
20 57 13
57 21 22
21 57 25
57 22 47
22 57 41
57 23 48
23 57 54
57 25 85
25 57 60
57 26 40
26 57 30
57 28 40
28 57 32
57 29 14
29 57 13
57 30 25
30 57 22
57 31 30
31 57 60
57 32 33
32 57 50
57 33 38
33 57 39
57 34 24
34 57 20
57 35 35
35 57 25
57 36 25
36 57 20
57 37 7
37 57 13
57 38 58
38 57 43
57 41 64
41 57 54
57 42 27
42 57 52
57 44 67
44 57 49
57 45 18
45 57 15
57 46 15
46 57 21
57 47 27
47 57 19
57 48 14
48 57 18
57 49 48
49 57 54
57 50 65
50 57 58
57 52 10
52 57 16
57 55 92
55 57 70
57 56 39
56 57 59
57 59 24
59 57 37
57 60 30
60 57 23
57 61 29
61 57 36
57 62 37
62 57 36
57 63 58
63 57 45
57 64 44
64 57 55
57 65 41
65 57 46
57 66 44
66 57 46
57 67 25
67 57 25
57 70 24
70 57 19
57 71 24
71 57 23
57 72 26
72 57 45
57 73 36
73 57 38
57 75 38
75 57 27
58 68 31
68 58 27
58 69 43
69 58 57
58 74 54
74 58 40
58 76 16
76 58 20
58 2 22
2 58 34
58 3 35
3 58 24
58 5 59
5 58 43
58 6 17
6 58 27
58 7 10
7 58 14
58 8 13
8 58 21
58 10 6
10 58 6
58 11 19
11 58 16
58 12 7
12 58 10
58 13 41
13 58 33
58 14 26
14 58 22
58 15 62
15 58 42
58 16 44
16 58 31
58 17 15
17 58 17
58 20 57
20 58 53
58 21 34
21 58 47
58 22 48
22 58 49
58 23 56
23 58 43
58 25 15
25 58 23
58 26 10
26 58 14
58 28 60
28 58 44
58 29 46
29 58 36
58 30 33
30 58 34
58 31 10
31 58 18
58 32 10
32 58 19
58 33 32
33 58 34
58 34 32
34 58 22
58 35 16
35 58 18
58 36 51
36 58 52
58 37 53
37 58 49
58 38 11
38 58 9
58 41 72
41 58 51
58 42 75
42 58 52
58 44 11
44 58 22
58 45 23
45 58 32
58 46 23
46 58 21
58 47 30
47 58 46
58 48 28
48 58 40
58 49 24
49 58 36
58 50 33
50 58 25
58 52 27
52 58 26
58 55 27
55 58 32
58 56 31
56 58 49
58 59 40
59 58 30
58 60 39
60 58 61
58 61 35
61 58 54
58 62 36
62 58 41
58 63 24
63 58 36
58 64 37
64 58 60
58 65 10
65 58 14
58 66 28
66 58 21
58 67 26
67 58 19
58 70 34
70 58 58
58 71 48
71 58 58
58 72 7
72 58 5
58 73 42
73 58 38
58 75 31
75 58 23
68 69 17
69 68 31
68 74 7
74 68 13
68 76 8
76 68 7
68 2 5
2 68 7
68 3 22
3 68 21
68 5 11
5 68 21
68 6 7
6 68 5
68 7 29
7 68 20
68 8 14
8 68 21
68 10 19
10 68 33
68 11 47
11 68 36
68 12 16
12 68 18
68 13 21
13 68 24
68 14 37
14 68 34
68 15 23
15 68 25
68 16 13
16 68 17
68 17 6
17 68 12
68 20 34
20 68 34
68 21 27
21 68 21
68 22 14
22 68 23
68 23 24
23 68 27
68 25 40
25 68 37
68 26 8
26 68 13
68 28 12
28 68 17
68 29 21
29 68 16
68 30 13
30 68 9
68 31 43
31 68 44
68 32 20
32 68 26
68 33 14
33 68 13
68 34 19
34 68 14
68 35 27
35 68 24
68 36 30
36 68 28
68 37 41
37 68 28
68 38 20
38 68 34
68 41 38
41 68 30
68 42 17
42 68 30
68 44 23
44 68 23
68 45 9
45 68 12
68 46 11
46 68 16
68 47 26
47 68 22
68 48 11
48 68 16
68 49 37
49 68 26
68 50 26
50 68 33
68 52 20
52 68 17
68 55 44
55 68 46
68 56 49
56 68 33
68 59 46
59 68 44
68 60 39
60 68 39
68 61 34
61 68 27
68 62 10
62 68 15
68 63 25
63 68 18
68 64 47
64 68 36
68 65 31
65 68 39
68 66 53
66 68 43
68 67 9
67 68 11
68 70 25
70 68 38
68 71 18
71 68 35
68 72 39
72 68 27
68 73 8
73 68 14
68 75 5
75 68 4
69 74 17
74 69 19
69 76 53
76 69 37
69 2 27
2 69 26
69 3 73
3 69 50
69 5 15
5 69 17
69 6 23
6 69 34
69 7 61
7 69 46
69 8 31
8 69 41
69 10 76
10 69 63
69 11 34
11 69 61
69 12 62
12 69 49
69 13 17
13 69 33
69 14 67
14 69 54
69 15 33
15 69 23
69 16 59
16 69 43
69 17 36
17 69 43
69 20 18
20 69 19
69 21 13
21 69 11
69 22 27
22 69 26
69 23 66
23 69 46
69 25 71
25 69 68
69 26 63
26 69 43
69 28 10
28 69 19
69 29 19
29 69 22
69 30 27
30 69 23
69 31 109
31 69 74
69 32 46
32 69 56
69 33 25
33 69 35
69 34 29
34 69 36
69 35 46
35 69 46
69 36 10
36 69 7
69 37 20
37 69 15
69 38 90
38 69 62
69 41 21
41 69 40
69 42 36
42 69 36
69 44 54
44 69 53
69 45 25
45 69 26
69 46 20
46 69 38
69 47 6
47 69 11
69 48 20
48 69 17
69 49 47
49 69 51
69 50 59
50 69 63
69 52 30
52 69 34
69 55 107
55 69 77
69 56 50
56 69 49
69 59 83
59 69 63
69 60 17
60 69 14
69 61 18
61 69 14
69 62 21
62 69 26
69 63 29
63 69 40
69 64 38
64 69 35
69 65 49
65 69 66
69 66 76
66 69 68
69 67 40
67 69 38
69 70 21
70 69 16
69 71 9
71 69 9
69 72 63
72 69 58
69 73 18
73 69 30
69 75 21
75 69 34
74 76 13
76 74 20
74 2 5
2 74 7
74 3 33
3 74 31
74 5 20
5 74 15
74 6 12
6 74 16
74 7 16
7 74 32
74 8 24
8 74 29
74 10 56
10 74 46
74 11 32
11 74 47
74 12 31
12 74 31
74 13 36
13 74 26
74 14 47
14 74 43
74 15 27
15 74 22
74 16 35
16 74 25
74 17 29
17 74 25
74 20 39
20 74 27
74 21 9
21 74 8
74 22 11
22 74 15
74 23 34
23 74 30
74 25 64
25 74 50
74 26 22
26 74 26
74 28 8
28 74 6
74 29 9
29 74 13
74 30 5
30 74 7
74 31 66
31 74 56
74 32 47
32 74 38
74 33 13
33 74 17
74 34 14
34 74 22
74 35 39
35 74 34
74 36 21
36 74 17
74 37 23
37 74 21
74 38 38
38 74 47
74 41 31
41 74 28
74 42 23
42 74 26
74 44 22
44 74 34
74 45 10
45 74 14
74 46 28
46 74 25
74 47 16
47 74 11
74 48 11
48 74 8
74 49 30
49 74 33
74 50 62
50 74 44
74 52 12
52 74 23
74 55 84
55 74 58
74 56 38
56 74 34
74 59 30
59 74 53
74 60 41
60 74 29
74 61 12
61 74 15
74 62 8
62 74 10
74 63 29
63 74 22
74 64 16
64 74 29
74 65 38
65 74 51
74 66 80
66 74 55
74 67 27
67 74 23
74 70 36
70 74 29
74 71 14
71 74 24
74 72 58
72 74 40
74 73 15
73 74 14
74 75 22
75 74 17
76 2 13
2 76 14
76 3 28
3 76 20
76 5 19
5 76 25
76 6 6
6 76 9
76 7 15
7 76 14
76 8 14
8 76 15
76 10 13
10 76 26
76 11 31
11 76 29
76 12 11
12 76 12
76 13 28
13 76 23
76 14 24
14 76 28
76 15 31
15 76 27
76 16 14
16 76 19
76 17 6
17 76 8
76 20 43
20 76 36
76 21 17
21 76 27
76 22 38
22 76 30
76 23 21
23 76 31
76 25 44
25 76 33
76 26 5
26 76 6
76 28 23
28 76 24
76 29 26
29 76 18
76 30 8
30 76 14
76 31 31
31 76 37
76 32 20
32 76 22
76 33 11
33 76 18
76 34 11
34 76 10
76 35 26
35 76 18
76 36 32
36 76 33
76 37 29
37 76 32
76 38 30
38 76 27
76 41 34
41 76 36
76 42 18
42 76 36
76 44 31
44 76 21
76 45 20
45 76 14
76 46 9
46 76 11
76 47 18
47 76 27
76 48 18
48 76 21
76 49 32
49 76 28
76 50 42
50 76 30
76 52 15
52 76 14
76 55 31
55 76 42
76 56 44
56 76 37
76 59 52
59 76 38
76 60 53
60 76 43
76 61 40
61 76 34
76 62 23
62 76 22
76 63 12
63 76 22
76 64 42
64 76 43
76 65 34
65 76 32
76 66 18
66 76 36
76 67 4
67 76 5
76 70 44
70 76 41
76 71 31
71 76 40
76 72 29
72 76 21
76 73 12
73 76 21
76 75 4
75 76 3
2 3 15
3 2 24
2 5 18
5 2 20
2 6 9
6 2 9
2 7 34
7 2 28
2 8 25
8 2 27
2 10 25
10 2 40
2 11 46
11 2 43
2 12 16
12 2 25
2 13 19
13 2 28
2 14 40
14 2 40
2 15 17
15 2 26
2 16 22
16 2 18
2 17 12
17 2 18
2 20 30
20 2 32
2 21 18
21 2 15
2 22 22
22 2 16
2 23 25
23 2 25
2 25 31
25 2 42
2 26 18
26 2 21
2 28 5
28 2 10
2 29 9
29 2 16
2 30 9
30 2 7
2 31 48
31 2 50
2 32 32
32 2 30
2 33 10
33 2 10
2 34 27
34 2 20
2 35 25
35 2 31
2 36 14
36 2 24
2 37 32
37 2 26
2 38 40
38 2 41
2 41 16
41 2 26
2 42 22
42 2 24
2 44 30
44 2 27
2 45 8
45 2 15
2 46 29
46 2 22
2 47 23
47 2 18
2 48 7
48 2 13
2 49 30
49 2 27
2 50 23
50 2 37
2 52 15
52 2 22
2 55 26
55 2 51
2 56 24
56 2 30
2 59 66
59 2 51
2 60 24
60 2 36
2 61 16
61 2 20
2 62 9
62 2 8
2 63 12
63 2 16
2 64 20
64 2 29
2 65 43
65 2 46
2 66 73
66 2 50
2 67 9
67 2 18
2 70 35
70 2 35
2 71 28
71 2 31
2 72 37
72 2 34
2 73 7
73 2 9
2 75 9
75 2 11
3 5 30
5 3 42
3 6 9
6 3 16
3 7 32
7 3 29
3 8 42
8 3 34
3 10 22
10 3 28
3 11 42
11 3 39
3 12 13
12 3 15
3 13 26
13 3 42
3 14 34
14 3 43
3 15 56
15 3 46
3 16 8
16 3 9
3 17 13
17 3 12
3 20 82
20 3 55
3 21 48
21 3 39
3 22 21
22 3 32
3 23 20
23 3 20
3 25 16
25 3 19
3 26 19
26 3 20
3 28 27
28 3 32
3 29 42
29 3 36
3 30 27
30 3 29
3 31 24
31 3 33
3 32 11
32 3 8
3 33 10
33 3 17
3 34 23
34 3 29
3 35 25
35 3 34
3 36 69
36 3 48
3 37 25
37 3 49
3 38 33
38 3 33
3 41 32
41 3 29
3 42 21
42 3 32
3 44 3
44 3 3
3 45 49
45 3 33
3 46 33
46 3 30
3 47 50
47 3 41
3 48 48
48 3 36
3 49 13
49 3 11
3 50 10
50 3 13
3 52 30
52 3 33
3 55 18
55 3 27
3 56 21
56 3 25
3 59 28
59 3 52
3 60 70
60 3 59
3 61 39
61 3 42
3 62 14
62 3 27
3 63 16
63 3 15
3 64 58
64 3 40
3 65 21
65 3 38
3 66 67
66 3 45
3 67 12
67 3 24
3 70 50
70 3 58
3 71 78
71 3 54
3 72 12
72 3 21
3 73 18
73 3 22
3 75 16
75 3 21
5 6 22
6 5 26
5 7 38
7 5 30
5 8 25
8 5 25
5 10 31
10 5 48
5 11 62
11 5 45
5 12 46
12 5 37
5 13 14
13 5 17
5 14 46
14 5 38
5 15 6
15 5 8
5 16 37
16 5 38
5 17 38
17 5 33
5 20 12
20 5 13
5 21 14
21 5 13
5 22 36
22 5 30
5 23 26
23 5 45
5 25 36
25 5 58
5 26 28
26 5 30
5 28 12
28 5 20
5 29 9
29 5 7
5 30 7
30 5 13
5 31 56
31 5 61
5 32 39
32 5 47
5 33 24
33 5 30
5 34 22
34 5 21
5 35 37
35 5 30
5 36 8
36 5 10
5 37 6
37 5 7
5 38 37
38 5 46
5 41 27
41 5 43
5 42 20
42 5 40
5 44 28
44 5 44
5 45 13
45 5 11
5 46 15
46 5 22
5 47 10
47 5 7
5 48 5
48 5 7
5 49 56
49 5 46
5 50 30
50 5 54
5 52 22
52 5 18
5 55 67
55 5 67
5 56 39
56 5 49
5 59 35
59 5 46
5 60 15
60 5 18
5 61 21
61 5 24
5 62 22
62 5 25
5 63 25
63 5 36
5 64 64
64 5 43
5 65 70
65 5 50
5 66 50
66 5 52
5 67 22
67 5 24
5 70 17
70 5 16
5 71 15
71 5 16
5 72 56
72 5 45
5 73 30
73 5 28
5 75 15
75 5 23
6 7 24
7 6 23
6 8 32
8 6 25
6 10 37
10 6 33
6 11 32
11 6 38
6 12 21
12 6 17
6 13 33
13 6 29
6 14 51
14 6 37
6 15 20
15 6 31
6 16 12
16 6 12
6 17 9
17 6 10
6 20 34
20 6 39
6 21 24
21 6 24
6 22 23
22 6 22
6 23 17
23 6 23
6 25 29
25 6 34
6 26 9
26 6 14
6 28 15
28 6 18
6 29 13
29 6 21
6 30 13
30 6 13
6 31 24
31 6 42
6 32 27
32 6 22
6 33 10
33 6 9
6 34 23
34 6 18
6 35 34
35 6 27
6 36 45
36 6 32
6 37 25
37 6 33
6 38 32
38 6 35
6 41 27
41 6 27
6 42 33
42 6 27
6 44 11
44 6 18
6 45 16
45 6 17
6 46 11
46 6 20
6 47 24
47 6 25
6 48 28
48 6 20
6 49 19
49 6 21
6 50 25
50 6 28
6 52 18
52 6 21
6 55 62
55 6 42
6 56 14
56 6 28
6 59 49
59 6 47
6 60 24
60 6 43
6 61 19
61 6 28
6 62 18
62 6 14
6 63 14
63 6 14
6 64 30
64 6 34
6 65 50
65 6 40
6 66 39
66 6 45
6 67 15
67 6 14
6 70 54
70 6 42
6 71 38
71 6 38
6 72 17
72 6 26
6 73 17
73 6 12
6 75 7
75 6 8
7 8 8
8 7 7
7 10 28
10 7 19
7 11 11
11 7 16
7 12 8
12 7 15
7 13 24
13 7 19
7 14 9
14 7 14
7 15 22
15 7 29
7 16 20
16 7 32
7 17 20
17 7 18
7 20 23
20 7 39
7 21 52
21 7 37
7 22 65
22 7 44
7 23 52
23 7 45
7 25 41
25 7 36
7 26 5
26 7 10
7 28 37
28 7 37
7 29 34
29 7 24
7 30 19
30 7 25
7 31 22
31 7 32
7 32 22
32 7 28
7 33 38
33 7 32
7 34 11
34 7 10
7 35 4
35 7 5
7 36 59
36 7 40
7 37 27
37 7 36
7 38 22
38 7 16
7 41 60
41 7 50
7 42 54
42 7 50
7 44 23
44 7 29
7 45 12
45 7 20
7 46 6
46 7 8
7 47 27
47 7 35
7 48 43
48 7 29
7 49 49
49 7 40
7 50 26
50 7 36
7 52 19
52 7 13
7 55 23
55 7 44
7 56 48
56 7 51
7 59 25
59 7 24
7 60 42
60 7 48
7 61 64
61 7 46
7 62 32
62 7 36
7 63 50
63 7 36
7 64 84
64 7 57
7 65 22
65 7 20
7 66 18
66 7 23
7 67 6
67 7 9
7 70 30
70 7 45
7 71 45
71 7 46
7 72 15
72 7 18
7 73 38
73 7 34
7 75 9
75 7 16
8 10 37
10 8 26
8 11 12
11 8 20
8 12 20
12 8 21
8 13 10
13 8 12
8 14 11
14 8 14
8 15 22
15 8 22
8 16 43
16 8 35
8 17 26
17 8 22
8 20 44
20 8 33
8 21 40
21 8 34
8 22 25
22 8 43
8 23 39
23 8 47
8 25 61
25 8 42
8 26 17
26 8 14
8 28 27
28 8 35
8 29 16
29 8 19
8 30 25
30 8 22
8 31 54
31 8 39
8 32 34
32 8 34
8 33 28
33 8 33
8 34 5
34 8 7
8 35 4
35 8 5
8 36 33
36 8 35
8 37 26
37 8 30
8 38 28
38 8 22
8 41 47
41 8 51
8 42 56
42 8 51
8 44 44
44 8 34
8 45 8
45 8 16
8 46 6
46 8 5
8 47 40
47 8 30
8 48 31
48 8 25
8 49 61
49 8 44
8 50 25
50 8 41
8 52 6
52 8 7
8 55 49
55 8 51
8 56 47
56 8 53
8 59 22
59 8 24
8 60 48
60 8 42
8 61 47
61 8 43
8 62 35
62 8 35
8 63 46
63 8 38
8 64 76
64 8 56
8 65 36
65 8 25
8 66 15
66 8 27
8 67 7
67 8 10
8 70 50
70 8 38
8 71 32
71 8 40
8 72 19
72 8 25
8 73 47
73 8 35
8 75 24
75 8 17
10 11 16
11 10 15
10 12 15
12 10 16
10 13 42
13 10 38
10 14 27
14 10 24
10 15 64
15 10 47
10 16 46
16 10 36
10 17 19
17 10 23
10 20 58
20 10 58
10 21 46
21 10 53
10 22 62
22 10 55
10 23 69
23 10 48
10 25 12
25 10 23
10 26 13
26 10 20
10 28 73
28 10 50
10 29 44
29 10 42
10 30 55
30 10 40
10 31 17
31 10 13
10 32 20
32 10 22
10 33 45
33 10 40
10 34 24
34 10 28
10 35 23
35 10 22
10 36 68
36 10 58
10 37 66
37 10 55
10 38 8
38 10 7
10 41 81
41 10 56
10 42 43
42 10 58
10 44 13
44 10 26
10 45 27
45 10 37
10 46 35
46 10 26
10 47 71
47 10 52
10 48 49
48 10 46
10 49 34
49 10 39
10 50 35
50 10 27
10 52 39
52 10 31
10 55 21
55 10 30
10 56 79
56 10 53
10 59 22
59 10 30
10 60 60
60 10 66
10 61 63
61 10 60
10 62 55
62 10 47
10 63 58
63 10 41
10 64 58
64 10 66
10 65 9
65 10 11
10 66 17
66 10 18
10 67 22
67 10 25
10 70 34
70 10 63
10 71 39
71 10 64
10 72 8
72 10 8
10 73 49
73 10 44
10 75 19
75 10 29
11 12 15
12 11 24
11 13 24
13 11 31
11 14 7
14 11 11
11 15 60
15 11 42
11 16 39
16 11 45
11 17 35
17 11 30
11 20 48
20 11 52
11 21 65
21 11 53
11 22 67
22 11 60
11 23 84
23 11 57
11 25 22
25 11 38
11 26 35
26 11 24
11 28 55
28 11 53
11 29 42
29 11 39
11 30 58
30 11 41
11 31 32
31 11 26
11 32 48
32 11 35
11 33 32
33 11 46
11 34 31
34 11 25
11 35 14
35 11 15
11 36 49
36 11 55
11 37 71
37 11 50
11 38 6
38 11 8
11 41 56
41 11 64
11 42 66
42 11 65
11 44 47
44 11 38
11 45 41
45 11 35
11 46 21
46 11 23
11 47 71
47 11 50
11 48 52
48 11 44
11 49 66
49 11 50
11 50 53
50 11 41
11 52 17
52 11 27
11 55 33
55 11 45
11 56 89
56 11 63
11 59 20
59 11 15
11 60 83
60 11 62
11 61 90
61 11 62
11 62 65
62 11 51
11 63 44
63 11 49
11 64 41
64 11 72
11 65 6
65 11 7
11 66 7
66 11 7
11 67 31
67 11 25
11 70 54
70 11 58
11 71 75
71 11 60
11 72 18
72 11 21
11 73 25
73 11 50
11 75 28
75 11 32
12 13 17
13 12 31
12 14 38
14 12 28
12 15 47
15 12 38
12 16 28
16 12 21
12 17 8
17 12 7
12 20 30
20 12 48
12 21 54
21 12 39
12 22 48
22 12 39
12 23 39
23 12 33
12 25 26
25 12 22
12 26 9
26 12 8
12 28 31
28 12 35
12 29 26
29 12 30
12 30 16
30 12 26
12 31 32
31 12 25
12 32 12
32 12 13
12 33 18
33 12 24
12 34 11
34 12 19
12 35 11
35 12 20
12 36 35
36 12 45
12 37 58
37 12 44
12 38 21
38 12 19
12 41 57
41 12 41
12 42 43
42 12 42
12 44 10
44 12 14
12 45 14
45 12 26
12 46 19
46 12 18
12 47 36
47 12 39
12 48 31
48 12 33
12 49 36
49 12 26
12 50 14
50 12 21
12 52 29
52 12 23
12 55 19
55 12 31
12 56 50
56 12 39
12 59 20
59 12 37
12 60 67
60 12 55
12 61 25
61 12 45
12 62 17
62 12 31
12 63 34
63 12 26
12 64 68
64 12 50
12 65 18
65 12 24
12 66 19
66 12 30
12 67 10
67 12 13
12 70 48
70 12 53
12 71 64
71 12 52
12 72 9
72 12 9
12 73 23
73 12 28
12 75 12
75 12 15
13 14 19
14 13 22
13 15 7
15 13 11
13 16 31
16 13 41
13 17 43
17 13 30
13 20 12
20 13 21
13 21 26
21 13 28
13 22 51
22 13 42
13 23 35
23 13 51
13 25 35
25 13 54
13 26 20
26 13 24
13 28 29
28 13 33
13 29 8
29 13 13
13 30 21
30 13 21
13 31 52
31 13 51
13 32 28
32 13 44
13 33 50
33 13 36
13 34 8
34 13 13
13 35 21
35 13 17
13 36 30
36 13 26
13 37 21
37 13 20
13 38 39
38 13 34
13 41 50
41 13 53
13 42 75
42 13 51
13 44 23
44 13 43
13 45 12
45 13 13
13 46 15
46 13 13
13 47 17
47 13 23
13 48 27
48 13 19
13 49 31
49 13 50
13 50 31
50 13 51
13 52 9
52 13 9
13 55 33
55 13 63
13 56 47
56 13 56
13 59 24
59 13 30
13 60 21
60 13 31
13 61 43
61 13 38
13 62 52
62 13 35
13 63 43
63 13 42
13 64 46
64 13 56
13 65 32
65 13 37
13 66 55
66 13 37
13 67 17
67 13 18
13 70 27
70 13 27
13 71 26
71 13 30
13 72 49
72 13 37
13 73 47
73 13 37
13 75 13
75 13 22
14 15 34
15 14 33
14 16 62
16 14 46
14 17 46
17 14 32
14 20 41
20 14 43
14 21 24
21 14 48
14 22 49
22 14 57
14 23 74
23 14 59
14 25 23
25 14 46
14 26 29
26 14 24
14 28 52
28 14 49
14 29 26
29 14 33
14 30 51
30 14 36
14 31 40
31 14 36
14 32 59
32 14 40
14 33 42
33 14 46
14 34 20
34 14 21
14 35 11
35 14 10
14 36 42
36 14 48
14 37 30
37 14 42
14 38 24
38 14 17
14 41 57
41 14 64
14 42 68
42 14 64
14 44 44
44 14 42
14 45 22
45 14 30
14 46 20
46 14 19
14 47 46
47 14 44
14 48 20
48 14 39
14 49 34
49 14 53
14 50 24
50 14 47
14 52 22
52 14 21
14 55 79
55 14 54
14 56 72
56 14 64
14 59 13
59 14 11
14 60 66
60 14 53
14 61 62
61 14 57
14 62 51
62 14 49
14 63 62
63 14 50
14 64 74
64 14 70
14 65 12
65 14 18
14 66 18
66 14 16
14 67 22
67 14 23
14 70 61
70 14 49
14 71 38
71 14 52
14 72 18
72 14 27
14 73 64
73 14 48
14 75 23
75 14 30
15 16 40
16 15 43
15 17 30
17 15 35
15 20 11
20 15 11
15 21 18
21 15 21
15 22 53
22 15 38
15 23 67
23 15 51
15 25 42
25 15 60
15 26 15
26 15 30
15 28 25
28 15 28
15 29 12
29 15 10
15 30 10
30 15 19
15 31 43
31 15 60
15 32 42
32 15 49
15 33 46
33 15 36
15 34 25
34 15 20
15 35 27
35 15 27
15 36 8
36 15 16
15 37 11
37 15 9
15 38 28
38 15 45
15 41 37
41 15 50
15 42 44
42 15 48
15 44 42
44 15 48
15 45 8
45 15 13
15 46 21
46 15 21
15 47 20
47 15 15
15 48 10
48 15 14
15 49 75
49 15 52
15 50 69
50 15 57
15 52 10
52 15 16
15 55 54
55 15 69
15 56 48
56 15 56
15 59 50
59 15 41
15 60 25
60 15 20
15 61 26
61 15 32
15 62 44
62 15 32
15 63 61
63 15 42
15 64 75
64 15 51
15 65 37
65 15 48
15 66 65
66 15 48
15 67 22
67 15 25
15 70 22
70 15 16
15 71 13
71 15 19
15 72 67
72 15 45
15 73 32
73 15 35
15 75 24
75 15 25
16 17 18
17 16 14
16 20 38
20 16 50
16 21 21
21 16 33
16 22 33
22 16 24
16 23 13
23 16 13
16 25 32
25 16 28
16 26 27
26 16 22
16 28 14
28 16 24
16 29 17
29 16 33
16 30 28
30 16 24
16 31 43
31 16 41
16 32 24
32 16 17
16 33 12
33 16 9
16 34 18
34 16 29
16 35 39
35 16 37
16 36 27
36 16 42
16 37 27
37 16 44
16 38 41
38 16 40
16 41 28
41 16 21
16 42 15
42 16 23
16 44 6
44 16 12
16 45 33
45 16 30
16 46 20
46 16 31
16 47 53
47 16 36
16 48 32
48 16 31
16 49 12
49 16 9
16 50 16
50 16 21
16 52 21
52 16 33
16 55 27
55 16 36
16 56 16
56 16 19
16 59 47
59 16 56
16 60 52
60 16 54
16 61 38
61 16 34
16 62 16
62 16 18
16 63 5
63 16 6
16 64 29
64 16 31
16 65 30
65 16 45
16 66 66
66 16 51
16 67 22
67 16 25
16 70 41
70 16 53
16 71 32
71 16 49
16 72 41
72 16 28
16 73 14
73 16 13
16 75 17
75 16 19
17 20 24
20 17 45
17 21 32
21 17 33
17 22 20
22 17 32
17 23 19
23 17 27
17 25 31
25 17 26
17 26 4
26 17 8
17 28 27
28 17 28
17 29 13
29 17 26
17 30 27
30 17 21
17 31 39
31 17 32
17 32 19
32 17 14
17 33 19
33 17 17
17 34 21
34 17 17
17 35 30
35 17 23
17 36 47
36 17 40
17 37 55
37 17 40
17 38 28
38 17 26
17 41 31
41 17 34
17 42 19
42 17 35
17 44 19
44 17 13
17 45 12
45 17 22
17 46 23
46 17 18
17 47 32
47 17 34
17 48 33
48 17 27
17 49 16
49 17 22
17 50 17
50 17 22
17 52 11
52 17 21
17 55 22
55 17 35
17 56 28
56 17 33
17 59 44
59 17 42
17 60 65
60 17 50
17 61 45
61 17 38
17 62 33
62 17 24
17 63 10
63 17 19
17 64 43
64 17 43
17 65 40
65 17 31
17 66 34
66 17 37
17 67 9
67 17 12
17 70 44
70 17 49
17 71 68
71 17 46
17 72 9
72 17 16
17 73 15
73 17 21
17 75 11
75 17 10
20 21 29
21 20 22
20 22 31
22 20 40
20 23 58
23 20 57
20 25 40
25 20 70
20 26 21
26 20 41
20 28 25
28 20 31
20 29 15
29 20 18
20 30 27
30 20 26
20 31 95
31 20 71
20 32 43
32 20 58
20 33 63
33 20 43
20 34 34
34 20 31
20 35 26
35 20 38
20 36 17
36 20 13
20 37 7
37 20 6
20 38 74
38 20 55
20 41 27
41 20 54
20 42 61
42 20 51
20 44 74
44 20 56
20 45 29
45 20 22
20 46 37
46 20 32
20 47 11
47 20 16
20 48 23
48 20 19
20 49 81
49 20 59
20 50 39
50 20 66
20 52 32
52 20 27
20 55 49
55 20 79
20 56 60
56 20 61
20 59 27
59 20 50
20 60 10
60 20 10
20 61 40
61 20 31
20 62 52
62 20 36
20 63 27
63 20 48
20 64 51
64 20 52
20 65 66
65 20 58
20 66 32
66 20 59
20 67 28
67 20 35
20 70 8
70 20 6
20 71 9
71 20 11
20 72 31
72 20 55
20 73 32
73 20 40
20 75 35
75 20 34
21 22 19
22 21 18
21 23 24
23 21 36
21 25 78
25 21 58
21 26 42
26 21 33
21 28 6
28 21 9
21 29 18
29 21 15
21 30 13
30 21 13
21 31 66
31 21 64
21 32 39
32 21 46
21 33 12
33 21 24
21 34 15
34 21 28
21 35 54
35 21 39
21 36 13
36 21 10
21 37 21
37 21 16
21 38 64
38 21 53
21 41 29
41 21 32
21 42 25
42 21 29
21 44 36
44 21 42
21 45 21
45 21 18
21 46 42
46 21 30
21 47 4
47 21 6
21 48 11
48 21 9
21 49 22
49 21 41
21 50 38
50 21 52
21 52 33
52 21 27
21 55 56
55 21 66
21 56 26
56 21 39
21 59 60
59 21 57
21 60 13
60 21 22
21 61 12
61 21 11
21 62 21
62 21 15
21 63 27
63 21 29
21 64 19
64 21 30
21 65 76
65 21 57
21 66 79
66 21 60
21 67 31
67 21 29
21 70 11
70 21 22
21 71 15
71 21 17
21 72 59
72 21 48
21 73 28
73 21 20
21 75 22
75 21 24
22 23 24
23 22 21
22 25 34
25 22 52
22 26 24
26 22 36
22 28 5
28 22 9
22 29 37
29 22 29
22 30 16
30 22 21
22 31 50
31 22 63
22 32 26
32 22 40
22 33 14
33 22 16
22 34 31
34 22 36
22 35 56
35 22 47
22 36 23
36 22 28
22 37 47
37 22 34
22 38 39
38 22 57
22 41 21
41 22 15
22 42 8
42 22 11
22 44 25
44 22 35
22 45 25
45 22 29
22 46 31
46 22 38
22 47 15
47 22 24
22 48 17
48 22 23
22 49 17
49 22 29
22 50 26
50 22 44
22 52 47
52 22 37
22 55 88
55 22 59
22 56 30
56 22 23
22 59 77
59 22 67
22 60 39
60 22 39
22 61 11
61 22 12
22 62 8
62 22 8
22 63 12
63 22 18
22 64 14
64 22 14
22 65 33
65 22 62
22 66 37
66 22 67
22 67 32
67 22 35
22 70 46
70 22 40
22 71 30
71 22 34
22 72 61
72 22 48
22 73 12
73 22 11
22 75 23
75 22 27
23 25 43
25 23 36
23 26 35
26 23 35
23 28 23
28 23 27
23 29 37
29 23 41
23 30 23
30 23 32
23 31 29
31 23 52
23 32 24
32 23 27
23 33 15
33 23 15
23 34 46
34 23 41
23 35 52
35 23 49
23 36 58
36 23 47
23 37 54
37 23 51
23 38 68
38 23 52
23 41 7
41 23 11
23 42 13
42 23 15
23 44 17
44 23 22
23 45 34
45 23 39
23 46 22
46 23 42
23 47 56
47 23 41
23 48 53
48 23 38
23 49 6
49 23 10
23 50 39
50 23 28
23 52 51
52 23 44
23 55 30
55 23 42
23 56 7
56 23 6
23 59 51
59 23 69
23 60 40
60 23 58
23 61 43
61 23 33
23 62 24
62 23 21
23 63 11
63 23 9
23 64 19
64 23 23
23 65 45
65 23 57
23 66 48
66 23 64
23 67 43
67 23 37
23 70 53
70 23 58
23 71 71
71 23 53
23 72 38
72 23 40
23 73 16
73 23 16
23 75 16
75 23 30
25 26 21
26 25 30
25 28 37
28 25 51
25 29 73
29 25 52
25 30 23
30 25 46
25 31 20
31 25 18
25 32 12
32 25 12
25 33 34
33 25 36
25 34 46
34 25 41
25 35 58
35 25 40
25 36 96
36 25 65
25 37 53
37 25 65
25 38 17
38 25 30
25 41 46
41 25 47
25 42 46
42 25 50
25 44 20
44 25 16
25 45 25
45 25 47
25 46 28
46 25 40
25 47 82
47 25 59
25 48 40
48 25 53
25 49 18
49 25 26
25 50 9
50 25 8
25 52 32
52 25 45
25 55 13
55 25 9
25 56 40
56 25 40
25 59 32
59 25 53
25 60 51
60 25 76
25 61 34
61 25 61
25 62 45
62 25 45
25 63 34
63 25 34
25 64 80
64 25 59
25 65 18
65 25 34
25 66 31
66 25 41
25 67 25
67 25 36
25 70 77
70 25 74
25 71 92
71 25 72
25 72 19
72 25 18
25 73 56
73 25 41
25 75 39
75 25 35
26 28 33
28 26 31
26 29 32
29 26 23
26 30 28
30 26 20
26 31 24
31 26 32
26 32 21
32 26 20
26 33 15
33 26 23
26 34 9
34 26 11
26 35 20
35 26 15
26 36 56
36 26 38
26 37 43
37 26 36
26 38 28
38 26 21
26 41 28
41 26 41
26 42 21
42 26 41
26 44 10
44 26 20
26 45 26
45 26 18
26 46 6
46 26 11
26 47 24
47 26 32
26 48 30
48 26 26
26 49 21
49 26 30
26 50 14
50 26 28
26 52 9
52 26 15
26 55 58
55 26 39
26 56 23
56 26 41
26 59 45
59 26 34
26 60 61
60 26 48
26 61 46
61 26 40
26 62 35
62 26 28
26 63 19
63 26 26
26 64 62
64 26 49
26 65 29
65 26 26
26 66 21
66 26 31
26 67 3
67 26 6
26 70 53
70 26 45
26 71 27
71 26 45
26 72 11
72 26 15
26 73 30
73 26 26
26 75 11
75 26 9
28 29 19
29 28 20
28 30 18
30 28 13
28 31 32
31 28 60
28 32 28
32 28 39
28 33 19
33 28 16
28 34 14
34 28 28
28 35 43
35 28 39
28 36 16
36 28 20
28 37 26
37 28 25
28 38 59
38 28 51
28 41 13
41 28 23
28 42 24
42 28 20
28 44 36
44 28 35
28 45 18
45 28 21
28 46 40
46 28 30
28 47 12
47 28 15
28 48 17
48 28 14
28 49 35
49 28 32
28 50 31
50 28 45
28 52 26
52 28 29
28 55 31
55 28 60
28 56 19
56 28 30
28 59 70
59 28 59
28 60 45
60 28 31
28 61 11
61 28 10
28 62 4
62 28 6
28 63 16
63 28 20
28 64 20
64 28 23
28 65 68
65 28 56
28 66 73
66 28 60
28 67 29
67 28 28
28 70 30
70 28 32
28 71 34
71 28 26
28 72 65
72 28 44
28 73 8
73 28 11
28 75 11
75 28 21
29 30 9
30 29 9
29 31 72
31 29 54
29 32 32
32 29 40
29 33 28
33 29 26
29 34 18
34 29 14
29 35 26
35 29 24
29 36 17
36 29 16
29 37 8
37 29 14
29 38 53
38 29 40
29 41 24
41 29 41
29 42 36
42 29 39
29 44 19
44 29 38
29 45 4
45 29 4
29 46 11
46 29 16
29 47 7
47 29 11
29 48 3
48 29 6
29 49 42
49 29 42
29 50 67
50 29 48
29 52 13
52 29 12
29 55 67
55 29 61
29 56 47
56 29 46
29 59 39
59 29 42
29 60 19
60 29 25
29 61 20
61 29 25
29 62 31
62 29 23
29 63 16
63 29 32
29 64 44
64 29 43
29 65 28
65 29 44
29 66 36
66 29 46
29 67 22
67 29 17
29 70 34
70 29 23
29 71 25
71 29 22
29 72 38
72 29 38
29 73 21
73 29 25
29 75 11
75 29 16
30 31 62
31 30 51
30 32 47
32 30 34
30 33 14
33 30 17
30 34 17
34 30 16
30 35 28
35 30 27
30 36 26
36 30 19
30 37 29
37 30 20
30 38 58
38 30 40
30 41 28
41 30 32
30 42 34
42 30 30
30 44 31
44 30 31
30 45 4
45 30 8
30 46 20
46 30 18
30 47 14
47 30 13
30 48 8
48 30 7
30 49 30
49 30 33
30 50 26
50 30 41
30 52 8
52 30 16
30 55 66
55 30 55
30 56 39
56 30 37
30 59 64
59 30 47
30 60 19
60 30 30
30 61 19
61 30 21
30 62 20
62 30 14
30 63 25
63 30 23
30 64 31
64 30 35
30 65 67
65 30 45
30 66 37
66 30 48
30 67 16
67 30 16
30 70 17
70 30 29
30 71 14
71 30 26
30 72 38
72 30 35
30 73 20
73 30 16
30 75 11
75 30 11
31 32 21
32 31 25
31 33 47
33 31 47
31 34 32
34 31 41
31 35 29
35 31 35
31 36 37
36 31 70
31 37 35
37 31 68
31 38 27
38 31 19
31 41 85
41 31 62
31 42 44
42 31 64
31 44 37
44 31 30
31 45 47
45 31 50
31 46 55
46 31 39
31 47 38
47 31 64
31 48 70
48 31 58
31 49 26
49 31 42
31 50 26
50 31 26
31 52 43
52 31 44
31 55 23
55 31 22
31 56 76
56 31 56
31 59 30
59 31 41
31 60 52
60 31 79
31 61 72
61 31 70
31 62 61
62 31 56
31 63 38
63 31 47
31 64 45
64 31 72
31 65 12
65 31 20
31 66 30
66 31 26
31 67 25
67 31 37
31 70 106
70 31 76
31 71 66
71 31 76
31 72 9
72 31 16
31 73 60
73 31 52
31 75 56
75 31 40
32 33 12
33 32 24
32 34 26
34 32 31
32 35 30
35 32 33
32 36 36
36 32 54
32 37 37
37 32 54
32 38 36
38 32 28
32 41 37
41 32 37
32 42 34
42 32 40
32 44 7
44 32 5
32 45 29
45 32 36
32 46 17
46 32 31
32 47 27
47 32 47
32 48 32
48 32 41
32 49 18
49 32 18
32 50 11
50 32 8
32 52 49
52 32 35
32 55 30
55 32 21
32 56 35
56 32 32
32 59 71
59 32 49
32 60 40
60 32 64
32 61 65
61 32 49
32 62 28
62 32 34
32 63 23
63 32 23
32 64 44
64 32 48
32 65 25
65 32 33
32 66 49
66 32 40
32 67 34
67 32 25
32 70 48
70 32 63
32 71 56
71 32 60
32 72 18
72 32 15
32 73 43
73 32 29
32 75 22
75 32 24
33 34 21
34 33 26
33 35 31
35 33 36
33 36 21
36 33 34
33 37 34
37 33 37
33 38 46
38 33 43
33 41 21
41 33 18
33 42 24
42 33 19
33 44 16
44 33 20
33 45 35
45 33 24
33 46 31
46 33 28
33 47 19
47 33 28
33 48 19
48 33 23
33 49 21
49 33 17
33 50 43
50 33 29
33 52 28
52 33 29
33 55 31
55 33 44
33 56 19
56 33 20
33 59 64
59 33 56
33 60 56
60 33 45
33 61 34
61 33 25
33 62 5
62 33 10
33 63 5
63 33 6
33 64 32
64 33 26
33 65 43
65 33 47
33 66 44
66 33 53
33 67 33
67 33 23
33 70 49
70 33 45
33 71 30
71 33 41
33 72 18
72 33 32
33 73 4
73 33 5
33 75 9
75 33 16
34 35 15
35 34 11
34 36 40
36 34 30
34 37 33
37 34 27
34 38 27
38 34 26
34 41 58
41 34 44
34 42 64
42 34 44
34 44 40
44 34 30
34 45 14
45 34 10
34 46 1
46 34 2
34 47 37
47 34 25
34 48 23
48 34 19
34 49 52
49 34 38
34 50 48
50 34 38
34 52 4
52 34 4
34 55 28
55 34 50
34 56 25
56 34 46
34 59 36
59 34 31
34 60 34
60 34 39
34 61 52
61 34 37
34 62 14
62 34 28
34 63 17
63 34 32
34 64 39
64 34 49
34 65 22
65 34 30
34 66 39
66 34 33
34 67 3
67 34 5
34 70 43
70 34 36
34 71 34
71 34 36
34 72 15
72 34 25
34 73 36
73 34 28
34 75 6
75 34 10
35 36 30
36 35 40
35 37 52
37 35 35
35 38 25
38 35 18
35 41 52
41 35 54
35 42 34
42 35 54
35 44 34
44 35 34
35 45 20
45 35 21
35 46 12
46 35 9
35 47 20
47 35 35
35 48 24
48 35 30
35 49 38
49 35 45
35 50 20
50 35 40
35 52 13
52 35 12
35 55 46
55 35 49
35 56 64
56 35 55
35 59 11
59 35 21
35 60 31
60 35 47
35 61 24
61 35 48
35 62 42
62 35 39
35 63 25
63 35 40
35 64 84
64 35 60
35 65 16
65 35 21
35 66 19
66 35 22
35 67 14
67 35 13
35 70 53
70 35 43
35 71 50
71 35 45
35 72 22
72 35 22
35 73 24
73 35 38
35 75 26
75 35 20
36 37 4
37 36 8
36 38 28
38 36 56
36 41 56
41 36 43
36 42 39
42 36 39
36 44 46
44 36 50
36 45 14
45 36 20
36 46 30
46 36 32
36 47 6
47 36 6
36 48 17
48 36 12
36 49 29
49 36 50
36 50 82
50 36 60
36 52 30
52 36 28
36 55 55
55 36 74
36 56 41
56 36 50
36 59 73
59 36 56
36 60 17
60 36 12
36 61 20
61 36 18
36 62 30
62 36 26
36 63 44
63 36 39
36 64 54
64 36 39
36 65 47
65 36 60
36 66 54
66 36 62
36 67 44
67 36 33
36 70 16
70 36 12
36 71 9
71 36 7
36 72 63
72 36 53
36 73 26
73 36 30
36 75 39
75 36 30
37 38 40
38 37 53
37 41 25
41 37 48
37 42 61
42 37 45
37 44 37
44 37 51
37 45 20
45 37 18
37 46 27
46 37 28
37 47 14
47 37 10
37 48 17
48 37 13
37 49 61
49 37 53
37 50 90
50 37 61
37 52 15
52 37 24
37 55 97
55 37 74
37 56 58
56 37 55
37 59 65
59 37 50
37 60 13
60 37 12
37 61 22
61 37 26
37 62 25
62 37 30
37 63 45
63 37 42
37 64 28
64 37 46
37 65 82
65 37 56
37 66 49
66 37 57
37 67 33
67 37 31
37 70 12
70 37 9
37 71 10
71 37 10
37 72 26
72 37 51
37 73 20
73 37 34
37 75 15
75 37 30
38 41 39
41 38 60
38 42 37
42 38 61
38 44 17
44 38 32
38 45 48
45 38 36
38 46 22
46 38 24
38 47 56
47 38 51
38 48 33
48 38 45
38 49 53
49 38 45
38 50 47
50 38 34
38 52 29
52 38 29
38 55 47
55 38 37
38 56 62
56 38 58
38 59 29
59 38 23
38 60 54
60 38 64
38 61 79
61 38 61
38 62 57
62 38 49
38 63 55
63 38 45
38 64 103
64 38 69
38 65 5
65 38 5
38 66 9
66 38 12
38 67 13
67 38 24
38 70 79
70 38 61
38 71 92
71 38 62
38 72 17
72 38 13
38 73 38
73 38 47
38 75 31
75 38 30
41 42 5
42 41 4
41 44 40
44 41 32
41 45 43
45 41 40
41 46 24
46 41 46
41 47 56
47 41 38
41 48 33
48 41 36
41 49 31
49 41 21
41 50 43
50 41 39
41 52 53
52 41 46
41 55 49
55 41 53
41 56 9
56 41 10
41 59 70
59 41 74
41 60 62
60 41 54
41 61 13
61 41 26
41 62 11
62 41 18
41 63 13
63 41 15
41 64 10
64 41 12
41 65 41
65 41 65
41 66 101
66 41 71
41 67 60
67 41 41
41 70 56
70 41 55
41 71 64
71 41 49
41 72 52
72 41 49
41 73 13
73 41 16
41 75 29
75 41 34
42 44 41
44 42 34
42 45 45
45 42 38
42 46 39
46 42 46
42 47 48
47 42 35
42 48 47
48 42 34
42 49 30
49 42 24
42 50 55
50 42 42
42 52 37
52 42 46
42 55 28
55 42 56
42 56 15
56 42 14
42 59 91
59 42 74
42 60 71
60 42 50
42 61 29
61 42 22
42 62 16
62 42 16
42 63 21
63 42 17
42 64 11
64 42 9
42 65 44
65 42 66
42 66 80
66 42 72
42 67 47
67 42 41
42 70 71
70 42 51
42 71 36
71 42 45
42 72 33
72 42 50
42 73 13
73 42 16
42 75 32
75 42 34
44 45 43
45 44 34
44 46 18
46 44 31
44 47 54
47 44 44
44 48 36
48 44 38
44 49 17
49 44 13
44 50 9
50 44 10
44 52 18
52 44 34
44 55 13
55 44 25
44 56 23
56 44 27
44 59 36
59 44 52
44 60 82
60 44 61
44 61 29
61 44 45
44 62 28
62 44 29
44 63 26
63 44 18
44 64 63
64 44 43
44 65 35
65 44 36
44 66 45
66 44 43
44 67 33
67 44 25
44 70 76
70 44 60
44 71 72
71 44 57
44 72 18
72 44 18
44 73 27
73 44 25
44 75 32
75 44 22
45 46 17
46 45 12
45 47 17
47 45 15
45 48 7
48 45 9
45 49 38
49 45 39
45 50 36
50 45 44
45 52 12
52 45 9
45 55 48
55 45 57
45 56 65
56 45 44
45 59 27
59 45 39
45 60 22
60 45 30
45 61 27
61 45 28
45 62 16
62 45 22
45 63 40
63 45 30
45 64 59
64 45 43
45 65 36
65 45 40
45 66 52
66 45 42
45 67 12
67 45 13
45 70 40
70 45 27
45 71 40
71 45 27
45 72 27
72 45 34
45 73 34
73 45 24
45 75 13
75 45 12
46 47 32
47 46 27
46 48 20
48 46 21
46 49 49
49 46 39
46 50 51
50 46 39
46 52 4
52 46 5
46 55 47
55 46 50
46 56 62
56 46 48
46 59 37
59 46 29
46 60 53
60 46 40
46 61 29
61 46 39
46 62 39
62 46 30
46 63 25
63 46 33
46 64 69
64 46 51
46 65 27
65 46 28
46 66 25
66 46 31
46 67 8
67 46 6
46 70 45
70 46 37
46 71 53
71 46 38
46 72 19
72 46 24
46 73 26
73 46 30
46 75 8
75 46 12
47 48 8
48 47 6
47 49 56
49 47 44
47 50 80
50 47 54
47 52 27
52 47 23
47 55 53
55 47 68
47 56 55
56 47 45
47 59 43
59 47 53
47 60 24
60 47 18
47 61 23
61 47 17
47 62 29
62 47 21
47 63 34
63 47 34
47 64 24
64 47 36
47 65 31
65 47 55
47 66 43
66 47 57
47 67 31
67 47 27
47 70 19
70 47 17
47 71 9
71 47 13
47 72 49
72 47 47
47 73 27
73 47 25
47 75 32
75 47 24
48 49 20
49 48 40
48 50 43
50 48 48
48 52 11
52 48 18
48 55 55
55 48 62
48 56 31
56 48 42
48 59 62
59 48 48
48 60 26
60 48 23
48 61 16
61 48 19
48 62 24
62 48 18
48 63 15
63 48 29
48 64 36
64 48 37
48 65 55
65 48 49
48 66 74
66 48 52
48 67 19
67 48 21
48 70 18
70 48 22
48 71 26
71 48 19
48 72 60
72 48 41
48 73 25
73 48 21
48 75 17
75 48 18
49 50 26
50 49 18
49 52 61
52 49 42
49 55 37
55 49 32
49 56 19
56 49 14
49 59 89
59 49 64
49 60 57
60 49 62
49 61 46
61 49 40
49 62 23
62 49 25
49 63 16
63 49 11
49 64 38
64 49 33
49 65 28
65 49 50
49 66 52
66 49 56
49 67 22
67 49 33
49 70 75
70 49 62
49 71 68
71 49 57
49 72 45
72 49 32
49 73 10
73 49 20
49 75 26
75 49 28
50 52 64
52 50 43
50 55 12
55 50 15
50 56 47
56 50 32
50 59 52
59 50 55
50 60 37
60 50 71
50 61 63
61 50 54
50 62 45
62 50 39
50 63 18
63 50 26
50 64 37
64 50 51
50 65 39
65 50 38
50 66 60
66 50 45
50 67 37
67 50 33
50 70 47
70 50 70
50 71 57
71 50 67
50 72 11
72 50 20
50 73 30
73 50 34
50 75 26
75 50 31
52 55 54
55 52 54
52 56 58
56 52 50
52 59 41
59 52 31
52 60 27
60 52 35
52 61 28
61 52 37
52 62 34
62 52 30
52 63 18
63 52 35
52 64 66
64 52 51
52 65 32
65 52 32
52 66 29
66 52 34
52 67 6
67 52 10
52 70 45
70 52 32
52 71 18
71 52 33
52 72 38
72 52 29
52 73 15
73 52 30
52 75 8
75 52 14
55 56 27
56 55 45
55 59 70
59 55 60
55 60 119
60 55 85
55 61 83
61 55 69
55 62 78
62 55 54
55 63 33
63 55 41
55 64 34
64 55 65
55 65 27
65 55 40
55 66 47
66 55 47
55 67 32
67 55 45
55 70 122
70 55 84
55 71 108
71 55 81
55 72 28
72 55 27
55 73 57
73 55 49
55 75 59
75 55 45
56 59 78
59 56 75
56 60 62
60 56 62
56 61 26
61 56 36
56 62 20
62 56 25
56 63 18
63 56 15
56 64 29
64 56 22
56 65 76
65 56 63
56 66 82
66 56 69
56 67 45
67 56 43
56 70 92
70 56 62
56 71 57
71 56 57
56 72 65
72 56 45
56 73 25
73 56 21
56 75 52
75 56 36
59 60 71
60 59 60
59 61 69
61 59 67
59 62 39
62 59 59
59 63 30
63 59 60
59 64 97
64 59 80
59 65 25
65 59 21
59 66 22
66 59 15
59 67 31
67 59 33
59 70 39
70 59 56
59 71 42
71 59 60
59 72 41
72 59 35
59 73 51
73 59 58
59 75 58
75 59 40
60 61 17
61 60 28
60 62 50
62 60 38
60 63 55
63 60 51
60 64 57
64 60 49
60 65 82
65 60 67
60 66 42
66 60 68
60 67 21
67 60 42
60 70 2
70 60 4
60 71 5
71 60 5
60 72 55
72 60 63
60 73 30
73 60 42
60 75 45
75 60 41
61 62 9
62 61 15
61 63 34
63 61 29
61 64 20
64 61 21
61 65 56
65 61 66
61 66 37
66 61 69
61 67 30
67 61 37
61 70 32
70 61 30
61 71 24
71 61 23
61 72 60
72 61 54
61 73 15
73 61 20
61 75 16
75 61 31
62 63 20
63 62 14
62 64 16
64 62 21
62 65 37
65 62 54
62 66 30
66 62 59
62 67 25
67 62 27
62 70 31
70 62 38
62 71 27
71 62 33
62 72 38
72 62 40
62 73 7
73 62 5
62 75 13
75 62 19
63 64 25
64 63 25
63 65 36
65 63 50
63 66 73
66 63 56
63 67 25
67 63 28
63 70 74
70 63 51
63 71 41
71 63 46
63 72 35
72 63 34
63 73 8
73 63 9
63 75 23
75 63 21
64 65 95
65 64 74
64 66 54
66 64 79
64 67 25
67 64 48
64 70 31
70 64 51
64 71 41
71 64 44
64 72 46
72 64 59
64 73 18
73 64 22
64 75 35
75 64 40
65 66 8
66 65 7
65 67 22
67 65 28
65 70 70
70 65 64
65 71 50
71 65 66
65 72 22
72 65 18
65 73 34
73 65 51
65 75 42
75 65 34
66 67 43
67 66 32
66 70 73
70 66 65
66 71 76
71 66 67
66 72 32
72 66 25
66 73 41
73 66 57
66 75 45
75 66 39
67 70 49
70 67 40
67 71 52
71 67 40
67 72 31
72 67 21
67 73 30
73 67 25
67 75 9
75 67 7
70 71 11
71 70 8
70 72 85
72 70 61
70 73 51
73 70 42
70 75 54
75 70 39
71 72 37
72 71 60
71 73 50
73 71 37
71 75 45
75 71 37
72 73 31
73 72 37
72 75 25
75 72 24
73 75 17
75 73 18
