1 25 25 0 2550

223 253

1 3 10 37 52

3 8 52 64
4 11 20 26
8 11 31 62
9 10 52 33
11 10 42 41
13 11 5 25
14 8 12 42
17 10 27 23
18 10 17 33
21 10 62 42
23 12 16 57
24 10 8 52
25 9 7 38
27 11 30 48
31 9 37 69
33 8 46 10
34 12 61 33
39 11 59 15
41 12 10 17
42 8 21 10
43 12 5 64
46 12 32 39
47 8 25 32
48 10 25 55
49 8 48 28
2 10 49 49
5 10 40 30
6 11 21 47
7 8 17 63
10 11 51 21
12 10 31 32
15 10 36 16
16 11 52 41
19 11 13 13
20 10 57 58
22 8 42 57
26 12 27 68
28 9 43 67
29 11 58 48
30 10 58 27
32 12 38 46
35 9 62 63
36 11 63 69
37 12 32 22
38 11 45 35
40 9 5 6
44 9 30 15
45 11 39 10
50 10 56 37
51 8 30 40


1 3 13
3 1 19
1 4 26
4 1 31
1 8 11
8 1 12
1 9 18
9 1 24
1 11 16
11 1 12
1 13 56
13 1 42
1 14 21
14 1 27
1 17 26
17 1 31
1 18 41
18 1 28
1 21 35
21 1 27
1 23 18
23 1 22
1 24 31
24 1 29
1 25 45
25 1 33
1 27 9
27 1 8
1 31 24
31 1 17
1 33 51
33 1 43
1 34 31
34 1 31
1 39 42
39 1 43
1 41 37
41 1 44
1 42 48
42 1 45
1 43 24
43 1 34
1 46 11
46 1 14
1 47 21
47 1 23
1 48 15
48 1 12
1 49 30
49 1 26
1 2 17
2 1 12
1 5 25
5 1 22
1 6 20
6 1 17
1 7 18
7 1 23
1 10 40
10 1 34
1 12 21
12 1 21
1 15 32
15 1 36
1 16 13
16 1 19
1 19 47
19 1 46
1 20 18
20 1 21
1 22 10
22 1 7
1 26 16
26 1 19
1 28 10
28 1 16
1 29 23
29 1 21
1 30 25
30 1 32
1 32 6
32 1 6
1 35 14
35 1 27
1 36 17
36 1 31
1 37 31
37 1 30
1 38 14
38 1 19
1 40 60
40 1 56
1 44 40
44 1 37
1 45 56
45 1 42
1 50 26
50 1 24
1 51 18
51 1 14
3 4 58
4 3 50
3 8 30
8 3 21
3 9 28
9 3 31
3 11 15
11 3 25
3 13 45
13 3 61
3 14 49
14 3 45
3 17 68
17 3 48
3 18 43
18 3 47
3 21 29
21 3 24
3 23 47
23 3 37
3 24 43
24 3 46
3 25 58
25 3 51
3 27 40
27 3 27
3 31 8
31 3 15
3 33 62
33 3 54
3 34 38
34 3 32
3 39 61
39 3 49
3 41 75
41 3 63
3 42 76
42 3 62
3 43 30
43 3 47
3 46 17
46 3 32
3 47 54
47 3 42
3 48 35
48 3 28
3 49 43
49 3 36
3 2 19
2 3 15
3 5 32
5 3 36
3 6 49
6 3 35
3 7 51
7 3 35
3 10 62
10 3 43
3 12 47
12 3 38
3 15 45
15 3 51
3 16 13
16 3 23
3 19 76
19 3 64
3 20 7
20 3 8
3 22 8
22 3 12
3 26 29
26 3 25
3 28 10
28 3 9
3 29 15
29 3 17
3 30 24
30 3 37
3 32 15
32 3 23
3 35 6
35 3 10
3 36 11
36 3 12
3 37 37
37 3 46
3 38 15
38 3 30
3 40 90
40 3 75
3 44 45
44 3 53
3 45 36
45 3 56
3 50 28
50 3 27
3 51 38
51 3 33
4 8 32
8 4 38
4 9 21
9 4 32
4 11 22
11 4 27
4 13 13
13 4 15
4 14 22
14 4 18
4 17 10
17 4 8
4 18 4
18 4 8
4 21 62
21 4 45
4 23 32
23 4 31
4 24 20
24 4 29
4 25 24
25 4 18
4 27 31
27 4 24
4 31 35
31 4 46
4 33 24
33 4 31
4 34 31
34 4 41
4 39 60
39 4 41
4 41 11
41 4 13
4 42 13
42 4 16
4 43 27
43 4 41
4 46 15
46 4 18
4 47 6
47 4 8
4 48 21
48 4 29
4 49 32
49 4 28
4 2 22
2 4 37
4 5 25
5 4 20
4 6 15
6 4 21
4 7 52
7 4 37
4 10 46
10 4 31
4 12 16
12 4 13
4 15 19
15 4 19
4 16 28
16 4 35
4 19 12
19 4 15
4 20 55
20 4 49
4 22 50
22 4 38
4 26 24
26 4 43
4 28 34
28 4 47
4 29 59
29 4 44
4 30 19
30 4 38
4 32 40
32 4 27
4 35 52
35 4 56
4 36 50
36 4 61
4 37 19
37 4 13
4 38 23
38 4 27
4 40 18
40 4 25
4 44 15
44 4 15
4 45 20
45 4 25
4 50 23
50 4 37
4 51 15
51 4 17
8 9 22
9 8 36
8 11 29
11 8 24
8 13 49
13 8 45
8 14 26
14 8 28
8 17 48
17 8 39
8 18 33
18 8 32
8 21 49
21 8 37
8 23 9
23 8 16
8 24 33
24 8 25
8 25 43
25 8 34
8 27 18
27 8 14
8 31 12
31 8 9
8 33 28
33 8 54
8 34 58
34 8 42
8 39 75
39 8 54
8 41 71
41 8 49
8 42 38
42 8 53
8 43 37
43 8 26
8 46 28
46 8 23
8 47 40
47 8 31
8 48 11
48 8 9
8 49 23
49 8 38
8 2 11
2 8 22
8 5 40
5 8 33
8 6 18
6 8 18
8 7 9
7 8 14
8 10 61
10 8 46
8 12 38
12 8 30
8 15 54
15 8 46
8 16 21
16 8 30
8 19 39
19 8 52
8 20 17
20 8 26
8 22 7
22 8 12
8 26 9
26 8 7
8 28 13
28 8 13
8 29 29
29 8 30
8 30 46
30 8 44
8 32 24
32 8 17
8 35 37
35 8 31
8 36 43
36 8 33
8 37 46
37 8 40
8 38 19
38 8 30
8 40 91
40 8 62
8 44 58
44 8 47
8 45 71
45 8 53
8 50 35
50 8 35
8 51 22
51 8 22
9 11 13
11 9 13
9 13 30
13 9 48
9 14 39
14 9 41
9 17 21
17 9 27
9 18 50
18 9 35
9 21 11
21 9 13
9 23 36
23 9 43
9 24 59
24 9 48
9 25 25
25 9 45
9 27 38
27 9 27
9 31 22
31 9 39
9 33 14
33 9 24
9 34 13
34 9 9
9 39 14
39 9 19
9 41 66
41 9 45
9 42 55
42 9 39
9 43 63
43 9 56
9 46 23
46 9 21
9 47 32
47 9 27
9 48 40
48 9 35
9 49 5
49 9 6
9 2 16
2 9 16
9 5 17
5 9 12
9 6 24
6 9 34
9 7 33
7 9 46
9 10 13
10 9 12
9 12 24
12 9 21
9 15 25
15 9 23
9 16 9
16 9 8
9 19 30
19 9 44
9 20 33
20 9 25
9 22 30
22 9 26
9 26 24
26 9 43
9 28 31
28 9 35
9 29 19
29 9 16
9 30 10
30 9 8
9 32 16
32 9 19
9 35 42
35 9 32
9 36 48
36 9 38
9 37 29
37 9 23
9 38 5
38 9 7
9 40 73
40 9 54
9 44 40
44 9 28
9 45 21
45 9 26
9 50 4
50 9 6
9 51 23
51 9 23
11 13 22
13 11 40
11 14 30
14 11 30
11 17 34
17 11 23
11 18 38
18 11 26
11 21 19
21 11 20
11 23 19
23 11 31
11 24 44
24 11 36
11 25 36
25 11 35
11 27 20
27 11 14
11 31 17
31 11 28
11 33 40
33 11 31
11 34 18
34 11 21
11 39 24
39 11 31
11 41 31
41 11 40
11 42 29
42 11 37
11 43 55
43 11 44
11 46 5
46 11 10
11 47 26
47 11 19
11 48 23
48 11 22
11 49 7
49 11 14
11 2 7
2 11 11
11 5 11
5 11 11
11 6 16
6 11 22
11 7 43
7 11 33
11 10 21
10 11 22
11 12 14
12 11 14
11 15 26
15 11 26
11 16 12
16 11 10
11 19 53
19 11 40
11 20 33
20 11 23
11 22 20
22 11 16
11 26 20
26 11 31
11 28 22
28 11 26
11 29 10
29 11 17
11 30 15
30 11 21
11 32 3
32 11 6
11 35 28
35 11 30
11 36 29
36 11 35
11 37 20
37 11 21
11 38 4
38 11 7
11 40 38
40 11 51
11 44 27
44 11 28
11 45 16
45 11 31
11 50 15
50 11 15
11 51 15
51 11 12
13 14 20
14 13 18
13 17 14
17 13 22
13 18 16
18 13 14
13 21 40
21 13 59
13 23 43
23 13 34
13 24 25
24 13 27
13 25 16
25 13 13
13 27 41
27 13 34
13 31 46
31 13 54
13 33 26
33 13 44
13 34 71
34 13 57
13 39 59
39 13 55
13 41 10
41 13 9
13 42 22
42 13 22
13 43 20
43 13 39
13 46 39
46 13 30
13 47 30
47 13 21
13 48 21
48 13 36
13 49 61
49 13 43
13 2 51
2 13 50
13 5 33
5 13 35
13 6 23
6 13 27
13 7 59
7 13 40
13 10 26
10 13 46
13 12 31
12 13 27
13 15 36
15 13 32
13 16 51
16 13 50
13 19 11
19 13 14
13 20 52
20 13 61
13 22 32
22 13 49
13 26 55
26 13 48
13 28 61
28 13 57
13 29 32
29 13 58
13 30 46
30 13 53
13 32 56
32 13 39
13 35 42
35 13 68
13 36 68
36 13 72
13 37 25
37 13 27
13 38 47
38 13 41
13 40 20
40 13 19
13 44 19
44 13 27
13 45 53
45 13 37
13 50 46
50 13 52
13 51 19
51 13 29
14 17 21
17 14 24
14 18 5
18 14 10
14 21 28
21 14 50
14 23 19
23 14 16
14 24 6
24 14 11
14 25 8
25 14 6
14 27 11
27 14 19
14 31 49
31 14 37
14 33 45
33 14 47
14 34 50
34 14 50
14 39 51
39 14 54
14 41 37
41 14 25
14 42 36
42 14 33
14 43 16
43 14 23
14 46 19
46 14 20
14 47 13
47 14 16
14 48 18
48 14 18
14 49 33
49 14 39
14 2 24
2 14 38
14 5 39
5 14 30
14 6 7
6 14 10
14 7 19
7 14 22
14 10 65
10 14 44
14 12 27
12 14 21
14 15 46
15 14 35
14 16 27
16 14 40
14 19 23
19 14 29
14 20 29
20 14 48
14 22 45
22 14 34
14 26 25
26 14 30
14 28 29
28 14 40
14 29 43
29 14 46
14 30 59
30 14 48
14 32 38
32 14 26
14 35 39
35 14 54
14 36 83
36 14 58
14 37 33
37 14 28
14 38 48
38 14 34
14 40 27
40 14 37
14 44 32
44 14 32
14 45 52
45 14 42
14 50 55
50 14 44
14 51 26
51 14 18
17 18 11
18 17 14
17 21 29
21 17 40
17 23 41
23 17 36
17 24 27
24 17 35
17 25 28
25 17 25
17 27 33
27 17 25
17 31 48
31 17 47
17 33 22
33 17 23
17 34 45
34 17 35
17 39 43
39 17 33
17 41 13
41 17 18
17 42 18
42 17 14
17 43 65
43 17 47
17 46 15
46 17 17
17 47 7
47 17 9
17 48 44
48 17 32
17 49 14
49 17 22
17 2 36
2 17 34
17 5 22
5 17 15
17 6 37
6 17 25
17 7 51
7 17 41
17 10 20
10 17 24
17 12 6
12 17 10
17 15 7
15 17 11
17 16 26
16 17 31
17 19 19
19 17 17
17 20 63
20 17 46
17 22 27
22 17 37
17 26 59
26 17 45
17 28 58
28 17 47
17 29 45
29 17 40
17 30 42
30 17 31
17 32 37
32 17 25
17 35 75
35 17 53
17 36 38
36 17 58
17 37 7
37 17 5
17 38 31
38 17 22
17 40 29
40 17 28
17 44 11
44 17 9
17 45 22
45 17 18
17 50 40
50 17 32
17 51 21
51 17 17
18 21 48
21 18 46
18 23 26
23 18 24
18 24 14
24 18 21
18 25 16
25 18 11
18 27 23
27 18 20
18 31 35
31 18 41
18 33 36
33 18 37
18 34 37
34 18 44
18 39 28
39 18 46
18 41 23
41 18 17
18 42 29
42 18 23
18 43 23
43 18 33
18 46 8
46 18 16
18 47 6
47 18 8
18 48 28
48 18 23
18 49 18
49 18 31
18 2 27
2 18 36
18 5 12
5 18 23
18 6 18
6 18 15
18 7 37
7 18 30
18 10 39
10 18 36
18 12 17
12 18 14
18 15 21
15 18 25
18 16 39
16 18 36
18 19 13
19 18 20
18 20 54
20 18 47
18 22 26
22 18 35
18 26 23
26 18 36
18 28 41
28 18 43
18 29 50
29 18 44
18 30 60
30 18 41
18 32 13
32 18 25
18 35 68
35 18 54
18 36 42
36 18 58
18 37 13
37 18 19
18 38 20
38 18 28
18 40 34
40 18 30
18 44 17
44 18 22
18 45 34
45 18 32
18 50 40
50 18 39
18 51 14
51 18 15
21 23 62
23 21 48
21 24 61
24 21 55
21 25 74
25 21 55
21 27 17
27 21 33
21 31 31
31 21 37
21 33 51
33 21 36
21 34 7
34 21 9
21 39 19
39 21 27
21 41 85
41 21 57
21 42 27
42 21 52
21 43 34
43 21 61
21 46 44
46 21 30
21 47 52
47 21 38
21 48 36
48 21 39
21 49 28
49 21 20
21 2 14
2 21 15
21 5 30
5 21 25
21 6 58
6 21 41
21 7 55
7 21 50
21 10 32
10 21 24
21 12 49
12 21 33
21 15 46
15 21 37
21 16 9
16 21 10
21 19 30
19 21 57
21 20 18
20 21 17
21 22 28
22 21 25
21 26 60
26 21 44
21 28 25
28 21 31
21 29 6
29 21 7
21 30 12
30 21 16
21 32 13
32 21 24
21 35 16
35 21 21
21 36 36
36 21 27
21 37 46
37 21 36
21 38 19
38 21 18
21 40 80
40 21 67
21 44 29
44 21 42
21 45 43
45 21 39
21 50 5
50 21 8
21 51 24
51 21 32
23 24 6
24 23 9
23 25 17
25 23 21
23 27 20
27 23 17
23 31 18
31 23 24
23 33 64
33 23 56
23 34 71
34 23 51
23 39 69
39 23 60
23 41 41
41 23 40
23 42 61
42 23 47
23 43 9
43 23 13
23 46 22
46 23 24
23 47 20
47 23 27
23 48 13
48 23 9
23 49 23
49 23 43
23 2 50
2 23 34
23 5 23
5 23 36
23 6 11
6 23 11
23 7 3
7 23 6
23 10 70
10 23 50
23 12 18
12 23 29
23 15 45
15 23 46
23 16 56
16 23 39
23 19 29
19 23 44
23 20 50
20 23 41
23 22 37
22 23 26
23 26 10
26 23 16
23 28 39
28 23 29
23 29 57
29 23 43
23 30 70
30 23 52
23 32 17
32 23 25
23 35 57
35 23 46
23 36 68
36 23 49
23 37 20
37 23 38
23 38 41
38 23 36
23 40 48
40 23 52
23 44 65
44 23 44
23 45 75
45 23 52
23 50 36
50 23 45
23 51 11
51 23 22
24 25 12
25 24 14
24 27 29
27 24 22
24 31 33
31 24 34
24 33 46
33 24 57
24 34 54
34 24 56
24 39 91
39 24 63
24 41 25
41 24 35
24 42 24
42 24 44
24 43 12
43 24 12
24 46 38
46 24 27
24 47 37
47 24 26
24 48 18
48 24 17
24 49 59
49 24 46
24 2 46
2 24 41
24 5 46
5 24 39
24 6 13
6 24 14
24 7 9
7 24 14
24 10 44
10 24 53
24 12 41
12 24 30
24 15 56
15 24 46
24 16 51
16 24 45
24 19 48
19 24 39
24 20 38
20 24 49
24 22 19
22 24 34
24 26 13
26 24 25
24 28 36
28 24 38
24 29 73
29 24 50
24 30 62
30 24 56
24 32 23
32 24 30
24 35 31
35 24 55
24 36 82
36 24 58
24 37 26
37 24 38
24 38 56
38 24 41
24 40 55
40 24 46
24 44 24
44 24 43
24 45 31
45 24 52
24 50 36
50 24 50
24 51 37
51 24 25
25 27 18
27 25 25
25 31 35
31 25 43
25 33 53
33 25 48
25 34 54
34 25 54
25 39 69
39 25 57
25 41 14
41 25 21
25 42 40
42 25 31
25 43 14
43 25 26
25 46 23
46 25 25
25 47 28
47 25 19
25 48 25
48 25 25
25 49 41
49 25 42
25 2 45
2 25 43
25 5 20
5 25 34
25 6 8
6 25 16
25 7 19
7 25 27
25 10 30
10 25 47
25 12 34
12 25 25
25 15 39
15 25 36
25 16 37
16 25 45
25 19 20
19 25 26
25 20 78
20 25 54
25 22 39
22 25 40
25 26 43
26 25 36
25 28 47
28 25 46
25 29 29
29 25 52
25 30 66
30 25 52
25 32 45
32 25 32
25 35 39
35 25 60
25 36 79
36 25 64
25 37 34
37 25 30
25 38 31
38 25 38
25 40 46
40 25 32
25 44 17
44 25 33
25 45 23
45 25 43
25 50 27
50 25 49
25 51 33
51 25 23
27 31 13
31 27 22
27 33 59
33 27 41
27 34 41
34 27 34
27 39 52
39 27 44
27 41 39
41 27 37
27 42 50
42 27 39
27 43 37
43 27 30
27 46 9
46 27 9
27 47 12
47 27 17
27 48 5
48 27 9
27 49 22
49 27 27
27 2 21
2 27 19
27 5 28
5 27 21
27 6 5
6 27 9
27 7 12
7 27 20
27 10 47
10 27 34
27 12 12
12 27 16
27 15 28
15 27 33
27 16 18
16 27 23
27 19 49
19 27 39
27 20 15
20 27 29
27 22 14
22 27 15
27 26 17
26 27 20
27 28 18
28 27 23
27 29 22
29 27 28
27 30 35
30 27 35
27 32 7
32 27 8
27 35 19
35 27 35
27 36 55
36 27 39
27 37 22
37 27 26
27 38 28
38 27 20
27 40 33
40 27 49
27 44 24
44 27 33
27 45 49
45 27 39
27 50 26
50 27 28
27 51 9
51 27 8
31 33 33
33 31 60
31 34 47
34 31 43
31 39 67
39 31 58
31 41 71
41 31 59
31 42 84
42 31 61
31 43 34
43 31 32
31 46 32
46 31 30
31 47 42
47 31 39
31 48 23
48 31 18
31 49 37
49 31 42
31 2 28
2 31 23
31 5 21
5 31 39
31 6 24
6 31 27
31 7 23
7 31 21
31 10 25
10 31 50
31 12 37
12 31 37
31 15 49
15 31 53
31 16 25
16 31 32
31 19 54
19 31 61
31 20 16
20 31 23
31 22 10
22 31 13
31 26 6
26 31 10
31 28 8
28 31 6
31 29 15
29 31 30
31 30 53
30 31 47
31 32 19
32 31 23
31 35 14
35 31 26
31 36 30
36 31 26
31 37 30
37 31 47
31 38 20
38 31 35
31 40 102
40 31 71
31 44 69
44 31 54
31 45 48
45 31 59
31 50 46
50 31 37
31 51 28
51 31 30
33 34 39
34 33 27
33 39 19
39 33 14
33 41 51
41 33 37
33 42 22
42 33 25
33 43 80
43 33 68
33 46 35
46 33 32
33 47 33
47 33 30
33 48 70
48 33 49
33 49 21
49 33 18
33 2 47
2 33 39
33 5 13
5 33 21
33 6 40
6 33 45
33 7 79
7 33 60
33 10 11
10 33 12
33 12 40
12 33 27
33 15 15
15 33 12
33 16 34
16 33 32
33 19 35
19 33 33
33 20 61
20 33 49
33 22 69
22 33 47
33 26 77
26 33 61
33 28 67
28 33 57
33 29 42
29 33 40
33 30 26
30 33 21
33 32 35
32 33 37
33 35 36
35 33 55
33 36 88
36 33 61
33 37 22
37 33 18
33 38 27
38 33 25
33 40 58
40 33 41
33 44 9
44 33 17
33 45 4
45 33 7
33 50 20
50 33 29
33 51 20
51 33 34
34 39 21
39 34 18
34 41 79
41 34 53
34 42 51
42 34 46
34 43 65
43 34 64
34 46 35
46 34 30
34 47 25
47 34 36
34 48 43
48 34 42
34 49 10
49 34 14
34 2 13
2 34 20
34 5 27
5 34 21
34 6 49
6 34 42
34 7 50
7 34 53
34 10 8
10 34 16
34 12 40
12 34 30
34 15 25
15 34 30
34 16 9
16 34 12
34 19 28
19 34 52
34 20 16
20 34 25
34 22 18
22 34 31
34 26 49
26 34 49
34 28 43
28 34 38
34 29 19
29 34 15
34 30 5
30 34 7
34 32 19
32 34 26
34 35 33
35 34 30
34 36 33
36 34 36
34 37 44
37 34 31
34 38 20
38 34 16
34 40 36
40 34 62
34 44 51
44 34 36
34 45 26
45 34 32
34 50 3
50 34 6
34 51 42
51 34 32
39 41 32
41 39 49
39 42 55
42 39 38
39 43 102
43 39 73
39 46 18
46 39 36
39 47 49
47 39 38
39 48 40
48 39 52
39 49 15
49 39 17
39 2 43
2 39 35
39 5 20
5 39 24
39 6 61
6 39 50
39 7 78
7 39 64
39 10 12
10 39 10
39 12 30
12 39 33
39 15 21
15 39 23
39 16 39
16 39 27
39 19 64
19 39 46
39 20 46
20 39 43
39 22 34
22 39 45
39 26 73
26 39 62
39 28 45
28 39 54
39 29 33
29 39 33
39 30 7
30 39 12
39 32 40
32 39 37
39 35 57
35 39 48
39 36 59
36 39 54
39 37 19
37 39 28
39 38 12
38 39 24
39 40 41
40 39 55
39 44 39
44 39 29
39 45 15
45 39 21
39 50 15
50 39 22
39 51 38
51 39 38
41 42 11
42 41 13
41 43 35
43 41 47
41 46 21
46 41 31
41 47 25
47 41 21
41 48 54
48 41 41
41 49 54
49 41 40
41 2 44
2 41 50
41 5 45
5 41 33
41 6 19
6 41 32
41 7 62
7 41 46
41 10 38
10 41 41
41 12 15
12 41 26
41 15 36
15 41 26
41 16 58
16 41 48
41 19 6
19 41 5
41 20 79
20 41 62
41 22 31
22 41 51
41 26 56
26 41 54
41 28 68
28 41 60
41 29 35
29 41 57
41 30 30
30 41 49
41 32 25
32 41 40
41 35 64
35 41 69
41 36 71
36 41 74
41 37 33
37 41 23
41 38 43
38 41 39
41 40 13
40 41 12
41 44 26
44 41 20
41 45 37
45 41 30
41 50 35
50 41 50
41 51 16
51 41 30
42 43 69
43 42 56
42 46 44
46 42 31
42 47 12
47 42 22
42 48 66
48 42 45
42 49 20
49 42 32
42 2 69
2 42 48
42 5 32
5 42 27
42 6 33
6 42 37
42 7 67
7 42 53
42 10 21
10 42 32
42 12 16
12 42 24
42 15 21
15 42 16
42 16 64
16 42 44
42 19 9
19 42 9
42 20 82
20 42 60
42 22 33
22 42 51
42 26 66
26 42 58
42 28 57
28 42 61
42 29 60
29 42 53
42 30 40
30 42 41
42 32 39
32 42 40
42 35 48
35 42 67
42 36 46
36 42 72
42 37 19
37 42 16
42 38 51
38 42 35
42 40 19
40 42 16
42 44 11
44 42 10
42 45 15
45 42 18
42 50 35
50 42 44
42 51 39
51 42 31
43 46 37
46 43 37
43 47 40
47 43 38
43 48 16
48 43 22
43 49 66
49 43 56
43 2 54
2 43 46
43 5 35
5 43 48
43 6 25
6 43 23
43 7 14
7 43 12
43 10 59
10 43 63
43 12 49
12 43 41
43 15 68
15 43 57
43 16 57
16 43 52
43 19 64
19 43 51
43 20 63
20 43 52
43 22 42
22 43 38
43 26 11
26 43 22
43 28 49
28 43 38
43 29 36
29 43 55
43 30 67
30 43 64
43 32 33
32 43 38
43 35 41
35 43 57
43 36 72
36 43 58
43 37 34
37 43 50
43 38 38
38 43 49
43 40 70
40 43 58
43 44 44
44 43 55
43 45 48
45 43 64
43 50 31
50 43 58
43 51 31
51 43 35
46 47 14
47 46 10
46 48 11
48 46 17
46 49 23
49 46 19
46 2 21
2 46 20
46 5 13
5 46 12
46 6 17
6 46 14
46 7 29
7 46 28
46 10 28
10 46 26
46 12 6
12 46 7
46 15 25
15 46 23
46 16 24
16 46 20
46 19 32
19 46 32
46 20 23
20 46 31
46 22 30
22 46 21
46 26 35
26 46 29
46 28 32
28 46 30
46 29 26
29 46 28
46 30 27
30 46 29
46 32 7
32 46 9
46 35 37
35 46 38
46 36 24
36 46 43
46 37 19
37 46 17
46 38 10
38 46 14
46 40 44
40 46 43
46 44 33
44 46 24
46 45 36
45 46 30
46 50 35
50 46 24
46 51 2
51 46 2
47 48 31
48 47 23
47 49 13
49 47 23
47 2 35
2 47 29
47 5 20
5 47 15
47 6 16
6 47 16
47 7 17
7 47 32
47 10 22
10 47 28
47 12 6
12 47 6
47 15 21
15 47 19
47 16 14
16 47 28
47 19 25
19 47 22
47 20 23
20 47 41
47 22 34
22 47 30
47 26 37
26 47 36
47 28 32
28 47 39
47 29 38
29 47 37
47 30 48
30 47 33
47 32 21
32 47 19
47 35 47
35 47 48
47 36 70
36 47 53
47 37 17
37 47 12
47 38 12
38 47 20
47 40 35
40 47 33
47 44 22
44 47 18
47 45 18
45 47 26
47 50 16
50 47 31
47 51 11
51 47 9
48 49 26
49 48 35
48 2 28
2 48 25
48 5 25
5 48 29
48 6 5
6 48 9
48 7 9
7 48 11
48 10 27
10 48 43
48 12 19
12 48 24
48 15 20
15 48 40
48 16 20
16 48 30
48 19 27
19 48 44
48 20 17
20 48 32
48 22 19
22 48 17
48 26 8
26 48 13
48 28 23
28 48 22
48 29 48
29 48 34
48 30 39
30 48 43
48 32 13
32 48 16
48 35 21
35 48 38
48 36 38
36 48 40
48 37 36
37 48 34
48 38 24
38 48 28
48 40 76
40 48 53
48 44 29
44 48 40
48 45 63
45 48 47
48 50 37
50 48 36
48 51 9
51 48 16
49 2 24
2 49 21
49 5 8
5 49 8
49 6 26
6 49 33
49 7 48
7 49 46
49 10 9
10 49 8
49 12 22
12 49 17
49 15 19
15 49 17
49 16 18
16 49 14
49 19 37
19 49 38
49 20 42
20 49 31
49 22 20
22 49 30
49 26 42
26 49 45
49 28 49
28 49 39
49 29 16
29 49 22
49 30 14
30 49 10
49 32 28
32 49 21
49 35 30
35 49 38
49 36 27
36 49 44
49 37 13
37 49 17
49 38 7
38 49 8
49 40 35
40 49 48
49 44 29
44 49 22
49 45 17
45 49 20
49 50 11
50 49 12
49 51 32
51 49 22
2 5 23
5 2 21
2 6 28
6 2 28
2 7 29
7 2 35
2 10 33
10 2 28
2 12 32
12 2 25
2 15 34
15 2 35
2 16 7
16 2 9
2 19 57
19 2 51
2 20 12
20 2 12
2 22 8
22 2 11
2 26 18
26 2 29
2 28 26
28 2 19
2 29 13
29 2 9
2 30 29
30 2 24
2 32 16
32 2 11
2 35 21
35 2 19
2 36 33
36 2 24
2 37 25
37 2 32
2 38 14
38 2 15
2 40 41
40 2 62
2 44 30
44 2 39
2 45 32
45 2 40
2 50 20
50 2 14
2 51 23
51 2 21
5 6 17
6 5 25
5 7 28
7 5 40
5 10 7
10 5 14
5 12 13
12 5 9
5 15 17
15 5 15
5 16 19
16 5 16
5 19 44
19 5 32
5 20 33
20 5 33
5 22 30
22 5 27
5 26 30
26 5 40
5 28 48
28 5 37
5 29 18
29 5 25
5 30 10
30 5 18
5 32 13
32 5 16
5 35 50
35 5 40
5 36 46
36 5 45
5 37 14
37 5 11
5 38 6
38 5 7
5 40 61
40 5 42
5 44 16
44 5 18
5 45 10
45 5 20
5 50 17
50 5 17
5 51 7
51 5 14
6 7 8
7 6 16
6 10 44
10 6 40
6 12 23
12 6 18
6 15 26
15 6 34
6 16 28
16 6 32
6 19 47
19 6 35
6 20 52
20 6 38
6 22 33
22 6 23
6 26 32
26 6 22
6 28 34
28 6 30
6 29 26
29 6 37
6 30 39
30 6 42
6 32 21
32 6 17
6 35 59
35 6 44
6 36 45
36 6 47
6 37 39
37 6 27
6 38 30
38 6 27
6 40 29
40 6 44
6 44 33
44 6 33
6 45 51
45 6 41
6 50 36
50 6 36
6 51 11
51 6 11
7 10 66
10 7 54
7 12 23
12 7 34
7 15 27
15 7 51
7 16 28
16 7 41
7 19 28
19 7 50
7 20 36
20 7 40
7 22 18
22 7 26
7 26 13
26 7 11
7 28 36
28 7 26
7 29 57
29 7 44
7 30 50
30 7 54
7 32 22
32 7 27
7 35 56
35 7 45
7 36 42
36 7 46
7 37 33
37 7 44
7 38 43
38 7 40
7 40 62
40 7 58
7 44 27
44 7 50
7 45 68
45 7 57
7 50 42
50 7 47
7 51 18
51 7 26
10 12 25
12 10 23
10 15 8
15 10 16
10 16 12
16 10 20
10 19 52
19 10 39
10 20 27
20 10 37
10 22 46
22 10 37
10 26 73
26 10 53
10 28 55
28 10 47
10 29 37
29 10 28
10 30 12
30 10 9
10 32 38
32 10 28
10 35 59
35 10 43
10 36 61
36 10 49
10 37 13
37 10 19
10 38 21
38 10 15
10 40 46
40 10 48
10 44 24
44 10 22
10 45 18
45 10 16
10 50 18
50 10 17
10 51 16
51 10 28
12 15 15
15 12 17
12 16 27
16 12 23
12 19 26
19 12 26
12 20 50
20 12 37
12 22 40
22 12 27
12 26 49
26 12 36
12 28 48
28 12 37
12 29 25
29 12 31
12 30 39
30 12 27
12 32 8
32 12 16
12 35 57
35 12 44
12 36 36
36 12 49
12 37 14
37 12 10
12 38 13
38 12 14
12 40 52
40 12 37
12 44 12
44 12 17
12 45 14
45 12 23
12 50 13
50 12 25
12 51 6
51 12 8
15 16 36
16 15 30
15 19 13
19 15 23
15 20 64
20 15 47
15 22 36
22 15 41
15 26 29
26 15 53
15 28 69
28 15 51
15 29 38
29 15 39
15 30 35
30 15 25
15 32 30
32 15 30
15 35 76
35 15 54
15 36 40
36 15 59
15 37 8
37 15 7
15 38 21
38 15 21
15 40 33
40 15 33
15 44 8
44 15 6
15 45 9
45 15 7
15 50 15
50 15 29
15 51 24
51 15 25
16 19 33
19 16 48
16 20 21
20 16 18
16 22 11
22 16 19
16 26 30
26 16 37
16 28 38
28 16 28
16 29 11
29 16 9
16 30 17
30 16 15
16 32 22
32 16 15
16 35 29
35 16 24
16 36 37
36 16 30
16 37 32
37 16 28
16 38 11
38 16 9
16 40 40
40 16 58
16 44 43
44 16 34
16 45 33
45 16 34
16 50 6
50 16 6
16 51 13
51 16 22
19 20 83
20 19 63
19 22 72
22 19 53
19 26 30
26 19 57
19 28 37
28 19 62
19 29 52
29 19 57
19 30 51
30 19 47
19 32 52
32 19 41
19 35 90
35 19 70
19 36 61
36 19 75
19 37 20
37 19 21
19 38 56
38 19 39
19 40 10
40 19 11
19 44 15
44 19 17
19 45 29
45 19 26
19 50 43
50 19 49
19 51 43
51 19 31
20 22 15
22 20 15
20 26 18
26 20 32
20 28 11
28 20 17
20 29 14
29 20 10
20 30 29
30 20 31
20 32 12
32 20 22
20 35 5
35 20 7
20 36 10
36 20 13
20 37 40
37 20 44
20 38 13
38 20 26
20 40 48
40 20 74
20 44 76
44 20 51
20 45 65
45 20 51
20 50 23
50 20 21
20 51 43
51 20 32
22 26 16
26 22 19
22 28 12
28 22 10
22 29 13
29 22 18
22 30 22
30 22 34
22 32 13
32 22 12
22 35 27
35 22 21
22 36 23
36 22 24
22 37 29
37 22 36
22 38 13
38 22 22
22 40 57
40 22 63
22 44 41
44 22 43
22 45 44
45 22 47
22 50 17
50 22 24
22 51 28
51 22 21
26 28 9
28 26 16
26 29 23
29 26 37
26 30 75
30 26 51
26 32 21
32 26 25
26 35 18
35 26 35
26 36 21
36 26 36
26 37 32
37 26 46
26 38 21
38 26 38
26 40 59
40 26 66
26 44 27
44 26 53
26 45 53
45 26 59
26 50 43
50 26 42
26 51 29
51 26 28
28 29 34
29 28 24
28 30 30
30 28 43
28 32 20
32 28 22
28 35 26
35 28 19
28 36 26
36 28 20
28 37 41
37 28 46
28 38 38
38 28 32
28 40 56
40 28 72
28 44 34
44 28 53
28 45 31
45 28 57
28 50 47
50 28 33
28 51 20
51 28 30
29 30 23
30 29 21
29 32 24
32 29 20
29 35 17
35 29 16
29 36 26
36 29 22
29 37 43
37 29 37
29 38 14
38 29 18
29 40 39
40 29 67
29 44 42
44 29 43
29 45 56
45 29 42
29 50 16
50 29 11
29 51 37
51 29 29
30 32 19
32 30 28
30 35 39
35 30 36
30 36 41
36 30 42
30 37 21
37 30 26
30 38 16
38 30 15
30 40 50
40 30 57
30 44 16
44 30 30
30 45 23
45 30 25
30 50 11
50 30 10
30 51 42
51 30 31
32 35 25
35 32 29
32 36 20
36 32 34
32 37 30
37 32 25
32 38 19
38 32 13
32 40 72
40 32 52
32 44 22
44 32 32
32 45 45
45 32 36
32 50 14
50 32 20
32 51 9
51 32 10
35 36 5
36 35 6
35 37 71
37 35 51
35 38 40
38 35 33
35 40 67
40 35 81
35 44 77
44 35 58
35 45 82
45 35 58
35 50 20
50 35 27
35 51 56
51 35 39
36 37 36
37 36 56
36 38 27
38 36 38
36 40 46
40 36 86
36 44 43
44 36 63
36 45 91
45 36 64
36 50 48
50 36 33
36 51 32
51 36 44
37 38 12
38 37 18
37 40 27
40 37 31
37 44 5
44 37 7
37 45 13
45 37 14
37 50 22
50 37 28
37 51 24
51 37 18
38 40 56
40 38 49
38 44 16
44 38 25
38 45 30
45 38 26
38 50 15
50 38 11
38 51 18
51 38 16
40 44 36
44 40 26
40 45 24
45 40 34
40 50 84
50 40 60
40 51 58
51 40 42
44 45 9
45 44 10
44 50 34
50 44 34
44 51 37
51 44 25
45 50 20
50 45 32
45 51 42
51 45 31
50 51 22
51 50 26
