1 12 13 75 10100

177 192

1 3 5 41 49

3 13 55 45
6 14 25 30
8 12 10 43
9 13 55 60
10 15 30 60
11 16 20 65
13 17 30 25
18 14 20 40
19 15 15 60
20 14 45 65
22 13 45 10
25 17 65 20
2 18 35 17
4 16 55 20
5 16 15 30
7 13 20 50
12 13 50 35
14 14 15 10
15 19 30 5
16 19 10 20
17 16 5 30
21 19 45 20
23 14 55 5
24 16 65 35
26 18 45 30

27 35 40
28 41 37
29 64 42
30 40 60
31 31 52
32 35 69
33 53 52
34 65 55
35 63 65
36 2 60
37 20 20
38 5 5
39 60 12
40 40 25
41 42 7
42 24 12
43 23 3
44 11 14
45 6 38
46 2 48
47 8 56
48 13 52
49 6 68
50 47 47
51 49 58
52 27 43
53 37 31
54 57 29
55 63 23
56 53 12
57 32 12
58 36 26
59 21 24
60 17 34
61 12 24
62 24 58
63 27 69
64 15 77
65 62 77
66 49 73
67 67 5
68 56 39
69 37 47
70 37 56
71 57 68
72 47 16
73 44 17
74 46 13
75 49 11
76 49 42
77 53 43
78 61 52
79 57 48
80 56 37
81 55 54
82 15 47
83 14 37
84 11 31
85 16 22
86 4 18
87 28 18
88 26 52
89 26 35
90 31 67
91 15 19
92 22 22
93 18 24
94 26 27
95 25 24
96 22 27
97 25 21
98 19 21
99 20 26
100 18 18
101 35 35

1 3 19
3 1 15
1 6 22
6 1 25
1 8 17
8 1 32
1 9 21
9 1 18
1 10 10
10 1 16
1 11 24
11 1 26
1 13 24
13 1 26
1 18 14
18 1 23
1 19 41
19 1 28
1 20 19
20 1 16
1 22 41
22 1 39
1 25 45
25 1 38
1 2 45
2 1 33
1 4 29
4 1 32
1 5 22
5 1 32
1 7 19
7 1 21
1 12 24
12 1 17
1 14 60
14 1 47
1 15 40
15 1 45
1 16 46
16 1 42
1 17 24
17 1 41
1 21 17
21 1 29
1 23 32
23 1 46
1 24 35
24 1 28
1 26 10
26 1 19
1 27 11
27 1 11
1 28 16
28 1 12
1 29 33
29 1 24
1 30 6
30 1 11
1 31 14
31 1 10
1 32 21
32 1 21
1 33 8
33 1 12
1 34 12
34 1 24
1 35 36
35 1 27
1 36 44
36 1 40
1 37 32
37 1 36
1 38 73
38 1 57
1 39 37
39 1 41
1 40 18
40 1 24
1 41 54
41 1 42
1 42 49
42 1 40
1 43 50
43 1 49
1 44 57
44 1 46
1 45 27
45 1 37
1 46 28
46 1 39
1 47 32
47 1 33
1 48 28
48 1 28
1 49 37
49 1 40
1 50 5
50 1 6
1 51 15
51 1 12
1 52 11
52 1 15
1 53 22
53 1 18
1 54 19
54 1 26
1 55 20
55 1 34
1 56 25
56 1 39
1 57 24
57 1 38
1 58 26
58 1 23
1 59 46
59 1 32
1 60 23
60 1 28
1 61 24
61 1 38
1 62 18
62 1 19
1 63 29
63 1 24
1 64 30
64 1 38
1 65 48
65 1 35
1 66 19
66 1 25
1 67 40
67 1 51
1 68 12
68 1 18
1 69 4
69 1 4
1 70 7
70 1 8
1 71 20
71 1 25
1 72 30
72 1 33
1 73 25
73 1 32
1 74 23
74 1 36
1 75 42
75 1 38
1 76 16
76 1 11
1 77 7
77 1 13
1 78 16
78 1 20
1 79 21
79 1 16
1 80 17
80 1 19
1 81 20
81 1 15
1 82 29
82 1 26
1 83 31
83 1 29
1 84 41
84 1 35
1 85 49
85 1 37
1 86 26
86 1 48
1 87 45
87 1 33
1 88 22
88 1 15
1 89 26
89 1 20
1 90 17
90 1 21
1 91 32
91 1 39
1 92 48
92 1 33
1 93 36
93 1 34
1 94 26
94 1 27
1 95 15
95 1 30
1 96 17
96 1 29
1 97 32
97 1 32
1 98 42
98 1 36
1 99 29
99 1 31
1 100 56
100 1 39
1 101 21
101 1 15
3 6 46
6 3 34
3 8 58
8 3 45
3 9 13
9 3 15
3 10 33
10 3 29
3 11 58
11 3 40
3 13 32
13 3 32
3 18 52
18 3 35
3 19 47
19 3 43
3 20 16
20 3 22
3 22 51
22 3 36
3 25 27
25 3 27
3 2 23
2 3 34
3 4 36
4 3 25
3 5 64
5 3 43
3 7 18
7 3 35
3 12 9
12 3 11
3 14 59
14 3 53
3 15 68
15 3 47
3 16 47
16 3 51
3 17 52
17 3 52
3 21 31
21 3 27
3 23 50
23 3 40
3 24 13
24 3 14
3 26 24
26 3 18
3 27 15
27 3 21
3 28 18
28 3 16
3 29 13
29 3 9
3 30 11
30 3 21
3 31 25
31 3 25
3 32 43
32 3 31
3 33 4
33 3 7
3 34 9
34 3 14
3 35 24
35 3 22
3 36 65
36 3 55
3 37 24
37 3 43
3 38 69
38 3 64
3 39 24
39 3 33
3 40 13
40 3 25
3 41 20
41 3 40
3 42 56
42 3 45
3 43 27
43 3 53
3 44 36
44 3 54
3 45 41
45 3 49
3 46 47
46 3 53
3 47 62
47 3 48
3 48 61
48 3 42
3 49 78
49 3 54
3 50 4
50 3 8
3 51 18
51 3 14
3 52 31
52 3 28
3 53 24
53 3 23
3 54 8
54 3 16
3 55 24
55 3 23
3 56 19
56 3 33
3 57 21
57 3 40
3 58 27
58 3 27
3 59 58
59 3 40
3 60 39
60 3 40
3 61 31
61 3 48
3 62 39
62 3 33
3 63 35
63 3 37
3 64 53
64 3 51
3 65 45
65 3 33
3 66 35
66 3 28
3 67 58
67 3 41
3 68 5
68 3 6
3 69 26
69 3 18
3 70 23
70 3 21
3 71 25
71 3 23
3 72 41
72 3 30
3 73 38
73 3 30
3 74 17
74 3 33
3 75 20
75 3 35
3 76 9
76 3 7
3 77 4
77 3 3
3 78 12
78 3 9
3 79 4
79 3 4
3 80 5
80 3 8
3 81 8
81 3 9
3 82 29
82 3 40
3 83 54
83 3 42
3 84 64
84 3 46
3 85 52
85 3 45
3 86 44
86 3 57
3 87 20
87 3 38
3 88 39
88 3 30
3 89 18
89 3 31
3 90 18
90 3 32
3 91 34
91 3 48
3 92 28
92 3 40
3 93 34
93 3 42
3 94 23
94 3 34
3 95 46
95 3 37
3 96 41
96 3 37
3 97 23
97 3 38
3 98 30
98 3 43
3 99 56
99 3 39
3 100 34
100 3 46
3 101 18
101 3 22
6 8 28
8 6 20
6 9 28
9 6 42
6 10 38
10 6 30
6 11 25
11 6 35
6 13 5
13 6 7
6 18 14
18 6 11
6 19 18
19 6 32
6 20 27
20 6 40
6 22 17
22 6 28
6 25 56
25 6 41
6 2 13
2 6 16
6 4 43
4 6 32
6 5 10
5 6 10
6 7 14
7 6 21
6 12 30
12 6 25
6 14 29
14 6 22
6 15 27
15 6 25
6 16 26
16 6 18
6 17 23
17 6 20
6 21 25
21 6 22
6 23 21
23 6 39
6 24 51
24 6 40
6 26 26
26 6 20
6 27 12
27 6 14
6 28 13
28 6 17
6 29 51
29 6 41
6 30 20
30 6 34
6 31 23
31 6 23
6 32 38
32 6 40
6 33 37
33 6 36
6 34 49
34 6 47
6 35 60
35 6 51
6 36 49
36 6 38
6 37 16
37 6 11
6 38 32
38 6 32
6 39 36
39 6 39
6 40 10
40 6 16
6 41 24
41 6 29
6 42 9
42 6 18
6 43 15
43 6 27
6 44 14
44 6 21
6 45 18
45 6 21
6 46 29
46 6 29
6 47 19
47 6 31
6 48 13
48 6 25
6 49 22
49 6 42
6 50 41
50 6 28
6 51 39
51 6 37
6 52 13
52 6 13
6 53 11
53 6 12
6 54 35
54 6 32
6 55 36
55 6 39
6 56 48
56 6 33
6 57 24
57 6 19
6 58 13
58 6 12
6 59 10
59 6 7
6 60 8
60 6 9
6 61 19
61 6 14
6 62 18
62 6 28
6 63 46
63 6 39
6 64 62
64 6 48
6 65 30
65 6 60
6 66 69
66 6 49
6 67 60
67 6 49
6 68 37
68 6 32
6 69 29
69 6 21
6 70 27
70 6 29
6 71 32
71 6 50
6 72 16
72 6 26
6 73 34
73 6 23
6 74 24
74 6 27
6 75 30
75 6 31
6 76 32
76 6 26
6 77 40
77 6 30
6 78 52
78 6 42
6 79 37
79 6 36
6 80 43
80 6 31
6 81 32
81 6 38
6 82 26
82 6 20
6 83 8
83 6 13
6 84 7
84 6 14
6 85 15
85 6 12
6 86 25
86 6 24
6 87 14
87 6 12
6 88 16
88 6 22
6 89 5
89 6 5
6 90 23
90 6 37
6 91 11
91 6 15
6 92 6
92 6 9
6 93 12
93 6 9
6 94 2
94 6 3
6 95 8
95 6 6
6 96 2
96 6 4
6 97 8
97 6 9
6 98 13
98 6 11
6 99 5
99 6 6
6 100 10
100 6 14
6 101 15
101 6 11
8 9 59
9 8 48
8 10 34
10 8 26
8 11 27
11 8 24
8 13 35
13 8 27
8 18 6
18 8 10
8 19 12
19 8 18
8 20 44
20 8 41
8 22 66
22 8 48
8 25 72
25 8 59
8 2 36
2 8 36
8 4 69
4 8 51
8 5 20
5 8 14
8 7 11
7 8 12
8 12 42
12 8 41
8 14 29
14 8 33
8 15 61
15 8 43
8 16 23
16 8 23
8 17 14
17 8 14
8 21 52
21 8 42
8 23 74
23 8 59
8 24 29
24 8 55
8 26 19
26 8 37
8 27 15
27 8 25
8 28 40
28 8 31
8 29 77
29 8 54
8 30 42
30 8 34
8 31 19
31 8 23
8 32 27
32 8 36
8 33 62
33 8 44
8 34 37
34 8 56
8 35 62
35 8 57
8 36 24
36 8 19
8 37 35
37 8 25
8 38 55
38 8 38
8 39 31
39 8 59
8 40 49
40 8 35
8 41 36
41 8 48
8 42 46
42 8 34
8 43 41
43 8 42
8 44 20
44 8 29
8 45 6
45 8 6
8 46 11
46 8 9
8 47 10
47 8 13
8 48 13
48 8 9
8 49 24
49 8 25
8 50 48
50 8 37
8 51 26
51 8 42
8 52 10
52 8 17
8 53 26
53 8 29
8 54 52
54 8 49
8 55 65
55 8 56
8 56 40
56 8 53
8 57 41
57 8 38
8 58 20
58 8 31
8 59 32
59 8 22
8 60 16
60 8 11
8 61 23
61 8 19
8 62 19
62 8 21
8 63 39
63 8 31
8 64 22
64 8 34
8 65 33
65 8 62
8 66 68
66 8 49
8 67 51
67 8 68
8 68 43
68 8 46
8 69 19
69 8 27
8 70 16
70 8 30
8 71 45
71 8 53
8 72 37
72 8 46
8 73 52
73 8 43
8 74 45
74 8 47
8 75 73
75 8 50
8 76 32
76 8 39
8 77 26
77 8 43
8 78 59
78 8 52
8 79 43
79 8 47
8 80 43
80 8 46
8 81 44
81 8 46
8 82 8
82 8 6
8 83 6
83 8 7
8 84 15
84 8 12
8 85 24
85 8 22
8 86 17
86 8 26
8 87 16
87 8 30
8 88 9
88 8 18
8 89 17
89 8 18
8 90 42
90 8 32
8 91 14
91 8 25
8 92 35
92 8 24
8 93 19
93 8 21
8 94 12
94 8 22
8 95 16
95 8 24
8 96 17
96 8 20
8 97 18
97 8 26
8 98 29
98 8 24
8 99 19
99 8 20
8 100 15
100 8 26
8 101 23
101 8 26
9 10 34
10 9 25
9 11 47
11 9 35
9 13 64
13 9 43
9 18 49
18 9 40
9 19 50
19 9 40
9 20 6
20 9 11
9 22 61
22 9 50
9 25 57
25 9 41
9 2 28
2 9 47
9 4 33
4 9 40
9 5 49
5 9 50
9 7 33
7 9 36
9 12 20
12 9 25
9 14 48
14 9 64
9 15 68
15 9 60
9 16 61
16 9 60
9 17 84
17 9 58
9 21 61
21 9 41
9 23 77
23 9 55
9 24 23
24 9 27
9 26 27
26 9 32
9 27 28
27 9 28
9 28 38
28 9 27
9 29 16
29 9 20
9 30 21
30 9 15
9 31 17
31 9 25
9 32 23
32 9 22
9 33 11
33 9 8
9 34 16
34 9 11
9 35 8
35 9 9
9 36 48
36 9 53
9 37 68
37 9 53
9 38 71
38 9 74
9 39 58
39 9 48
9 40 20
40 9 38
9 41 59
41 9 54
9 42 62
42 9 57
9 43 40
43 9 65
9 44 66
44 9 63
9 45 73
45 9 54
9 46 66
46 9 54
9 47 55
47 9 47
9 48 55
48 9 43
9 49 61
49 9 49
9 50 21
50 9 15
9 51 8
51 9 6
9 52 33
52 9 33
9 53 26
53 9 34
9 54 31
54 9 31
9 55 35
55 9 38
9 56 30
56 9 48
9 57 68
57 9 53
9 58 25
58 9 39
9 59 70
59 9 49
9 60 42
60 9 46
9 61 34
61 9 56
9 62 16
62 9 31
9 63 21
63 9 29
9 64 37
64 9 43
9 65 11
65 9 18
9 66 16
66 9 14
9 67 42
67 9 56
9 68 14
68 9 21
9 69 24
69 9 22
9 70 12
70 9 18
9 71 4
71 9 8
9 72 59
72 9 44
9 73 32
73 9 44
9 74 56
74 9 47
9 75 50
75 9 49
9 76 26
76 9 19
9 77 22
77 9 17
9 78 14
78 9 10
9 79 9
79 9 12
9 80 17
80 9 23
9 81 7
81 9 6
9 82 48
82 9 42
9 83 54
83 9 47
9 84 43
84 9 53
9 85 51
85 9 54
9 86 83
86 9 66
9 87 57
87 9 50
9 88 20
88 9 30
9 89 31
89 9 38
9 90 18
90 9 25
9 91 45
91 9 57
9 92 40
92 9 50
9 93 51
93 9 51
9 94 39
94 9 44
9 95 31
95 9 47
9 96 33
96 9 46
9 97 70
97 9 49
9 98 36
98 9 53
9 99 67
99 9 48
9 100 56
100 9 56
9 101 26
101 9 32
10 11 6
11 10 11
10 13 47
13 10 35
10 18 14
18 10 22
10 19 16
19 10 15
10 20 16
20 10 16
10 22 30
22 10 52
10 25 57
25 10 53
10 2 63
2 10 43
10 4 57
4 10 47
10 5 35
5 10 34
10 7 18
7 10 14
10 12 39
12 10 32
10 14 67
14 10 52
10 15 54
15 10 55
10 16 24
16 10 45
10 17 21
17 10 39
10 21 54
21 10 43
10 23 50
23 10 60
10 24 23
24 10 43
10 26 50
26 10 34
10 27 25
27 10 21
10 28 15
28 10 25
10 29 43
29 10 38
10 30 10
30 10 10
10 31 11
31 10 8
10 32 11
32 10 10
10 33 18
33 10 24
10 34 40
34 10 35
10 35 35
35 10 33
10 36 38
36 10 28
10 37 27
37 10 41
10 38 34
38 10 60
10 39 54
39 10 56
10 40 26
40 10 36
10 41 55
41 10 54
10 42 44
42 10 48
10 43 53
43 10 57
10 44 56
44 10 50
10 45 22
45 10 33
10 46 17
46 10 30
10 47 32
47 10 22
10 48 28
48 10 19
10 49 26
49 10 25
10 50 20
50 10 21
10 51 18
51 10 19
10 52 20
52 10 17
10 53 37
53 10 30
10 54 43
54 10 41
10 55 44
55 10 49
10 56 79
56 10 53
10 57 63
57 10 48
10 58 23
58 10 34
10 59 47
59 10 37
10 60 17
60 10 29
10 61 58
61 10 40
10 62 7
62 10 6
10 63 9
63 10 9
10 64 14
64 10 23
10 65 32
65 10 36
10 66 15
66 10 23
10 67 35
67 10 66
10 68 39
68 10 33
10 69 19
69 10 15
10 70 5
70 10 8
10 71 28
71 10 28
10 72 57
72 10 47
10 73 63
73 10 45
10 74 50
74 10 49
10 75 57
75 10 52
10 76 14
76 10 26
10 77 32
77 10 28
10 78 26
78 10 32
10 79 23
79 10 30
10 80 19
80 10 34
10 81 34
81 10 26
10 82 11
82 10 20
10 83 33
83 10 28
10 84 22
84 10 35
10 85 45
85 10 40
10 86 31
86 10 49
10 87 28
87 10 42
10 88 8
88 10 9
10 89 18
89 10 25
10 90 4
90 10 7
10 91 28
91 10 43
10 92 23
92 10 39
10 93 40
93 10 38
10 94 35
94 10 33
10 95 24
95 10 36
10 96 22
96 10 34
10 97 45
97 10 39
10 98 37
98 10 40
10 99 45
99 10 35
10 100 48
100 10 43
10 101 21
101 10 25
11 13 32
13 11 41
11 18 15
18 11 25
11 19 5
19 11 7
11 20 14
20 11 25
11 22 46
22 11 60
11 25 44
25 11 63
11 2 49
2 11 50
11 4 60
4 11 57
11 5 34
5 11 35
11 7 12
7 11 15
11 12 46
12 11 42
11 14 74
14 11 55
11 15 60
15 11 61
11 16 47
16 11 46
11 17 40
17 11 38
11 21 71
21 11 51
11 23 65
23 11 69
11 24 64
24 11 54
11 26 62
26 11 43
11 27 26
27 11 29
11 28 36
28 11 35
11 29 35
29 11 50
11 30 20
30 11 21
11 31 13
31 11 17
11 32 14
32 11 16
11 33 43
33 11 35
11 34 23
34 11 46
11 35 46
35 11 43
11 36 24
36 11 19
11 37 65
37 11 45
11 38 51
38 11 62
11 39 94
39 11 66
11 40 23
40 11 45
11 41 35
41 11 62
11 42 46
42 11 53
11 43 32
43 11 62
11 44 50
44 11 52
11 45 33
45 11 30
11 46 25
46 11 25
11 47 11
47 11 15
11 48 11
48 11 15
11 49 20
49 11 14
11 50 36
50 11 32
11 51 44
51 11 30
11 52 23
52 11 23
11 53 53
53 11 38
11 54 71
54 11 51
11 55 46
55 11 59
11 56 83
56 11 62
11 57 72
57 11 54
11 58 34
58 11 42
11 59 37
59 11 41
11 60 17
60 11 31
11 61 60
61 11 42
11 62 6
62 11 8
11 63 8
63 11 8
11 64 14
64 11 13
11 65 64
65 11 44
11 66 19
66 11 30
11 67 107
67 11 76
11 68 49
68 11 44
11 69 15
69 11 25
11 70 13
70 11 19
11 71 25
71 11 37
11 72 81
72 11 55
11 73 77
73 11 54
11 74 54
74 11 58
11 75 73
75 11 60
11 76 31
76 11 37
11 77 51
77 11 39
11 78 31
78 11 43
11 79 60
79 11 41
11 80 24
80 11 45
11 81 24
81 11 37
11 82 24
82 11 19
11 83 42
83 11 29
11 84 32
84 11 35
11 85 53
85 11 43
11 86 38
86 11 50
11 87 34
87 11 48
11 88 7
88 11 14
11 89 24
89 11 31
11 90 13
90 11 11
11 91 33
91 11 46
11 92 24
92 11 43
11 93 47
93 11 41
11 94 52
94 11 38
11 95 56
95 11 41
11 96 48
96 11 38
11 97 52
97 11 44
11 98 44
98 11 44
11 99 29
99 11 39
11 100 49
100 11 47
11 101 25
101 11 33
13 18 22
18 13 18
13 19 38
19 13 38
13 20 55
20 13 43
13 22 31
22 13 21
13 25 42
25 13 35
13 2 5
2 13 9
13 4 30
4 13 25
13 5 18
5 13 16
13 7 37
7 13 27
13 12 25
12 13 22
13 14 14
14 13 21
13 15 13
15 13 20
13 16 28
16 13 21
13 17 27
17 13 25
13 21 21
21 13 16
13 23 18
23 13 32
13 24 39
24 13 36
13 26 10
26 13 16
13 27 8
27 13 16
13 28 9
28 13 16
13 29 21
29 13 38
13 30 28
30 13 36
13 31 25
31 13 27
13 32 60
32 13 44
13 33 40
33 13 35
13 34 33
34 13 46
13 35 55
35 13 51
13 36 60
36 13 45
13 37 15
37 13 11
13 38 16
38 13 32
13 39 28
39 13 33
13 40 10
40 13 10
13 41 24
41 13 22
13 42 9
42 13 14
13 43 13
43 13 23
13 44 21
44 13 22
13 45 16
45 13 27
13 46 36
46 13 36
13 47 28
47 13 38
13 48 36
48 13 32
13 49 69
49 13 49
13 50 22
50 13 28
13 51 44
51 13 38
13 52 14
52 13 18
13 53 9
53 13 9
13 54 24
54 13 27
13 55 26
55 13 33
13 56 33
56 13 26
13 57 10
57 13 13
13 58 7
58 13 6
13 59 5
59 13 9
13 60 18
60 13 16
13 61 23
61 13 18
13 62 34
62 13 33
13 63 51
63 13 44
13 64 27
64 13 54
13 65 71
65 13 61
13 66 56
66 13 52
13 67 33
67 13 42
13 68 33
68 13 30
13 69 33
69 13 23
13 70 44
70 13 32
13 71 53
71 13 51
13 72 28
72 13 19
13 73 21
73 13 16
13 74 20
74 13 20
13 75 24
75 13 24
13 76 35
76 13 25
13 77 39
77 13 29
13 78 48
78 13 41
13 79 31
79 13 35
13 80 43
80 13 29
13 81 49
81 13 38
13 82 27
82 13 27
13 83 12
83 13 20
13 84 10
84 13 20
13 85 19
85 13 14
13 86 35
86 13 27
13 87 4
87 13 7
13 88 37
88 13 27
13 89 8
89 13 11
13 90 59
90 13 42
13 91 9
91 13 16
13 92 9
92 13 9
13 93 12
93 13 12
13 94 3
94 13 4
13 95 4
95 13 5
13 96 10
96 13 8
13 97 4
97 13 6
13 98 7
98 13 12
13 99 12
99 13 10
13 100 8
100 13 14
13 101 11
101 13 11
18 19 23
19 18 21
18 20 42
20 18 35
18 22 32
22 18 39
18 25 72
25 18 49
18 2 27
2 18 27
18 4 28
4 18 40
18 5 10
5 18 11
18 7 7
7 18 10
18 12 26
12 18 30
18 14 29
14 18 30
18 15 23
15 18 36
18 16 32
16 18 22
18 17 15
17 18 18
18 21 29
21 18 32
18 23 37
23 18 49
18 24 24
24 18 45
18 26 17
26 18 27
18 27 8
27 18 15
18 28 16
28 18 21
18 29 49
29 18 44
18 30 36
30 18 28
18 31 23
31 18 16
18 32 35
32 18 33
18 33 38
33 18 35
18 34 46
34 18 47
18 35 53
35 18 50
18 36 17
36 18 27
18 37 21
37 18 20
18 38 32
38 18 38
18 39 61
39 18 49
18 40 13
40 18 25
18 41 33
41 18 40
18 42 24
42 18 28
18 43 53
43 18 37
18 44 34
44 18 28
18 45 11
45 18 14
18 46 20
46 18 20
18 47 21
47 18 20
18 48 20
48 18 14
18 49 44
49 18 31
18 50 33
50 18 28
18 51 17
51 18 34
18 52 8
52 18 8
18 53 27
53 18 19
18 54 35
54 18 39
18 55 28
55 18 46
18 56 52
56 18 43
18 57 18
57 18 30
18 58 27
58 18 21
18 59 21
59 18 16
18 60 8
60 18 7
18 61 22
61 18 18
18 62 13
62 18 18
18 63 27
63 18 29
18 64 29
64 18 37
18 65 71
65 18 56
18 66 36
66 18 44
18 67 37
67 18 58
18 68 33
68 18 36
18 69 23
69 18 18
18 70 34
70 18 23
18 71 56
71 18 46
18 72 35
72 18 36
18 73 45
73 18 33
18 74 39
74 18 37
18 75 34
75 18 41
18 76 36
76 18 29
18 77 49
77 18 33
18 78 62
78 18 43
18 79 40
79 18 38
18 80 47
80 18 36
18 81 52
81 18 37
18 82 7
82 18 9
18 83 8
83 18 7
18 84 8
84 18 13
18 85 17
85 18 18
18 86 32
86 18 27
18 87 33
87 18 23
18 88 12
88 18 13
18 89 11
89 18 8
18 90 23
90 18 29
18 91 31
91 18 21
18 92 26
92 18 18
18 93 18
93 18 16
18 94 7
94 18 14
18 95 25
95 18 17
18 96 8
96 18 13
18 97 26
97 18 20
18 98 22
98 18 19
18 99 10
99 18 14
18 100 24
100 18 22
18 101 9
101 18 16
19 20 32
20 19 30
19 22 67
22 19 58
19 25 48
25 19 64
19 2 55
2 19 47
19 4 46
4 19 57
19 5 34
5 19 30
19 7 16
7 19 11
19 12 58
12 19 43
19 14 46
14 19 50
19 15 84
15 19 57
19 16 58
16 19 40
19 17 35
17 19 32
19 21 62
21 19 50
19 23 100
23 19 68
19 24 76
24 19 56
19 26 39
26 19 42
19 27 26
27 19 28
19 28 31
28 19 35
19 29 47
29 19 52
19 30 24
30 19 25
19 31 14
31 19 18
19 32 13
32 19 22
19 33 50
33 19 39
19 34 67
34 19 50
19 35 62
35 19 48
19 36 17
36 19 13
19 37 27
37 19 40
19 38 73
38 19 56
19 39 35
39 19 65
19 40 47
40 19 43
19 41 32
41 19 59
19 42 72
42 19 49
19 43 66
43 19 57
19 44 65
44 19 46
19 45 25
45 19 24
19 46 13
46 19 18
19 47 4
47 19 8
19 48 4
48 19 8
19 49 15
49 19 12
19 50 33
50 19 35
19 51 42
51 19 34
19 52 21
52 19 21
19 53 18
53 19 36
19 54 38
54 19 52
19 55 61
55 19 60
19 56 81
56 19 61
19 57 45
57 19 51
19 58 36
58 19 40
19 59 47
59 19 36
19 60 37
60 19 26
19 61 30
61 19 36
19 62 10
62 19 9
19 63 14
63 19 15
19 64 19
64 19 17
19 65 27
65 19 50
19 66 39
66 19 36
19 67 63
67 19 75
19 68 46
68 19 46
19 69 33
69 19 26
19 70 28
70 19 22
19 71 29
71 19 42
19 72 75
72 19 54
19 73 36
73 19 52
19 74 40
74 19 56
19 75 31
75 19 59
19 76 40
76 19 38
19 77 46
77 19 42
19 78 55
78 19 46
19 79 58
79 19 43
19 80 29
80 19 47
19 81 21
81 19 40
19 82 8
82 19 13
19 83 22
83 19 23
19 84 16
84 19 29
19 85 36
85 19 38
19 86 39
86 19 43
19 87 43
87 19 44
19 88 19
88 19 14
19 89 31
89 19 27
19 90 11
90 19 17
19 91 41
91 19 41
19 92 48
92 19 38
19 93 19
93 19 36
19 94 36
94 19 35
19 95 20
95 19 37
19 96 18
96 19 34
19 97 41
97 19 40
19 98 45
98 19 39
19 99 46
99 19 34
19 100 48
100 19 42
19 101 29
101 19 32
20 22 63
22 20 55
20 25 60
25 20 49
20 2 71
2 20 49
20 4 67
4 20 46
20 5 54
5 20 46
20 7 27
7 20 29
20 12 19
12 20 30
20 14 40
14 20 63
20 15 88
15 20 62
20 16 70
16 20 57
20 17 73
17 20 53
20 21 44
21 20 45
20 23 33
23 20 61
20 24 41
24 20 36
20 26 33
26 20 35
20 27 34
27 20 27
20 28 32
28 20 28
20 29 42
29 20 30
20 30 8
30 20 7
20 31 25
31 20 19
20 32 16
32 20 11
20 33 10
33 20 15
20 34 12
34 20 22
20 35 26
35 20 18
20 36 25
36 20 43
20 37 57
37 20 51
20 38 74
38 20 72
20 39 40
39 20 55
20 40 58
40 20 40
20 41 35
41 20 58
20 42 81
42 20 57
20 43 58
43 20 66
20 44 40
44 20 61
20 45 41
45 20 47
20 46 42
46 20 46
20 47 30
47 20 38
20 48 24
48 20 35
20 49 58
49 20 39
20 50 24
50 20 18
20 51 6
51 20 8
20 52 39
52 20 28
20 53 50
53 20 35
20 54 44
54 20 38
20 55 58
55 20 46
20 56 78
56 20 54
20 57 41
57 20 55
20 58 42
58 20 40
20 59 29
59 20 48
20 60 42
60 20 41
20 61 61
61 20 52
20 62 19
62 20 22
20 63 22
63 20 18
20 64 44
64 20 32
20 65 31
65 20 21
20 66 13
66 20 9
20 67 42
67 20 64
20 68 17
68 20 28
20 69 15
69 20 20
20 70 8
70 20 12
20 71 8
71 20 12
20 72 34
72 20 49
20 73 25
73 20 48
20 74 58
74 20 52
20 75 34
75 20 54
20 76 31
76 20 23
20 77 24
77 20 23
20 78 25
78 20 21
20 79 29
79 20 21
20 80 39
80 20 30
20 81 10
81 20 15
20 82 39
82 20 35
20 83 51
83 20 42
20 84 63
84 20 48
20 85 49
85 20 52
20 86 38
86 20 62
20 87 62
87 20 50
20 88 23
88 20 23
20 89 27
89 20 36
20 90 11
90 20 14
20 91 28
91 20 55
20 92 47
92 20 49
20 93 54
93 20 49
20 94 28
94 20 42
20 95 57
95 20 45
20 96 29
96 20 44
20 97 52
97 20 48
20 98 62
98 20 51
20 99 29
99 20 46
20 100 41
100 20 54
20 101 45
101 20 32
22 25 19
25 22 22
22 2 7
2 22 12
22 4 18
4 22 14
22 5 37
5 22 36
22 7 42
7 22 47
22 12 33
12 22 25
22 14 23
14 22 30
22 15 19
15 22 16
22 16 49
16 22 36
22 17 46
17 22 45
22 21 7
21 22 10
22 23 7
23 22 11
22 24 31
24 22 32
22 26 21
26 22 20
22 27 47
27 22 32
22 28 28
28 22 27
22 29 20
29 22 37
22 30 27
30 22 50
22 31 61
31 22 44
22 32 81
32 22 60
22 33 31
33 22 43
22 34 56
34 22 49
22 35 83
35 22 58
22 36 53
36 22 66
22 37 19
37 22 27
22 38 40
38 22 40
22 39 13
39 22 15
22 40 15
40 22 16
22 41 5
41 22 4
22 42 12
42 22 21
22 43 16
43 22 23
22 44 42
44 22 34
22 45 49
45 22 48
22 46 51
46 22 57
22 47 54
47 22 59
22 48 54
48 22 53
22 49 104
49 22 70
22 50 40
50 22 37
22 51 24
51 22 48
22 52 31
52 22 38
22 53 31
53 22 22
22 54 19
54 22 22
22 55 14
55 22 22
22 56 7
56 22 8
22 57 7
57 22 13
22 58 22
58 22 18
22 59 29
59 22 28
22 60 40
60 22 37
22 61 52
61 22 36
22 62 58
62 22 52
22 63 73
63 22 61
22 64 60
64 22 73
22 65 75
65 22 69
22 66 94
66 22 63
22 67 32
67 22 23
22 68 22
68 22 31
22 69 21
69 22 38
22 70 35
70 22 46
22 71 73
71 22 59
22 72 6
72 22 6
22 73 4
73 22 7
22 74 4
74 22 3
22 75 2
75 22 4
22 76 47
76 22 32
22 77 26
77 22 34
22 78 35
78 22 45
22 79 42
79 22 40
22 80 31
80 22 29
22 81 54
81 22 45
22 82 42
82 22 48
22 83 44
83 22 41
22 84 22
84 22 40
22 85 25
85 22 31
22 86 56
86 22 42
22 87 20
87 22 19
22 88 37
88 22 46
22 89 20
89 22 31
22 90 34
90 22 58
22 91 23
91 22 31
22 92 35
92 22 26
22 93 39
93 22 30
22 94 15
94 22 25
22 95 33
95 22 24
22 96 18
96 22 28
22 97 20
97 22 23
22 98 27
98 22 28
22 99 21
99 22 29
22 100 32
100 22 28
22 101 26
101 22 26
25 2 34
2 25 30
25 4 13
4 25 10
25 5 42
5 25 51
25 7 54
7 25 54
25 12 22
12 25 21
25 14 59
14 25 51
25 15 27
15 25 38
25 16 63
16 25 55
25 17 68
17 25 61
25 21 10
21 25 20
25 23 13
23 25 18
25 24 16
24 25 15
25 26 18
26 25 22
25 27 32
27 25 36
25 28 40
28 25 29
25 29 12
29 25 22
25 30 32
30 25 47
25 31 33
31 25 47
25 32 70
32 25 57
25 33 18
33 25 34
25 34 31
34 25 35
25 35 60
35 25 45
25 36 45
36 25 74
25 37 27
37 25 45
25 38 66
38 25 62
25 39 10
39 25 9
25 40 16
40 25 25
25 41 15
41 25 26
25 42 36
42 25 42
25 43 23
43 25 45
25 44 73
44 25 54
25 45 65
45 25 61
25 46 46
46 25 69
25 47 45
47 25 67
25 48 53
48 25 61
25 49 113
49 25 76
25 50 24
50 25 32
25 51 39
51 25 41
25 52 36
52 25 44
25 53 18
53 25 30
25 54 13
54 25 12
25 55 4
55 25 4
25 56 12
56 25 14
25 57 24
57 25 34
25 58 31
58 25 29
25 59 62
59 25 44
25 60 41
60 25 50
25 61 50
61 25 53
25 62 73
62 25 56
25 63 70
63 25 62
25 64 107
64 25 76
25 65 81
65 25 57
25 66 31
66 25 55
25 67 21
67 25 15
25 68 18
68 25 21
25 69 53
69 25 39
25 70 35
70 25 45
25 71 34
71 25 49
25 72 23
72 25 18
25 73 16
73 25 21
25 74 28
74 25 20
25 75 25
75 25 18
25 76 38
76 25 27
25 77 33
77 25 26
25 78 42
78 25 32
25 79 27
79 25 29
25 80 26
80 25 19
25 81 19
81 25 35
25 82 46
82 25 56
25 83 29
83 25 54
25 84 65
84 25 54
25 85 50
85 25 49
25 86 77
86 25 61
25 87 50
87 25 37
25 88 30
88 25 50
25 89 33
89 25 42
25 90 47
90 25 58
25 91 68
91 25 50
25 92 33
92 25 43
25 93 49
93 25 47
25 94 49
94 25 39
25 95 30
95 25 40
25 96 42
96 25 43
25 97 47
97 25 40
25 98 46
98 25 46
25 99 32
99 25 45
25 100 34
100 25 47
25 101 26
101 25 33
2 4 28
4 2 20
2 5 32
5 2 24
2 7 53
7 2 36
2 12 18
12 2 23
2 14 24
14 2 21
2 15 19
15 2 13
2 16 29
16 2 25
2 17 23
17 2 33
2 21 8
21 2 10
2 23 14
23 2 23
2 24 45
24 2 35
2 26 8
26 2 16
2 27 27
27 2 23
2 28 22
28 2 21
2 29 50
29 2 38
2 30 35
30 2 43
2 31 42
31 2 35
2 32 64
32 2 52
2 33 20
33 2 39
2 34 41
34 2 48
2 35 35
35 2 55
2 36 65
36 2 54
2 37 13
37 2 15
2 38 17
38 2 32
2 39 29
39 2 25
2 40 5
40 2 9
2 41 6
41 2 12
2 42 15
42 2 12
2 43 20
43 2 18
2 44 15
44 2 24
2 45 43
45 2 36
2 46 43
46 2 45
2 47 32
47 2 47
2 48 23
48 2 41
2 49 62
49 2 58
2 50 40
50 2 32
2 51 24
51 2 43
2 52 38
52 2 27
2 53 17
53 2 14
2 54 16
54 2 25
2 55 19
55 2 28
2 56 15
56 2 19
2 57 3
57 2 6
2 58 9
58 2 9
2 59 23
59 2 16
2 60 22
60 2 25
2 61 31
61 2 24
2 62 59
62 2 42
2 63 59
63 2 52
2 64 84
64 2 63
2 65 44
65 2 65
2 66 35
66 2 58
2 67 32
67 2 34
2 68 40
68 2 30
2 69 28
69 2 30
2 70 31
70 2 39
2 71 33
71 2 55
2 72 7
72 2 12
2 73 5
73 2 9
2 74 8
74 2 12
2 75 14
75 2 15
2 76 41
76 2 28
2 77 44
77 2 31
2 78 62
78 2 43
2 79 54
79 2 37
2 80 23
80 2 29
2 81 31
81 2 41
2 82 50
82 2 36
2 83 29
83 2 29
2 84 26
84 2 28
2 85 12
85 2 19
2 86 31
86 2 31
2 87 10
87 2 7
2 88 27
88 2 36
2 89 28
89 2 20
2 90 63
90 2 50
2 91 16
91 2 20
2 92 18
92 2 14
2 93 19
93 2 18
2 94 17
94 2 13
2 95 8
95 2 12
2 96 8
96 2 16
2 97 8
97 2 11
2 98 9
98 2 16
2 99 11
99 2 17
2 100 12
100 2 17
2 101 20
101 2 18
4 5 23
5 4 41
4 7 28
7 4 46
4 12 9
12 4 16
4 14 56
14 4 41
4 15 43
15 4 29
4 16 40
16 4 45
4 17 66
17 4 50
4 21 10
21 4 10
4 23 10
23 4 15
4 24 25
24 4 18
4 26 18
26 4 14
4 27 27
27 4 28
4 28 24
28 4 22
4 29 12
29 4 24
4 30 41
30 4 43
4 31 25
31 4 40
4 32 60
32 4 53
4 33 37
33 4 32
4 34 47
34 4 36
4 35 46
35 4 46
4 36 63
36 4 66
4 37 36
37 4 35
4 38 26
38 4 52
4 39 12
39 4 9
4 40 13
40 4 16
4 41 11
41 4 18
4 42 26
42 4 32
4 43 27
43 4 36
4 44 36
44 4 44
4 45 28
45 4 52
4 46 36
46 4 60
4 47 75
47 4 59
4 48 46
48 4 53
4 49 80
49 4 68
4 50 34
50 4 28
4 51 48
51 4 38
4 52 48
52 4 36
4 53 13
53 4 21
4 54 6
54 4 9
4 55 9
55 4 9
4 56 7
56 4 8
4 57 20
57 4 24
4 58 28
58 4 20
4 59 34
59 4 34
4 60 54
60 4 40
4 61 56
61 4 43
4 62 53
62 4 49
4 63 82
63 4 56
4 64 67
64 4 70
4 65 37
65 4 57
4 66 34
66 4 53
4 67 13
67 4 19
4 68 11
68 4 19
4 69 30
69 4 32
4 70 45
70 4 40
4 71 50
71 4 48
4 72 8
72 4 9
4 73 15
73 4 11
4 74 16
74 4 11
4 75 12
75 4 11
4 76 12
76 4 23
4 77 24
77 4 23
4 78 36
78 4 32
4 79 17
79 4 28
4 80 13
80 4 17
4 81 29
81 4 34
4 82 63
82 4 48
4 83 61
83 4 44
4 84 67
84 4 45
4 85 56
85 4 39
4 86 56
86 4 51
4 87 19
87 4 27
4 88 63
88 4 43
4 89 42
89 4 33
4 90 55
90 4 53
4 91 46
91 4 40
4 92 46
92 4 33
4 93 33
93 4 37
4 94 32
94 4 29
4 95 44
95 4 30
4 96 24
96 4 33
4 97 28
97 4 30
4 98 52
98 4 36
4 99 30
99 4 35
4 100 54
100 4 37
4 101 28
101 4 25
5 7 14
7 5 21
5 12 30
12 5 35
5 14 10
14 5 20
5 15 21
15 5 29
5 16 11
16 5 11
5 17 8
17 5 10
5 21 25
21 5 32
5 23 51
23 5 47
5 24 57
24 5 50
5 26 44
26 5 30
5 27 19
27 5 22
5 28 20
28 5 27
5 29 30
29 5 50
5 30 31
30 5 39
5 31 30
31 5 27
5 32 64
32 5 44
5 33 23
33 5 44
5 34 32
34 5 56
5 35 57
35 5 59
5 36 36
36 5 33
5 37 8
37 5 11
5 38 29
38 5 27
5 39 24
39 5 48
5 40 27
40 5 25
5 41 51
41 5 35
5 42 19
42 5 20
5 43 20
43 5 28
5 44 23
44 5 16
5 45 10
45 5 12
5 46 32
46 5 22
5 47 20
47 5 27
5 48 15
48 5 22
5 49 32
49 5 39
5 50 20
50 5 36
5 51 25
51 5 44
5 52 9
52 5 18
5 53 23
53 5 22
5 54 25
54 5 42
5 55 64
55 5 48
5 56 37
56 5 42
5 57 14
57 5 25
5 58 13
58 5 21
5 59 9
59 5 8
5 60 3
60 5 4
5 61 7
61 5 7
5 62 25
62 5 29
5 63 44
63 5 40
5 64 36
64 5 47
5 65 46
65 5 66
5 66 74
66 5 54
5 67 43
67 5 58
5 68 40
68 5 42
5 69 20
69 5 28
5 70 23
70 5 34
5 71 52
71 5 56
5 72 39
72 5 35
5 73 21
73 5 32
5 74 26
74 5 35
5 75 34
75 5 39
5 76 49
76 5 36
5 77 57
77 5 40
5 78 40
78 5 51
5 79 64
79 5 45
5 80 38
80 5 41
5 81 56
81 5 46
5 82 21
82 5 17
5 83 8
83 5 7
5 84 5
84 5 4
5 85 5
85 5 8
5 86 22
86 5 16
5 87 11
87 5 17
5 88 18
88 5 24
5 89 9
89 5 12
5 90 57
90 5 40
5 91 12
91 5 11
5 92 6
92 5 10
5 93 9
93 5 7
5 94 15
94 5 11
5 95 7
95 5 12
5 96 7
96 5 8
5 97 10
97 5 13
5 98 10
98 5 10
5 99 5
99 5 6
5 100 12
100 5 12
5 101 27
101 5 21
7 12 30
12 7 34
7 14 48
14 7 40
7 15 65
15 7 46
7 16 35
16 7 32
7 17 22
17 7 25
7 21 49
21 7 39
7 23 59
23 7 57
7 24 51
24 7 47
7 26 46
26 7 32
7 27 17
27 7 18
7 28 17
28 7 25
7 29 38
29 7 45
7 30 31
30 7 22
7 31 9
31 7 11
7 32 19
32 7 24
7 33 49
33 7 33
7 34 59
34 7 45
7 35 54
35 7 45
7 36 26
36 7 21
7 37 24
37 7 30
7 38 42
38 7 47
7 39 45
39 7 55
7 40 42
40 7 32
7 41 51
41 7 48
7 42 40
42 7 38
7 43 64
43 7 47
7 44 21
44 7 37
7 45 21
45 7 18
7 46 18
46 7 18
7 47 10
47 7 13
7 48 4
48 7 7
7 49 34
49 7 23
7 50 37
50 7 27
7 51 41
51 7 30
7 52 5
52 7 10
7 53 25
53 7 25
7 54 40
54 7 43
7 55 40
55 7 51
7 56 42
56 7 50
7 57 32
57 7 40
7 58 24
58 7 29
7 59 37
59 7 26
7 60 13
60 7 16
7 61 18
61 7 27
7 62 6
62 7 9
7 63 12
63 7 20
7 64 32
64 7 27
7 65 67
65 7 50
7 66 25
66 7 37
7 67 60
67 7 65
7 68 22
68 7 38
7 69 16
69 7 17
7 70 24
70 7 18
7 71 25
71 7 41
7 72 25
72 7 43
7 73 30
73 7 41
7 74 36
74 7 45
7 75 56
75 7 48
7 76 19
76 7 30
7 77 22
77 7 33
7 78 53
78 7 41
7 79 50
79 7 37
7 80 48
80 7 38
7 81 45
81 7 35
7 82 5
82 7 6
7 83 7
83 7 14
7 84 26
84 7 21
7 85 21
85 7 28
7 86 20
86 7 35
7 87 20
87 7 33
7 88 6
88 7 6
7 89 11
89 7 16
7 90 10
90 7 20
7 91 23
91 7 31
7 92 23
92 7 28
7 93 30
93 7 26
7 94 31
94 7 24
7 95 27
95 7 26
7 96 26
96 7 23
7 97 25
97 7 29
7 98 17
98 7 29
7 99 22
99 7 24
7 100 19
100 7 32
7 101 18
101 7 21
12 14 60
14 12 43
12 15 41
15 12 36
12 16 62
16 12 43
12 17 51
17 12 45
12 21 18
21 12 16
12 23 17
23 12 30
12 24 11
24 12 15
12 26 5
26 12 7
12 27 19
27 12 16
12 28 13
28 12 9
12 29 10
29 12 16
12 30 34
30 12 27
12 31 36
31 12 25
12 32 53
32 12 37
12 33 18
33 12 17
12 34 22
34 12 25
12 35 39
35 12 33
12 36 35
36 12 54
12 37 17
37 12 33
12 38 74
38 12 54
12 39 17
39 12 25
12 40 12
40 12 14
12 41 17
41 12 29
12 42 26
42 12 35
12 43 27
43 12 42
12 44 43
44 12 44
12 45 41
45 12 44
12 46 33
46 12 50
12 47 45
47 12 47
12 48 60
48 12 41
12 49 40
49 12 55
12 50 6
50 12 12
12 51 25
51 12 23
12 52 35
52 12 24
12 53 18
53 12 14
12 54 13
54 12 9
12 55 9
55 12 17
12 56 25
56 12 23
12 57 15
57 12 29
12 58 12
58 12 17
12 59 33
59 12 31
12 60 35
60 12 33
12 61 52
61 12 40
12 62 41
62 12 34
12 63 24
63 12 41
12 64 69
64 12 55
12 65 62
65 12 44
12 66 20
66 12 38
12 67 30
67 12 34
12 68 6
68 12 7
12 69 20
69 12 18
12 70 30
70 12 25
12 71 42
71 12 33
12 72 25
72 12 19
12 73 27
73 12 19
12 74 13
74 12 22
12 75 26
75 12 24
12 76 8
76 12 7
12 77 10
77 12 9
12 78 29
78 12 20
12 79 12
79 12 15
12 80 6
80 12 6
12 81 24
81 12 20
12 82 43
82 12 37
12 83 27
83 12 36
12 84 24
84 12 39
12 85 38
85 12 36
12 86 41
86 12 49
12 87 16
87 12 28
12 88 38
88 12 29
12 89 22
89 12 24
12 90 31
90 12 37
12 91 34
91 12 38
12 92 45
92 12 31
12 93 23
93 12 34
12 94 31
94 12 25
12 95 28
95 12 27
12 96 35
96 12 29
12 97 37
97 12 28
12 98 19
98 12 34
12 99 29
99 12 31
12 100 44
100 12 36
12 101 9
101 12 15
14 15 10
15 14 16
14 16 6
16 14 11
14 17 13
17 14 22
14 21 22
21 14 32
14 23 53
23 14 40
14 24 81
24 14 56
14 26 18
26 14 36
14 27 24
27 14 36
14 28 35
28 14 37
14 29 64
29 14 58
14 30 52
30 14 56
14 31 33
31 14 45
14 32 39
32 14 62
14 33 55
33 14 56
14 34 51
34 14 67
14 35 69
35 14 72
14 36 28
36 14 52
14 37 16
37 14 11
14 38 12
38 14 11
14 39 26
39 14 45
14 40 18
40 14 29
14 41 15
41 14 27
14 42 6
42 14 9
14 43 14
43 14 11
14 44 7
44 14 6
14 45 23
45 14 29
14 46 24
46 14 40
14 47 53
47 14 47
14 48 45
48 14 42
14 49 77
49 14 59
14 50 63
50 14 49
14 51 61
51 14 59
14 52 24
52 14 35
14 53 34
53 14 30
14 54 67
54 14 46
14 55 26
55 14 50
14 56 22
56 14 38
14 57 14
57 14 17
14 58 24
58 14 26
14 59 19
59 14 15
14 60 15
60 14 24
14 61 13
61 14 14
14 62 25
62 14 48
14 63 74
63 14 59
14 64 60
64 14 67
14 65 114
65 14 82
14 66 80
66 14 71
14 67 54
67 14 52
14 68 50
68 14 50
14 69 62
69 14 43
14 70 45
70 14 51
14 71 81
71 14 72
14 72 47
72 14 32
14 73 37
73 14 30
14 74 34
74 14 31
14 75 50
75 14 34
14 76 46
76 14 46
14 77 42
77 14 50
14 78 81
78 14 62
14 79 64
79 14 56
14 80 32
80 14 49
14 81 72
81 14 59
14 82 36
82 14 37
14 83 34
83 14 27
14 84 21
84 14 21
14 85 9
85 14 12
14 86 18
86 14 14
14 87 17
87 14 15
14 88 33
88 14 43
14 89 34
89 14 27
14 90 84
90 14 59
14 91 8
91 14 9
14 92 8
92 14 14
14 93 16
93 14 14
14 94 19
94 14 20
14 95 24
95 14 17
14 96 12
96 14 18
14 97 8
97 14 15
14 98 16
98 14 12
14 99 18
99 14 17
14 100 6
100 14 9
14 101 32
101 14 32
15 16 19
16 15 25
15 17 44
17 15 35
15 21 31
21 15 21
15 23 21
23 15 25
15 24 56
24 15 46
15 26 41
26 15 29
15 27 31
27 15 35
15 28 23
28 15 34
15 29 31
29 15 50
15 30 59
30 15 56
15 31 45
31 15 47
15 32 81
32 15 64
15 33 61
33 15 52
15 34 88
34 15 61
15 35 65
35 15 68
15 36 37
36 15 62
15 37 10
37 15 18
15 38 16
38 15 25
15 39 21
39 15 31
15 40 18
40 15 22
15 41 14
41 15 12
15 42 11
42 15 9
15 43 8
43 15 7
15 44 12
44 15 21
15 45 55
45 15 41
15 46 29
46 15 51
15 47 29
47 15 56
15 48 65
48 15 50
15 49 36
49 15 67
15 50 67
50 15 45
15 51 50
51 15 56
15 52 39
52 15 38
15 53 18
53 15 27
15 54 43
54 15 36
15 55 49
55 15 38
15 56 25
56 15 24
15 57 5
57 15 7
15 58 28
58 15 22
15 59 26
59 15 21
15 60 16
60 15 32
15 61 21
61 15 26
15 62 54
62 15 53
15 63 94
63 15 64
15 64 69
64 15 73
15 65 81
65 15 78
15 66 57
66 15 70
15 67 39
67 15 37
15 68 33
68 15 43
15 69 62
69 15 42
15 70 75
70 15 51
15 71 71
71 15 68
15 72 15
72 15 20
15 73 13
73 15 18
15 74 12
74 15 18
15 75 21
75 15 20
15 76 30
76 15 41
15 77 36
77 15 44
15 78 30
78 15 56
15 79 34
79 15 50
15 80 56
80 15 41
15 81 46
81 15 54
15 82 58
82 15 45
15 83 29
83 15 36
15 84 29
84 15 32
15 85 28
85 15 22
15 86 29
86 15 29
15 87 7
87 15 13
15 88 49
88 15 47
15 89 20
89 15 30
15 90 50
90 15 62
15 91 24
91 15 20
15 92 27
92 15 19
15 93 29
93 15 22
15 94 27
94 15 22
15 95 27
95 15 20
15 96 25
96 15 23
15 97 18
97 15 17
15 98 26
98 15 19
15 99 24
99 15 23
15 100 25
100 15 17
15 101 36
101 15 30
16 17 16
17 16 11
16 21 28
21 16 35
16 23 66
23 16 47
16 24 48
24 16 57
16 26 26
26 16 36
16 27 33
27 16 32
16 28 30
28 16 35
16 29 48
29 16 58
16 30 44
30 16 50
16 31 53
31 16 38
16 32 78
32 16 55
16 33 27
33 16 54
16 34 68
34 16 65
16 35 88
35 16 70
16 36 47
36 16 41
16 37 9
37 16 10
16 38 9
38 16 16
16 39 38
39 16 51
16 40 19
40 16 30
16 41 33
41 16 35
16 42 16
42 16 16
16 43 17
43 16 21
16 44 3
44 16 6
16 45 14
45 16 18
16 46 42
46 16 29
16 47 50
47 16 36
16 48 34
48 16 32
16 49 29
49 16 48
16 50 39
50 16 46
16 51 66
51 16 54
16 52 16
52 16 29
16 53 28
53 16 29
16 54 41
54 16 47
16 55 68
55 16 53
16 56 39
56 16 44
16 57 15
57 16 23
16 58 28
58 16 27
16 59 17
59 16 12
16 60 18
60 16 16
16 61 2
61 16 4
16 62 42
62 16 40
16 63 75
63 16 51
16 64 66
64 16 57
16 65 54
65 16 77
16 66 67
66 16 65
16 67 60
67 16 59
16 68 64
68 16 50
16 69 22
69 16 38
16 70 52
70 16 45
16 71 49
71 16 67
16 72 50
72 16 37
16 73 40
73 16 34
16 74 43
74 16 37
16 75 49
75 16 40
16 76 44
76 16 44
16 77 34
77 16 48
16 78 76
78 16 60
16 79 65
79 16 54
16 80 29
80 16 49
16 81 68
81 16 56
16 82 19
82 16 27
16 83 24
83 16 17
16 84 8
84 16 11
16 85 7
85 16 6
16 86 8
86 16 6
16 87 9
87 16 18
16 88 52
88 16 35
16 89 32
89 16 22
16 90 58
90 16 51
16 91 4
91 16 5
16 92 6
92 16 12
16 93 11
93 16 9
16 94 25
94 16 17
16 95 16
95 16 15
16 96 18
96 16 14
16 97 18
97 16 15
16 98 7
98 16 9
16 99 7
99 16 12
16 100 9
100 16 8
16 101 26
101 16 29
17 21 36
21 17 41
17 23 61
23 17 56
17 24 69
24 17 60
17 26 55
26 17 40
17 27 46
27 17 32
17 28 19
28 17 37
17 29 67
29 17 60
17 30 34
30 17 46
17 31 23
31 17 34
17 32 70
32 17 49
17 33 51
33 17 53
17 34 83
34 17 65
17 35 52
35 17 68
17 36 41
36 17 30
17 37 19
37 17 18
17 38 17
38 17 25
17 39 65
39 17 58
17 40 32
40 17 35
17 41 32
41 17 44
17 42 15
42 17 26
17 43 33
43 17 32
17 44 19
44 17 17
17 45 4
45 17 8
17 46 10
46 17 18
17 47 35
47 17 26
17 48 30
48 17 23
17 49 33
49 17 38
17 50 45
50 17 45
17 51 29
51 17 52
17 52 36
52 17 26
17 53 37
53 17 32
17 54 68
54 17 52
17 55 43
55 17 58
17 56 56
56 17 51
17 57 33
57 17 32
17 58 26
58 17 31
17 59 24
59 17 17
17 60 8
60 17 13
17 61 7
61 17 9
17 62 21
62 17 34
17 63 29
63 17 45
17 64 51
64 17 48
17 65 62
65 17 74
17 66 34
66 17 62
17 67 77
67 17 67
17 68 70
68 17 52
17 69 27
69 17 36
17 70 35
70 17 41
17 71 47
71 17 64
17 72 30
72 17 44
17 73 40
73 17 41
17 74 45
74 17 44
17 75 46
75 17 48
17 76 68
76 17 46
17 77 74
77 17 50
17 78 52
78 17 60
17 79 39
79 17 55
17 80 58
80 17 51
17 81 64
81 17 55
17 82 20
82 17 20
17 83 13
83 17 11
17 84 5
84 17 6
17 85 14
85 17 13
17 86 6
86 17 12
17 87 27
87 17 26
17 88 16
88 17 30
17 89 31
89 17 22
17 90 29
90 17 45
17 91 16
91 17 15
17 92 17
92 17 19
17 93 12
93 17 14
17 94 27
94 17 21
17 95 21
95 17 21
17 96 22
96 17 17
17 97 15
97 17 22
17 98 14
98 17 16
17 99 12
99 17 16
17 100 24
100 17 17
17 101 16
101 17 30
21 23 10
23 21 18
21 24 34
24 21 25
21 26 5
26 21 10
21 27 25
27 21 22
21 28 13
28 21 17
21 29 26
29 21 29
21 30 42
30 21 40
21 31 18
31 21 35
21 32 57
32 21 50
21 33 24
33 21 33
21 34 23
34 21 40
21 35 53
35 21 48
21 36 37
36 21 59
21 37 37
37 21 25
21 38 64
38 21 43
21 39 14
39 21 17
21 40 4
40 21 7
21 41 11
41 21 13
21 42 21
42 21 22
21 43 34
43 21 28
21 44 49
44 21 35
21 45 38
45 21 43
21 46 51
46 21 51
21 47 60
47 21 52
21 48 24
48 21 45
21 49 71
49 21 62
21 50 22
50 21 27
21 51 27
51 21 38
21 52 30
52 21 29
21 53 13
53 21 14
21 54 10
54 21 15
21 55 13
55 21 18
21 56 14
56 21 11
21 57 14
57 21 15
21 58 10
58 21 11
21 59 25
59 21 24
21 60 22
60 21 31
21 61 23
61 21 33
21 62 49
62 21 43
21 63 77
63 21 52
21 64 89
64 21 64
21 65 59
65 21 59
21 66 67
66 21 53
21 67 20
67 21 27
21 68 30
68 21 22
21 69 27
69 21 28
21 70 39
70 21 36
21 71 67
71 21 49
21 72 2
72 21 4
21 73 3
73 21 3
21 74 7
74 21 7
21 75 6
75 21 9
21 76 19
76 21 22
21 77 29
77 21 24
21 78 31
78 21 36
21 79 21
79 21 30
21 80 12
80 21 20
21 81 45
81 21 35
21 82 47
82 21 40
21 83 41
83 21 35
21 84 28
84 21 36
21 85 18
85 21 29
21 86 37
86 21 41
21 87 22
87 21 17
21 88 47
88 21 37
21 89 28
89 21 24
21 90 65
90 21 49
21 91 30
91 21 30
21 92 22
92 21 23
21 93 23
93 21 27
21 94 23
94 21 20
21 95 17
95 21 20
21 96 33
96 21 24
21 97 24
97 21 20
21 98 24
98 21 26
21 99 26
99 21 25
21 100 19
100 21 27
21 101 12
101 21 18
23 24 28
24 23 32
23 26 24
26 23 27
23 27 39
27 23 40
23 28 27
28 23 35
23 29 35
29 23 38
23 30 31
30 23 57
23 31 63
31 23 53
23 32 68
32 23 67
23 33 38
33 23 47
23 34 67
34 23 51
23 35 43
35 23 61
23 36 79
36 23 76
23 37 37
37 23 38
23 38 34
38 23 50
23 39 13
39 23 9
23 40 14
40 23 25
23 41 15
41 23 13
23 42 20
42 23 32
23 43 18
43 23 32
23 44 29
44 23 45
23 45 60
45 23 59
23 46 44
46 23 68
23 47 56
47 23 69
23 48 66
48 23 63
23 49 97
49 23 80
23 50 22
50 23 43
23 51 31
51 23 53
23 52 45
52 23 47
23 53 19
53 23 32
23 54 22
54 23 24
23 55 22
55 23 20
23 56 4
56 23 7
23 57 18
57 23 24
23 58 18
58 23 28
23 59 45
59 23 39
23 60 62
60 23 48
23 61 67
61 23 47
23 62 35
62 23 61
23 63 83
63 23 70
23 64 107
64 23 82
23 65 73
65 23 72
23 66 40
66 23 68
23 67 8
67 23 12
23 68 40
68 23 34
23 69 49
69 23 45
23 70 62
70 23 54
23 71 83
71 23 63
23 72 19
72 23 14
23 73 9
73 23 16
23 74 13
74 23 12
23 75 10
75 23 8
23 76 47
76 23 37
23 77 36
77 23 38
23 78 48
78 23 47
23 79 61
79 23 43
23 80 32
80 23 32
23 81 27
81 23 49
23 82 53
82 23 58
23 83 45
83 23 52
23 84 39
84 23 51
23 85 25
85 23 42
23 86 31
86 23 53
23 87 21
87 23 30
23 88 60
88 23 55
23 89 38
89 23 41
23 90 77
90 23 66
23 91 56
91 23 42
23 92 44
92 23 37
23 93 56
93 23 41
23 94 19
94 23 36
23 95 36
95 23 35
23 96 31
96 23 39
23 97 36
97 23 34
23 98 52
98 23 39
23 99 38
99 23 40
23 100 38
100 23 39
23 101 18
101 23 36
24 26 29
26 24 21
24 27 23
27 24 30
24 28 20
28 24 24
24 29 4
29 24 7
24 30 46
30 24 35
24 31 28
31 24 38
24 32 32
32 24 45
24 33 25
33 24 21
24 34 10
34 24 20
24 35 27
35 24 30
24 36 55
36 24 68
24 37 26
37 24 47
24 38 91
38 24 67
24 39 17
39 24 24
24 40 23
40 24 27
24 41 45
41 24 36
24 42 39
42 24 47
24 43 46
43 24 53
24 44 69
44 24 58
24 45 87
45 24 59
24 46 64
46 24 64
24 47 80
47 24 61
24 48 64
48 24 55
24 49 97
49 24 68
24 50 29
50 24 22
24 51 28
51 24 28
24 52 43
52 24 39
24 53 25
53 24 28
24 54 12
54 24 10
24 55 12
55 24 12
24 56 33
56 24 26
24 57 39
57 24 40
24 58 22
58 24 30
24 59 28
59 24 45
24 60 39
60 24 48
24 61 35
61 24 54
24 62 61
62 24 47
24 63 37
63 24 51
24 64 96
64 24 65
24 65 61
65 24 42
24 66 43
66 24 41
24 67 21
67 24 30
24 68 7
68 24 10
24 69 31
69 24 30
24 70 48
70 24 35
24 71 18
71 24 34
24 72 35
72 24 26
24 73 23
73 24 28
24 74 26
74 24 29
24 75 27
75 24 29
24 76 13
76 24 17
24 77 9
77 24 14
24 78 15
78 24 17
24 79 20
79 24 15
24 80 8
80 24 9
24 81 23
81 24 21
24 82 51
82 24 51
24 83 26
83 24 51
24 84 36
84 24 54
24 85 70
85 24 50
24 86 48
86 24 63
24 87 57
87 24 41
24 88 53
88 24 42
24 89 28
89 24 39
24 90 32
90 24 46
24 91 62
91 24 52
24 92 43
92 24 45
24 93 34
93 24 48
24 94 43
94 24 40
24 95 27
95 24 41
24 96 41
96 24 44
24 97 57
97 24 42
24 98 44
98 24 48
24 99 39
99 24 46
24 100 30
100 24 50
24 101 19
101 24 30
26 27 17
27 26 14
26 28 7
28 26 8
26 29 32
29 26 22
26 30 32
30 26 30
26 31 22
31 26 26
26 32 34
32 26 40
26 33 23
33 26 23
26 34 23
34 26 32
26 35 55
35 26 39
26 36 65
36 26 52
26 37 17
37 26 27
26 38 54
38 26 47
26 39 14
39 26 23
26 40 7
40 26 7
26 41 20
41 26 23
26 42 36
42 26 28
26 43 33
43 26 35
26 44 40
44 26 38
26 45 47
45 26 40
26 46 47
46 26 47
26 47 27
47 26 45
26 48 41
48 26 39
26 49 55
49 26 54
26 50 21
50 26 17
26 51 25
51 26 28
26 52 29
52 26 22
26 53 5
53 26 8
26 54 9
54 26 12
26 55 17
55 26 19
26 56 18
56 26 20
26 57 29
57 26 22
26 58 11
58 26 10
26 59 16
59 26 25
26 60 41
60 26 28
26 61 45
61 26 34
26 62 27
62 26 35
26 63 31
63 26 43
26 64 39
64 26 56
26 65 70
65 26 50
26 66 29
66 26 43
26 67 44
67 26 33
26 68 11
68 26 14
26 69 28
69 26 19
26 70 32
70 26 27
26 71 49
71 26 39
26 72 13
72 26 14
26 73 14
73 26 13
26 74 18
74 26 17
26 75 10
75 26 19
26 76 17
76 26 13
26 77 11
77 26 15
26 78 21
78 26 27
26 79 18
79 26 21
26 80 7
80 26 13
26 81 22
81 26 26
26 82 36
82 26 34
26 83 16
83 26 32
26 84 39
84 26 34
26 85 30
85 26 30
26 86 27
86 26 43
26 87 28
87 26 21
26 88 43
88 26 29
26 89 28
89 26 20
26 90 48
90 26 40
26 91 39
91 26 32
26 92 34
92 26 24
26 93 26
93 26 28
26 94 15
94 26 19
26 95 15
95 26 21
26 96 19
96 26 23
26 97 13
97 26 22
26 98 37
98 26 27
26 99 23
99 26 25
26 100 23
100 26 30
26 101 14
101 26 11
27 28 7
28 27 7
27 29 23
29 27 29
27 30 19
30 27 21
27 31 16
31 27 13
27 32 25
32 27 29
27 33 30
33 27 22
27 34 22
34 27 34
27 35 44
35 27 38
27 36 58
36 27 39
27 37 32
37 27 25
27 38 64
38 27 46
27 39 22
39 27 38
27 40 20
40 27 16
27 41 25
41 27 34
27 42 23
42 27 30
27 43 38
43 27 39
27 44 18
44 27 35
27 45 39
45 27 29
27 46 19
46 27 34
27 47 44
47 27 31
27 48 19
48 27 25
27 49 42
49 27 40
27 50 17
50 27 14
27 51 15
51 27 23
27 52 8
52 27 9
27 53 10
53 27 9
27 54 20
54 27 25
27 55 48
55 27 33
27 56 25
56 27 33
27 57 41
57 27 28
27 58 14
58 27 14
27 59 16
59 27 21
27 60 13
60 27 19
27 61 16
61 27 28
27 62 15
62 27 21
27 63 42
63 27 30
27 64 54
64 27 42
27 65 56
65 27 46
27 66 27
66 27 36
27 67 62
67 27 47
27 68 22
68 27 21
27 69 5
69 27 7
27 70 12
70 27 16
27 71 18
71 27 36
27 72 28
72 27 27
27 73 17
73 27 25
27 74 35
74 27 29
27 75 16
75 27 32
27 76 13
76 27 14
27 77 22
77 27 18
27 78 37
78 27 29
27 79 29
79 27 23
27 80 19
80 27 21
27 81 18
81 27 24
27 82 22
82 27 21
27 83 21
83 27 21
27 84 18
84 27 26
27 85 27
85 27 26
27 86 56
86 27 38
27 87 19
87 27 23
27 88 11
88 27 15
27 89 10
89 27 10
27 90 27
90 27 27
27 91 42
91 27 29
27 92 28
92 27 22
27 93 29
93 27 23
27 94 16
94 27 16
27 95 11
95 27 19
27 96 16
96 27 18
27 97 12
97 27 21
27 98 29
98 27 25
27 99 26
99 27 20
27 100 27
100 27 28
27 101 4
101 27 5
28 29 28
29 28 24
28 30 19
30 28 23
28 31 16
31 28 18
28 32 27
32 28 33
28 33 15
33 28 19
28 34 29
34 28 30
28 35 36
35 28 35
28 36 62
36 28 45
28 37 16
37 28 27
28 38 67
38 28 48
28 39 29
39 28 31
28 40 17
40 28 12
28 41 21
41 28 30
28 42 20
42 28 30
28 43 30
43 28 38
28 44 20
44 28 38
28 45 35
45 28 35
28 46 57
46 28 41
28 47 41
47 28 38
28 48 33
48 28 32
28 49 57
49 28 47
28 50 7
50 28 12
28 51 13
51 28 22
28 52 11
52 28 15
28 53 9
53 28 7
28 54 17
54 28 18
28 55 35
55 28 26
28 56 35
56 28 28
28 57 15
57 28 27
28 58 14
58 28 12
28 59 35
59 28 24
28 60 14
60 28 24
28 61 39
61 28 32
28 62 15
62 28 27
28 63 39
63 28 35
28 64 41
64 28 48
28 65 65
65 28 45
28 66 30
66 28 37
28 67 25
67 28 41
28 68 15
68 28 15
28 69 9
69 28 11
28 70 10
70 28 19
28 71 38
71 28 35
28 72 24
72 28 22
28 73 12
73 28 20
28 74 21
74 28 24
28 75 38
75 28 27
28 76 9
76 28 9
28 77 13
77 28 13
28 78 24
78 28 25
28 79 22
79 28 19
28 80 8
80 28 15
28 81 16
81 28 22
28 82 34
82 28 28
28 83 26
83 28 27
28 84 35
84 28 31
28 85 36
85 28 29
28 86 21
86 28 42
28 87 30
87 28 23
28 88 27
88 28 21
28 89 18
89 28 15
28 90 17
90 28 32
28 91 32
91 28 32
28 92 32
92 28 24
28 93 13
93 28 26
28 94 12
94 28 18
28 95 13
95 28 21
28 96 17
96 28 21
28 97 15
97 28 23
28 98 39
98 28 27
28 99 25
99 28 23
28 100 40
100 28 30
28 101 3
101 28 6
29 30 40
30 29 30
29 31 50
31 29 34
29 32 49
32 29 40
29 33 8
33 29 15
29 34 19
34 29 13
29 35 23
35 29 23
29 36 42
36 29 64
29 37 64
37 29 49
29 38 98
38 29 70
29 39 32
39 29 30
29 40 17
40 29 29
29 41 26
41 29 41
29 42 30
42 29 50
29 43 83
43 29 57
29 44 44
44 29 60
29 45 37
45 29 58
29 46 46
46 29 62
29 47 63
47 29 57
29 48 63
48 29 52
29 49 33
49 29 64
29 50 12
50 29 18
29 51 23
51 29 22
29 52 37
52 29 37
29 53 34
53 29 29
29 54 21
54 29 15
29 55 19
55 29 19
29 56 25
56 29 32
29 57 30
57 29 44
29 58 30
58 29 32
29 59 64
59 29 46
29 60 59
60 29 48
29 61 62
61 29 55
29 62 58
62 29 43
29 63 27
63 29 46
29 64 48
64 29 60
29 65 49
65 29 35
29 66 40
66 29 34
29 67 44
67 29 37
29 68 7
68 29 9
29 69 15
69 29 27
29 70 15
70 29 30
29 71 27
71 29 27
29 72 36
72 29 31
29 73 23
73 29 32
29 74 40
74 29 34
29 75 27
75 29 34
29 76 18
76 29 15
29 77 8
77 29 11
29 78 6
78 29 10
29 79 11
79 29 9
29 80 10
80 29 9
29 81 15
81 29 15
29 82 49
82 29 49
29 83 71
83 29 50
29 84 38
84 29 54
29 85 53
85 29 51
29 86 69
86 29 64
29 87 64
87 29 43
29 88 58
88 29 39
29 89 47
89 29 39
29 90 24
90 29 41
29 91 35
91 29 54
29 92 65
92 29 46
29 93 46
93 29 49
29 94 60
94 29 41
29 95 63
95 29 43
29 96 34
96 29 44
29 97 52
97 29 44
29 98 35
98 29 49
29 99 35
99 29 46
29 100 76
100 29 51
29 101 24
101 29 30
30 31 10
31 30 12
30 32 10
32 30 10
30 33 11
33 30 15
30 34 32
34 30 25
30 35 18
35 30 24
30 36 56
36 30 38
30 37 54
37 30 45
30 38 63
38 30 65
30 39 60
39 30 52
30 40 37
40 30 35
30 41 65
41 30 53
30 42 60
42 30 51
30 43 79
43 30 59
30 44 77
44 30 54
30 45 40
45 30 40
30 46 33
46 30 40
30 47 21
47 30 32
30 48 31
48 30 28
30 49 18
49 30 35
30 50 19
50 30 15
30 51 11
51 30 9
30 52 16
52 30 21
30 53 30
53 30 29
30 54 50
54 30 35
30 55 29
55 30 43
30 56 58
56 30 50
30 57 59
57 30 49
30 58 34
58 30 34
30 59 27
59 30 41
30 60 29
60 30 34
30 61 24
61 30 45
30 62 15
62 30 16
30 63 16
63 30 16
30 64 18
64 30 30
30 65 33
65 30 28
30 66 11
66 30 16
30 67 47
67 30 61
30 68 24
68 30 26
30 69 17
69 30 13
30 70 7
70 30 5
30 71 27
71 30 19
30 72 42
72 30 45
30 73 43
73 30 43
30 74 39
74 30 47
30 75 67
75 30 50
30 76 14
76 30 20
30 77 31
77 30 21
30 78 13
78 30 22
30 79 12
79 30 21
30 80 34
80 30 28
30 81 18
81 30 16
30 82 16
82 30 28
30 83 22
83 30 35
30 84 35
84 30 41
30 85 50
85 30 45
30 86 73
86 30 55
30 87 44
87 30 43
30 88 22
88 30 16
30 89 37
89 30 29
30 90 11
90 30 11
30 91 26
91 30 48
30 92 51
92 30 42
30 93 55
93 30 42
30 94 38
94 30 36
30 95 29
95 30 39
30 96 47
96 30 38
30 97 59
97 30 42
30 98 32
98 30 44
30 99 58
99 30 39
30 100 36
100 30 47
30 101 20
101 30 25
31 32 11
32 31 17
31 33 22
33 31 22
31 34 21
34 31 34
31 35 32
35 31 35
31 36 24
36 31 30
31 37 48
37 31 34
31 38 69
38 31 54
31 39 25
39 31 49
31 40 21
40 31 28
31 41 37
41 31 46
31 42 33
42 31 41
31 43 49
43 31 50
31 44 49
44 31 43
31 45 21
45 31 29
31 46 38
46 31 29
31 47 33
47 31 23
31 48 12
48 31 18
31 49 36
49 31 30
31 50 16
50 31 17
31 51 18
51 31 19
31 52 6
52 31 10
31 53 17
53 31 22
31 54 47
54 31 35
31 55 63
55 31 43
31 56 40
56 31 46
31 57 58
57 31 40
31 58 13
58 31 26
31 59 31
59 31 30
31 60 15
60 31 23
31 61 40
61 31 34
31 62 7
62 31 9
31 63 14
63 31 17
31 64 44
64 31 30
31 65 54
65 31 40
31 66 38
66 31 28
31 67 60
67 31 59
31 68 36
68 31 28
31 69 8
69 31 8
31 70 6
70 31 7
31 71 28
71 31 30
31 72 27
72 31 39
31 73 22
73 31 37
31 74 33
74 31 41
31 75 49
75 31 44
31 76 12
76 31 21
31 77 22
77 31 24
31 78 31
78 31 30
31 79 26
79 31 26
31 80 19
80 31 29
31 81 26
81 31 24
31 82 13
82 31 17
31 83 16
83 31 23
31 84 43
84 31 29
31 85 44
85 31 34
31 86 46
86 31 43
31 87 47
87 31 34
31 88 5
88 31 5
31 89 22
89 31 18
31 90 14
90 31 15
31 91 25
91 31 37
31 92 18
92 31 31
31 93 19
93 31 31
31 94 16
94 31 25
31 95 28
95 31 28
31 96 23
96 31 27
31 97 25
97 31 31
31 98 45
98 31 33
31 99 27
99 31 28
31 100 36
100 31 36
31 101 13
101 31 17
32 33 21
33 32 25
32 34 22
34 32 33
32 35 33
35 32 28
32 36 34
36 32 34
32 37 58
37 32 51
32 38 41
38 32 71
32 39 45
39 32 62
32 40 27
40 32 44
32 41 36
41 32 62
32 42 32
42 32 58
32 43 50
43 32 67
32 44 61
44 32 60
32 45 36
45 32 42
32 46 38
46 32 39
32 47 21
47 32 30
32 48 17
48 32 28
32 49 31
49 32 29
32 50 21
50 32 25
32 51 26
51 32 18
32 52 31
52 32 27
32 53 47
53 32 38
32 54 58
54 32 46
32 55 38
55 32 54
32 56 59
56 32 60
32 57 43
57 32 57
32 58 47
58 32 43
32 59 66
59 32 47
32 60 55
60 32 39
32 61 71
61 32 50
32 62 14
62 32 16
32 63 10
63 32 8
32 64 17
64 32 22
32 65 31
65 32 28
32 66 11
66 32 15
32 67 71
67 32 72
32 68 36
68 32 37
32 69 29
69 32 22
32 70 16
70 32 13
32 71 24
71 32 22
32 72 78
72 32 54
32 73 36
73 32 53
32 74 78
74 32 57
32 75 68
75 32 59
32 76 41
76 32 30
32 77 43
77 32 32
32 78 16
78 32 31
32 79 16
79 32 30
32 80 51
80 32 38
32 81 17
81 32 25
32 82 37
82 32 30
32 83 39
83 32 38
32 84 23
84 32 45
32 85 26
85 32 51
32 86 63
86 32 59
32 87 37
87 32 51
32 88 12
88 32 19
32 89 33
89 32 35
32 90 2
90 32 4
32 91 45
91 32 54
32 92 44
92 32 49
32 93 32
93 32 48
32 94 29
94 32 43
32 95 66
95 32 46
32 96 22
96 32 44
32 97 48
97 32 49
32 98 44
98 32 50
32 99 38
99 32 45
32 100 47
100 32 53
32 101 41
101 32 34
33 34 13
34 33 12
33 35 18
35 33 16
33 36 32
36 33 52
33 37 35
37 33 46
33 38 51
38 33 67
33 39 25
39 33 41
33 40 40
40 33 30
33 41 30
41 33 46
33 42 34
42 33 49
33 43 55
43 33 57
33 44 80
44 33 57
33 45 26
45 33 49
33 46 55
46 33 51
33 47 37
47 33 45
33 48 54
48 33 40
33 49 54
49 33 50
33 50 8
50 33 8
33 51 4
51 33 7
33 52 34
52 33 28
33 53 35
53 33 26
33 54 33
54 33 23
33 55 30
55 33 31
33 56 47
56 33 40
33 57 23
57 33 45
33 58 29
58 33 31
33 59 29
59 33 43
33 60 29
60 33 40
33 61 35
61 33 50
33 62 21
62 33 30
33 63 30
63 33 31
33 64 38
64 33 45
33 65 17
65 33 27
33 66 27
66 33 21
33 67 58
67 33 49
33 68 13
68 33 13
33 69 17
69 33 17
33 70 20
70 33 16
33 71 20
71 33 16
33 72 32
72 33 36
33 73 47
73 33 36
33 74 47
74 33 39
33 75 28
75 33 41
33 76 8
76 33 11
33 77 13
77 33 9
33 78 4
78 33 8
33 79 7
79 33 6
33 80 19
80 33 15
33 81 4
81 33 3
33 82 27
82 33 38
33 83 50
83 33 42
33 84 67
84 33 47
33 85 25
85 33 48
33 86 57
86 33 60
33 87 35
87 33 42
33 88 39
88 33 27
33 89 41
89 33 32
33 90 37
90 33 27
33 91 41
91 33 50
33 92 59
92 33 43
33 93 35
93 33 45
33 94 19
94 33 37
33 95 24
95 33 40
33 96 44
96 33 40
33 97 46
97 33 42
33 98 49
98 33 46
33 99 37
99 33 42
33 100 27
100 33 49
33 101 21
101 33 25
34 35 8
35 34 10
34 36 82
36 34 63
34 37 67
37 34 57
34 38 48
38 34 78
34 39 51
39 34 43
34 40 37
40 34 39
34 41 51
41 34 53
34 42 57
42 34 59
34 43 75
43 34 67
34 44 46
44 34 68
34 45 66
45 34 61
34 46 81
46 34 63
34 47 30
47 34 57
34 48 29
48 34 52
34 49 33
49 34 60
34 50 23
50 34 20
34 51 22
51 34 16
34 52 47
52 34 40
34 53 28
53 34 37
34 54 28
54 34 27
34 55 39
55 34 32
34 56 35
56 34 44
34 57 54
57 34 54
34 58 48
58 34 41
34 59 50
59 34 54
34 60 28
60 34 52
34 61 49
61 34 61
34 62 33
62 34 41
34 63 22
63 34 40
34 64 40
64 34 54
34 65 25
65 34 22
34 66 14
66 34 24
34 67 44
67 34 50
34 68 13
68 34 18
34 69 35
69 34 29
34 70 31
70 34 28
34 71 14
71 34 15
34 72 32
72 34 43
34 73 40
73 34 43
34 74 47
74 34 46
34 75 27
75 34 47
34 76 23
76 34 21
34 77 13
77 34 17
34 78 7
78 34 5
34 79 8
79 34 11
34 80 18
80 34 20
34 81 10
81 34 10
34 82 37
82 34 51
34 83 46
83 34 54
34 84 67
84 34 59
34 85 68
85 34 59
34 86 74
86 34 71
34 87 28
87 34 52
34 88 37
88 34 39
34 89 27
89 34 44
34 90 50
90 34 36
34 91 44
91 34 62
34 92 66
92 34 54
34 93 65
93 34 56
34 94 61
94 34 48
34 95 60
95 34 51
34 96 62
96 34 51
34 97 38
97 34 52
34 98 73
98 34 57
34 99 39
99 34 53
34 100 89
100 34 60
34 101 22
101 34 36
35 36 71
36 35 61
35 37 92
37 35 62
35 38 51
38 35 83
35 39 57
39 35 53
35 40 42
40 35 46
35 41 66
41 35 62
35 42 90
42 35 66
35 43 100
43 35 74
35 44 60
44 35 73
35 45 66
45 35 63
35 46 49
46 35 63
35 47 40
47 35 56
35 48 33
48 35 52
35 49 50
49 35 57
35 50 18
50 35 24
35 51 8
51 35 16
35 52 59
52 35 42
35 53 24
53 35 43
35 54 50
54 35 36
35 55 42
55 35 42
35 56 50
56 35 53
35 57 58
57 35 61
35 58 46
58 35 47
35 59 32
59 35 59
35 60 34
60 35 55
35 61 93
61 35 65
35 62 32
62 35 40
35 63 41
63 35 36
35 64 66
64 35 49
35 65 12
65 35 12
35 66 20
66 35 16
35 67 39
67 35 60
35 68 30
68 35 27
35 69 20
69 35 32
35 70 35
70 35 28
35 71 10
71 35 7
35 72 71
72 35 52
35 73 70
73 35 52
35 74 50
74 35 55
35 75 75
75 35 56
35 76 20
76 35 27
35 77 15
77 35 24
35 78 10
78 35 13
35 79 21
79 35 18
35 80 39
80 35 29
35 81 7
81 35 14
35 82 55
82 35 51
35 83 28
83 35 56
35 84 92
84 35 62
35 85 80
85 35 64
35 86 65
86 35 75
35 87 63
87 35 58
35 88 27
88 35 39
35 89 59
89 35 48
35 90 22
90 35 32
35 91 68
91 35 66
35 92 72
92 35 59
35 93 78
93 35 61
35 94 79
94 35 53
35 95 56
95 35 56
35 96 29
96 35 56
35 97 81
97 35 58
35 98 47
98 35 62
35 99 59
99 35 58
35 100 82
100 35 65
35 101 30
101 35 41
36 37 43
37 36 44
36 38 37
38 36 55
36 39 62
39 36 75
36 40 52
40 36 52
36 41 55
41 36 66
36 42 53
42 36 53
36 43 81
43 36 61
36 44 29
44 36 47
36 45 22
45 36 22
36 46 12
46 36 12
36 47 8
47 36 7
36 48 12
48 36 13
36 49 7
49 36 9
36 50 39
50 36 47
36 51 39
51 36 47
36 52 24
52 36 30
36 53 34
53 36 45
36 54 74
54 36 63
36 55 86
55 36 71
36 56 95
56 36 70
36 57 49
57 36 57
36 58 52
58 36 48
36 59 24
59 36 41
36 60 20
60 36 30
36 61 21
61 36 37
36 62 17
62 36 22
36 63 17
63 36 27
36 64 24
64 36 21
36 65 92
65 36 62
36 66 30
66 36 49
36 67 70
67 36 85
36 68 63
68 36 58
36 69 29
69 36 37
36 70 25
70 36 35
36 71 31
71 36 56
36 72 51
72 36 63
36 73 62
73 36 60
36 74 72
74 36 64
36 75 77
75 36 68
36 76 45
76 36 50
36 77 75
77 36 53
36 78 59
78 36 59
36 79 35
79 36 56
36 80 71
80 36 58
36 81 63
81 36 53
36 82 16
82 36 18
36 83 23
83 36 26
36 84 23
84 36 30
36 85 45
85 36 40
36 86 28
86 36 42
36 87 39
87 36 49
36 88 33
88 36 25
36 89 37
89 36 34
36 90 43
90 36 30
36 91 42
91 36 43
36 92 50
92 36 43
36 93 44
93 36 39
36 94 44
94 36 41
36 95 42
95 36 43
36 96 21
96 36 39
36 97 52
97 36 45
36 98 39
98 36 42
36 99 20
99 36 38
36 100 37
100 36 44
36 101 24
101 36 41
37 38 22
38 37 21
37 39 32
39 37 41
37 40 31
40 37 21
37 41 18
41 37 26
37 42 10
42 37 9
37 43 19
43 37 17
37 44 13
44 37 11
37 45 30
45 37 23
37 46 48
46 37 33
37 47 27
47 37 38
37 48 36
48 37 33
37 49 73
49 37 50
37 50 50
50 37 38
37 51 31
51 37 48
37 52 17
52 37 24
37 53 11
53 37 20
37 54 49
54 37 38
37 55 35
55 37 43
37 56 20
56 37 34
37 57 20
57 37 14
37 58 25
58 37 17
37 59 3
59 37 4
37 60 18
60 37 14
37 61 6
61 37 9
37 62 21
62 37 38
37 63 51
63 37 49
37 64 81
64 37 57
37 65 39
65 37 71
37 66 63
66 37 60
37 67 67
67 37 49
37 68 58
68 37 41
37 69 28
69 37 32
37 70 51
70 37 40
37 71 50
71 37 61
37 72 32
72 37 27
37 73 30
73 37 24
37 74 34
74 37 27
37 75 22
75 37 30
37 76 35
76 37 36
37 77 43
77 37 40
37 78 66
78 37 52
37 79 48
79 37 46
37 80 29
80 37 40
37 81 71
81 37 49
37 82 31
82 37 27
37 83 12
83 37 18
37 84 9
84 37 14
37 85 2
85 37 4
37 86 13
86 37 16
37 87 8
87 37 8
37 88 22
88 37 32
37 89 12
89 37 16
37 90 66
90 37 48
37 91 7
91 37 5
37 92 3
92 37 3
37 93 4
93 37 4
37 94 6
94 37 9
37 95 8
95 37 6
37 96 6
96 37 7
37 97 3
97 37 5
37 98 1
98 37 1
37 99 3
99 37 6
37 100 4
100 37 3
37 101 17
101 37 21
38 39 82
39 38 55
38 40 52
40 38 40
38 41 51
41 38 37
38 42 22
42 38 20
38 43 18
43 38 18
38 44 13
44 38 11
38 45 22
45 38 33
38 46 26
46 38 43
38 47 51
47 38 51
38 48 47
48 38 48
38 49 62
49 38 63
38 50 49
50 38 59
38 51 40
51 38 69
38 52 41
52 38 44
38 53 22
53 38 41
38 54 33
54 38 57
38 55 58
55 38 61
38 56 66
56 38 49
38 57 31
57 38 28
38 58 28
58 38 37
38 59 14
59 38 25
38 60 35
60 38 31
38 61 25
61 38 20
38 62 72
62 38 56
38 63 68
63 38 67
38 64 89
64 38 73
38 65 102
65 38 92
38 66 63
66 38 81
38 67 47
67 38 62
38 68 90
68 38 61
38 69 62
69 38 53
38 70 32
70 38 60
38 71 56
71 38 82
38 72 37
72 38 43
38 73 31
73 38 41
38 74 40
74 38 42
38 75 37
75 38 44
38 76 84
76 38 57
38 77 77
77 38 61
38 78 96
78 38 73
38 79 62
79 38 67
38 80 59
80 38 60
38 81 56
81 38 70
38 82 38
82 38 43
38 83 22
83 38 33
38 84 23
84 38 27
38 85 15
85 38 20
38 86 12
86 38 13
38 87 35
87 38 26
38 88 47
88 38 51
38 89 32
89 38 36
38 90 84
90 38 67
38 91 21
91 38 17
38 92 27
92 38 24
38 93 13
93 38 23
38 94 29
94 38 30
38 95 26
95 38 28
38 96 20
96 38 28
38 97 28
97 38 26
38 98 24
98 38 21
38 99 15
99 38 26
38 100 19
100 38 18
38 101 27
101 38 42
39 40 13
40 39 24
39 41 24
41 39 19
39 42 44
42 39 36
39 43 20
43 39 38
39 44 36
44 39 49
39 45 71
45 39 60
39 46 36
46 39 68
39 47 42
47 39 68
39 48 45
48 39 62
39 49 50
49 39 78
39 50 24
50 39 37
39 51 36
51 39 47
39 52 27
52 39 45
39 53 23
53 39 30
39 54 12
54 39 17
39 55 16
55 39 11
39 56 6
56 39 7
39 57 20
57 39 28
39 58 30
58 39 28
39 59 24
59 39 41
39 60 56
60 39 48
39 61 26
61 39 49
39 62 40
62 39 58
39 63 42
63 39 66
39 64 66
64 39 79
39 65 54
65 39 65
39 66 45
66 39 62
39 67 9
67 39 10
39 68 23
68 39 27
39 69 59
69 39 42
39 70 68
70 39 50
39 71 39
71 39 56
39 72 9
72 39 14
39 73 12
73 39 17
39 74 20
74 39 14
39 75 15
75 39 11
39 76 21
76 39 32
39 77 36
77 39 32
39 78 24
78 39 40
39 79 42
79 39 36
39 80 26
80 39 25
39 81 44
81 39 42
39 82 61
82 39 57
39 83 33
83 39 52
39 84 36
84 39 53
39 85 54
85 39 45
39 86 71
86 39 56
39 87 24
87 39 33
39 88 76
88 39 52
39 89 36
89 39 41
39 90 64
90 39 62
39 91 57
91 39 46
39 92 28
92 39 39
39 93 47
93 39 43
39 94 46
94 39 37
39 95 31
95 39 37
39 96 33
96 39 41
39 97 30
97 39 36
39 98 43
98 39 42
39 99 31
99 39 42
39 100 55
100 39 42
39 101 36
101 39 34
40 41 15
41 40 18
40 42 13
42 40 21
40 43 16
43 40 28
40 44 46
44 40 31
40 45 40
45 40 36
40 46 42
46 40 44
40 47 26
47 40 45
40 48 19
48 40 38
40 49 47
49 40 55
40 50 13
50 40 23
40 51 31
51 40 34
40 52 23
52 40 22
40 53 7
53 40 7
40 54 16
54 40 17
40 55 29
55 40 23
40 56 11
56 40 18
40 57 18
57 40 15
40 58 3
58 40 4
40 59 10
59 40 19
40 60 28
60 40 25
40 61 24
61 40 28
40 62 21
62 40 37
40 63 45
63 40 46
40 64 33
64 40 58
40 65 30
65 40 56
40 66 29
66 40 49
40 67 37
67 40 34
40 68 23
68 40 21
40 69 32
69 40 22
40 70 42
70 40 31
40 71 64
71 40 46
40 72 7
72 40 11
40 73 7
73 40 9
40 74 12
74 40 13
40 75 11
75 40 16
40 76 16
76 40 19
40 77 29
77 40 22
40 78 41
78 40 34
40 79 40
79 40 28
40 80 20
80 40 20
40 81 20
81 40 32
40 82 40
82 40 33
40 83 41
83 40 29
40 84 20
84 40 29
40 85 27
85 40 24
40 86 38
86 40 37
40 87 19
87 40 14
40 88 24
88 40 30
40 89 25
89 40 17
40 90 35
90 40 43
40 91 26
91 40 26
40 92 13
92 40 18
40 93 11
93 40 22
40 94 12
94 40 14
40 95 17
95 40 15
40 96 26
96 40 18
40 97 10
97 40 16
40 98 31
98 40 21
40 99 26
99 40 20
40 100 14
100 40 23
40 101 12
101 40 11
41 42 20
42 41 19
41 43 22
43 41 19
41 44 35
44 41 32
41 45 46
45 41 48
41 46 59
46 41 57
41 47 42
47 41 60
41 48 72
48 41 54
41 49 80
49 41 71
41 50 48
50 41 40
41 51 53
51 41 51
41 52 58
52 41 39
41 53 37
53 41 25
41 54 26
54 41 27
41 55 21
55 41 26
41 56 15
56 41 12
41 57 15
57 41 11
41 58 24
58 41 20
41 59 14
59 41 27
41 60 21
60 41 37
41 61 43
61 41 34
41 62 48
62 41 54
41 63 35
63 41 64
41 64 43
64 41 75
41 65 70
65 41 73
41 66 57
66 41 66
41 67 16
67 41 25
41 68 40
68 41 35
41 69 29
69 41 40
41 70 73
70 41 49
41 71 69
71 41 63
41 72 7
72 41 10
41 73 5
73 41 10
41 74 7
74 41 7
41 75 8
75 41 8
41 76 19
76 41 35
41 77 21
77 41 38
41 78 59
78 41 49
41 79 25
79 41 44
41 80 23
80 41 33
41 81 31
81 41 48
41 82 64
82 41 48
41 83 47
83 41 41
41 84 56
84 41 39
41 85 27
85 41 30
41 86 27
86 41 40
41 87 9
87 41 18
41 88 58
88 41 48
41 89 25
89 41 32
41 90 79
90 41 61
41 91 38
91 41 29
41 92 36
92 41 25
41 93 29
93 41 29
41 94 19
94 41 26
41 95 24
95 41 24
41 96 32
96 41 28
41 97 26
97 41 22
41 98 33
98 41 27
41 99 34
99 41 29
41 100 20
100 41 26
41 101 40
101 41 29
42 43 13
43 42 9
42 44 15
44 42 13
42 45 24
45 42 32
42 46 59
46 42 42
42 47 63
47 42 47
42 48 38
48 42 41
42 49 77
49 42 58
42 50 37
50 42 42
42 51 35
51 42 52
42 52 24
52 42 31
42 53 25
53 42 23
42 54 26
54 42 37
42 55 35
55 42 41
42 56 19
56 42 29
42 57 10
57 42 8
42 58 13
58 42 18
42 59 10
59 42 12
42 60 15
60 42 23
42 61 11
61 42 17
42 62 30
62 42 46
42 63 36
63 42 57
42 64 73
64 42 65
42 65 81
65 42 75
42 66 87
66 42 66
42 67 24
67 42 44
42 68 40
68 42 42
42 69 19
69 42 37
42 70 68
70 42 46
42 71 45
71 42 65
42 72 15
72 42 23
42 73 11
73 42 21
42 74 23
74 42 22
42 75 14
75 42 25
42 76 49
76 42 39
42 77 26
77 42 42
42 78 55
78 42 54
42 79 53
79 42 48
42 80 36
80 42 41
42 81 63
81 42 52
42 82 52
82 42 36
42 83 21
83 42 27
42 84 23
84 42 23
42 85 14
85 42 13
42 86 24
86 42 21
42 87 6
87 42 7
42 88 28
88 42 40
42 89 12
89 42 23
42 90 41
90 42 55
42 91 12
91 42 11
42 92 14
92 42 10
42 93 14
93 42 13
42 94 17
94 42 15
42 95 14
95 42 12
42 96 12
96 42 15
42 97 5
97 42 9
42 98 10
98 42 10
42 99 20
99 42 14
42 100 5
100 42 8
42 101 26
101 42 25
43 44 22
44 43 16
43 45 29
45 43 39
43 46 68
46 43 50
43 47 60
47 43 55
43 48 58
48 43 50
43 49 37
49 43 67
43 50 34
50 43 50
43 51 58
51 43 61
43 52 43
52 43 40
43 53 39
53 43 31
43 54 26
54 43 43
43 55 59
55 43 45
43 56 43
56 43 31
43 57 8
57 43 13
43 58 27
58 43 26
43 59 21
59 43 21
43 60 46
60 43 32
43 61 15
61 43 24
43 62 65
62 43 55
43 63 37
63 43 66
43 64 40
64 43 74
43 65 116
65 43 83
43 66 100
66 43 75
43 67 59
67 43 44
43 68 44
68 43 49
43 69 61
69 43 46
43 70 30
70 43 55
43 71 88
71 43 73
43 72 26
72 43 27
43 73 18
73 43 25
43 74 20
74 43 25
43 75 26
75 43 27
43 76 49
76 43 47
43 77 62
77 43 50
43 78 76
78 43 62
43 79 44
79 43 56
43 80 46
80 43 47
43 81 53
81 43 60
43 82 59
82 43 45
43 83 33
83 43 35
43 84 29
84 43 30
43 85 27
85 43 20
43 86 16
86 43 24
43 87 15
87 43 16
43 88 60
88 43 49
43 89 17
89 43 32
43 90 79
90 43 64
43 91 24
91 43 18
43 92 26
92 43 19
43 93 11
93 43 22
43 94 20
94 43 24
43 95 17
95 43 21
43 96 33
96 43 24
43 97 22
97 43 18
43 98 16
98 43 18
43 99 34
99 43 23
43 100 13
100 43 16
43 101 20
101 43 34
44 45 33
45 44 25
44 46 22
46 44 35
44 47 21
47 44 42
44 48 44
48 44 38
44 49 60
49 44 54
44 50 44
50 44 49
44 51 55
51 44 58
44 52 21
52 44 33
44 53 31
53 44 31
44 54 52
54 44 48
44 55 65
55 44 53
44 56 22
56 44 42
44 57 13
57 44 21
44 58 30
58 44 28
44 59 20
59 44 14
44 60 13
60 44 21
44 61 13
61 44 10
44 62 61
62 44 46
44 63 29
63 44 57
44 64 46
64 44 63
44 65 114
65 44 81
44 66 40
66 44 70
44 67 42
67 44 57
44 68 56
68 44 51
44 69 28
69 44 42
44 70 31
70 44 49
44 71 83
71 44 71
44 72 18
72 44 36
44 73 48
73 44 33
44 74 47
74 44 35
44 75 34
75 44 38
44 76 44
76 44 47
44 77 71
77 44 51
44 78 57
78 44 63
44 79 70
79 44 57
44 80 51
80 44 51
44 81 46
81 44 59
44 82 25
82 44 33
44 83 26
83 44 23
44 84 23
84 44 17
44 85 7
85 44 9
44 86 9
86 44 8
44 87 18
87 44 17
44 88 22
88 44 41
44 89 34
89 44 25
44 90 74
90 44 56
44 91 7
91 44 6
44 92 7
92 44 14
44 93 17
93 44 12
44 94 28
94 44 20
44 95 11
95 44 17
44 96 10
96 44 17
44 97 10
97 44 16
44 98 10
98 44 10
44 99 8
99 44 15
44 100 5
100 44 8
44 101 40
101 44 31
45 46 16
46 45 11
45 47 16
47 45 18
45 48 12
48 45 16
45 49 37
49 45 30
45 50 53
50 45 42
45 51 63
51 45 47
45 52 26
52 45 22
45 53 41
53 45 32
45 54 26
54 45 52
45 55 76
55 45 59
45 56 46
56 45 54
45 57 45
57 45 37
45 58 20
58 45 32
45 59 22
59 45 21
45 60 14
60 45 12
45 61 9
61 45 15
45 62 24
62 45 27
45 63 21
63 45 37
45 64 53
64 45 40
45 65 48
65 45 68
45 66 80
66 45 55
45 67 84
67 45 69
45 68 51
68 45 50
45 69 26
69 45 32
45 70 30
70 45 36
45 71 45
71 45 59
45 72 63
72 45 47
45 73 34
73 45 43
45 74 65
74 45 47
45 75 52
75 45 51
45 76 42
76 45 43
45 77 60
77 45 47
45 78 82
78 45 57
45 79 57
79 45 52
45 80 40
80 45 50
45 81 36
81 45 51
45 82 13
82 45 13
45 83 11
83 45 8
45 84 7
84 45 9
45 85 12
85 45 19
45 86 15
86 45 20
45 87 25
87 45 30
45 88 20
88 45 24
45 89 19
89 45 20
45 90 42
90 45 38
45 91 23
91 45 21
45 92 13
92 45 23
45 93 25
93 45 18
45 94 32
94 45 23
45 95 17
95 45 24
45 96 16
96 45 19
45 97 23
97 45 25
45 98 21
98 45 21
45 99 20
99 45 18
45 100 33
100 45 23
45 101 15
101 45 29
46 47 10
47 46 10
46 48 15
48 46 12
46 49 17
49 46 20
46 50 32
50 46 45
46 51 31
51 46 48
46 52 14
52 46 25
46 53 56
53 46 39
46 54 46
54 46 58
46 55 53
55 46 66
46 56 76
56 46 62
46 57 37
57 46 47
46 58 38
58 46 40
46 59 18
59 46 31
46 60 11
60 46 21
46 61 27
61 46 26
46 62 17
62 46 24
46 63 48
63 46 33
46 64 16
64 46 32
46 65 40
65 46 66
46 66 72
66 46 53
46 67 81
67 46 77
46 68 38
68 46 54
46 69 31
69 46 35
46 70 32
70 46 36
46 71 42
71 46 58
46 72 28
72 46 55
46 73 32
73 46 52
46 74 39
74 46 56
46 75 82
75 46 60
46 76 34
76 46 47
46 77 62
77 46 51
46 78 60
78 46 59
46 79 53
79 46 55
46 80 35
80 46 55
46 81 54
81 46 53
46 82 19
82 46 13
46 83 23
83 46 16
46 84 28
84 46 19
46 85 16
85 46 29
46 86 42
86 46 30
46 87 49
87 46 40
46 88 31
88 46 24
46 89 39
89 46 27
46 90 39
90 46 35
46 91 25
91 46 32
46 92 43
92 46 33
46 93 42
93 46 29
46 94 20
94 46 32
46 95 47
95 46 33
46 96 36
96 46 29
46 97 28
97 46 35
46 98 19
98 46 32
46 99 23
99 46 28
46 100 25
100 46 33
46 101 42
101 46 35
47 48 7
48 47 6
47 49 7
49 47 12
47 50 56
50 47 40
47 51 50
51 47 41
47 52 29
52 47 23
47 53 42
53 47 38
47 54 32
54 47 56
47 55 75
55 47 64
47 56 52
56 47 63
47 57 25
57 47 50
47 58 57
58 47 41
47 59 33
59 47 35
47 60 28
60 47 24
47 61 19
61 47 32
47 62 9
62 47 16
47 63 19
63 47 23
47 64 29
64 47 22
47 65 39
65 47 58
47 66 56
66 47 44
47 67 89
67 47 78
47 68 51
68 47 51
47 69 24
69 47 30
47 70 18
70 47 29
47 71 45
71 47 50
47 72 58
72 47 56
47 73 38
73 47 53
47 74 65
74 47 57
47 75 42
75 47 61
47 76 43
76 47 43
47 77 45
77 47 46
47 78 60
78 47 53
47 79 69
79 47 50
47 80 55
80 47 51
47 81 27
81 47 47
47 82 10
82 47 11
47 83 10
83 47 20
47 84 33
84 47 25
47 85 33
85 47 35
47 86 46
86 47 38
47 87 42
87 47 43
47 88 12
88 47 18
47 89 33
89 47 27
47 90 26
90 47 25
47 91 50
91 47 38
47 92 31
92 47 37
47 93 40
93 47 34
47 94 33
94 47 34
47 95 31
95 47 36
47 96 30
96 47 32
47 97 52
97 47 39
47 98 21
98 47 37
47 99 19
99 47 32
47 100 40
100 47 39
47 101 41
101 47 34
48 49 19
49 48 17
48 50 47
50 48 34
48 51 25
51 48 36
48 52 24
52 48 17
48 53 22
53 48 32
48 54 42
54 48 50
48 55 61
55 48 58
48 56 51
56 48 57
48 57 59
57 48 44
48 58 23
58 48 35
48 59 40
59 48 29
48 60 14
60 48 18
48 61 19
61 48 28
48 62 7
62 48 13
48 63 19
63 48 22
48 64 25
64 48 25
48 65 67
65 48 55
48 66 51
66 48 42
48 67 44
67 48 72
48 68 43
68 48 45
48 69 33
69 48 25
48 70 12
70 48 24
48 71 56
71 48 47
48 72 28
72 48 50
48 73 36
73 48 47
48 74 29
74 48 51
48 75 58
75 48 55
48 76 40
76 48 37
48 77 38
77 48 41
48 78 70
78 48 48
48 79 47
79 48 44
48 80 61
80 48 46
48 81 41
81 48 42
48 82 4
82 48 5
48 83 18
83 48 15
48 84 11
84 48 21
48 85 23
85 48 30
48 86 39
86 48 35
48 87 33
87 48 37
48 88 18
88 48 13
48 89 23
89 48 21
48 90 22
90 48 23
48 91 17
91 48 33
48 92 16
92 48 31
48 93 32
93 48 28
48 94 25
94 48 28
48 95 20
95 48 30
48 96 14
96 48 26
48 97 19
97 48 33
48 98 46
98 48 31
48 99 22
99 48 27
48 100 30
100 48 34
48 101 25
101 48 28
49 50 63
50 49 46
49 51 26
51 49 44
49 52 25
52 49 33
49 53 25
53 49 48
49 54 68
54 49 64
49 55 37
55 49 72
49 56 105
56 49 73
49 57 33
57 49 62
49 58 45
58 49 52
49 59 43
59 49 46
49 60 26
60 49 36
49 61 39
61 49 44
49 62 30
62 49 21
49 63 16
63 49 21
49 64 14
64 49 13
49 65 33
65 49 57
49 66 48
66 49 43
49 67 82
67 49 88
49 68 46
68 49 58
49 69 55
69 49 37
49 70 30
70 49 33
49 71 38
71 49 51
49 72 38
72 49 66
49 73 66
73 49 64
49 74 51
74 49 68
49 75 93
75 49 71
49 76 66
76 49 50
49 77 77
77 49 53
49 78 78
78 49 57
49 79 69
79 49 55
49 80 68
80 49 58
49 81 55
81 49 51
49 82 22
82 49 23
49 83 33
83 49 32
49 84 34
84 49 37
49 85 59
85 49 47
49 86 52
86 49 50
49 87 76
87 49 55
49 88 18
88 49 26
49 89 22
89 49 39
49 90 29
90 49 25
49 91 73
91 49 50
49 92 42
92 49 48
49 93 36
93 49 46
49 94 50
94 49 46
49 95 46
95 49 48
49 96 50
96 49 44
49 97 34
97 49 51
49 98 44
98 49 49
49 99 35
99 49 44
49 100 76
100 49 51
49 101 60
101 49 44
50 51 8
51 50 11
50 52 11
52 50 20
50 53 19
53 50 19
50 54 14
54 50 21
50 55 24
55 50 29
50 56 43
56 50 36
50 57 48
57 50 38
50 58 21
58 50 24
50 59 30
59 50 35
50 60 48
60 50 33
50 61 60
61 50 42
50 62 27
62 50 25
50 63 36
63 50 30
50 64 32
64 50 44
50 65 35
65 50 34
50 66 23
66 50 26
50 67 53
67 50 47
50 68 15
68 50 12
50 69 7
69 50 10
50 70 14
70 50 13
50 71 30
71 50 23
50 72 25
72 50 31
50 73 33
73 50 30
50 74 32
74 50 34
50 75 44
75 50 36
50 76 6
76 50 5
50 77 4
77 50 7
50 78 8
78 50 15
50 79 5
79 50 10
50 80 8
80 50 13
50 81 12
81 50 11
50 82 27
82 50 32
50 83 49
83 50 34
50 84 36
84 50 39
50 85 27
85 50 40
50 86 35
86 50 52
50 87 34
87 50 35
50 88 25
88 50 22
50 89 15
89 50 24
50 90 23
90 50 26
50 91 56
91 50 43
50 92 32
92 50 35
50 93 27
93 50 37
50 94 21
94 50 29
50 95 17
95 50 32
50 96 22
96 50 32
50 97 43
97 50 34
50 98 40
98 50 38
50 99 29
99 50 34
50 100 33
100 50 41
50 101 13
101 50 17
51 52 14
52 51 27
51 53 40
53 51 30
51 54 29
54 51 30
51 55 45
55 51 38
51 56 25
56 51 46
51 57 69
57 51 49
51 58 18
58 51 35
51 59 24
59 51 44
51 60 20
60 51 40
51 61 52
61 51 50
51 62 18
62 51 25
51 63 13
63 51 25
51 64 57
64 51 39
51 65 30
65 51 23
51 66 21
66 51 15
51 67 70
67 51 56
51 68 21
68 51 20
51 69 12
69 51 16
51 70 8
70 51 12
51 71 18
71 51 13
51 72 46
72 51 42
51 73 55
73 51 41
51 74 37
74 51 45
51 75 63
75 51 47
51 76 15
76 51 16
51 77 19
77 51 16
51 78 9
78 51 13
51 79 14
79 51 13
51 80 28
80 51 22
51 81 7
81 51 7
51 82 47
82 51 36
51 83 24
83 51 41
51 84 24
84 51 47
51 85 44
85 51 49
51 86 59
86 51 60
51 87 38
87 51 45
51 88 30
88 51 24
51 89 16
89 51 32
51 90 20
90 51 20
51 91 29
91 51 51
51 92 28
92 51 45
51 93 36
93 51 46
51 94 45
94 51 39
51 95 43
95 51 42
51 96 48
96 51 41
51 97 36
97 51 44
51 98 35
98 51 48
51 99 32
99 51 43
51 100 67
100 51 51
51 101 36
101 51 27
52 53 14
53 52 16
52 54 37
54 52 33
52 55 59
55 52 41
52 56 28
56 52 40
52 57 37
57 52 31
52 58 26
58 52 19
52 59 21
59 52 20
52 60 10
60 52 13
52 61 27
61 52 24
52 62 8
62 52 15
52 63 36
63 52 26
52 64 33
64 52 36
52 65 34
65 52 49
52 66 27
66 52 37
52 67 57
67 52 55
52 68 21
68 52 29
52 69 9
69 52 11
52 70 10
70 52 16
52 71 37
71 52 39
52 72 47
72 52 34
52 73 43
73 52 31
52 74 18
74 52 35
52 75 56
75 52 39
52 76 27
76 52 22
52 77 24
77 52 26
52 78 50
78 52 35
52 79 24
79 52 30
52 80 36
80 52 30
52 81 31
81 52 30
52 82 15
82 52 13
52 83 12
83 52 14
52 84 28
84 52 20
52 85 16
85 52 24
52 86 36
86 52 34
52 87 26
87 52 25
52 88 11
88 52 9
52 89 11
89 52 8
52 90 19
90 52 24
52 91 14
91 52 27
52 92 12
92 52 22
52 93 30
93 52 21
52 94 23
94 52 16
52 95 11
95 52 19
52 96 18
96 52 17
52 97 12
97 52 22
52 98 20
98 52 23
52 99 10
99 52 18
52 100 15
100 52 26
52 101 11
101 52 11
53 54 17
54 53 20
53 55 30
55 53 27
53 56 36
56 53 25
53 57 16
57 53 20
53 58 5
58 53 5
53 59 12
59 53 17
53 60 23
60 53 20
53 61 31
61 53 26
53 62 41
62 53 30
53 63 37
63 53 39
53 64 29
64 53 51
53 65 50
65 53 52
53 66 47
66 53 44
53 67 41
67 53 40
53 68 11
68 53 21
53 69 14
69 53 16
53 70 34
70 53 25
53 71 59
71 53 42
53 72 19
72 53 18
53 73 20
73 53 16
53 74 15
74 53 20
53 75 29
75 53 23
53 76 22
76 53 16
53 77 27
77 53 20
53 78 40
78 53 32
53 79 19
79 53 26
53 80 22
80 53 20
53 81 19
81 53 29
53 82 18
82 53 27
53 83 35
83 53 24
53 84 20
84 53 26
53 85 23
85 53 22
53 86 49
86 53 35
53 87 22
87 53 16
53 88 13
88 53 24
53 89 14
89 53 12
53 90 46
90 53 36
53 91 26
91 53 25
53 92 12
92 53 17
53 93 21
93 53 20
53 94 9
94 53 12
53 95 15
95 53 14
53 96 14
96 53 16
53 97 12
97 53 16
53 98 27
98 53 20
53 99 21
99 53 18
53 100 26
100 53 23
53 101 5
101 53 4
54 55 7
55 54 8
54 56 12
56 54 17
54 57 21
57 54 30
54 58 21
58 54 21
54 59 42
59 54 36
54 60 36
60 54 40
54 61 36
61 54 45
54 62 59
62 54 44
54 63 33
63 54 50
54 64 65
64 54 64
54 65 26
65 54 48
54 66 46
66 54 45
54 67 34
67 54 26
54 68 12
68 54 10
54 69 20
69 54 27
54 70 32
70 54 34
54 71 36
71 54 39
54 72 11
72 54 16
54 73 25
73 54 18
54 74 23
74 54 19
54 75 19
75 54 20
54 76 15
76 54 15
54 77 15
77 54 15
54 78 13
78 54 23
54 79 12
79 54 19
54 80 9
80 54 8
54 81 19
81 54 25
54 82 33
82 54 46
54 83 32
83 54 44
54 84 65
84 54 46
54 85 40
85 54 41
54 86 35
86 54 54
54 87 24
87 54 31
54 88 23
88 54 39
54 89 21
89 54 32
54 90 34
90 54 46
54 91 44
91 54 43
54 92 30
92 54 36
54 93 34
93 54 39
54 94 40
94 54 31
54 95 17
95 54 32
54 96 47
96 54 35
54 97 45
97 54 33
54 98 39
98 54 39
54 99 32
99 54 37
54 100 59
100 54 41
54 101 14
101 54 23
55 56 9
56 55 15
55 57 41
57 55 33
55 58 37
58 55 27
55 59 33
59 55 42
55 60 61
60 55 47
55 61 69
61 55 51
55 62 36
62 55 52
55 63 45
63 55 58
55 64 77
64 55 72
55 65 67
65 55 54
55 66 59
66 55 52
55 67 18
67 55 18
55 68 11
68 55 17
55 69 40
69 55 35
55 70 47
70 55 42
55 71 39
71 55 45
55 72 24
72 55 17
55 73 10
73 55 20
55 74 28
74 55 20
55 75 14
75 55 18
55 76 34
76 55 24
55 77 25
77 55 22
55 78 34
78 55 29
55 79 17
79 55 26
55 80 11
80 55 16
55 81 34
81 55 32
55 82 27
82 55 54
55 83 66
83 55 51
55 84 75
84 55 52
55 85 48
85 55 47
55 86 76
86 55 59
55 87 43
87 55 35
55 88 57
88 55 47
55 89 46
89 55 39
55 90 42
90 55 54
55 91 38
91 55 48
55 92 22
92 55 41
55 93 65
93 55 45
55 94 28
94 55 37
55 95 42
95 55 38
55 96 41
96 55 41
55 97 24
97 55 38
55 98 46
98 55 44
55 99 44
99 55 43
55 100 59
100 55 45
55 101 42
101 55 30
56 57 16
57 56 21
56 58 14
58 56 22
56 59 42
59 56 34
56 60 54
60 56 42
56 61 51
61 56 43
56 62 43
62 56 54
56 63 91
63 56 63
56 64 57
64 56 75
56 65 57
65 56 66
56 66 69
66 56 61
56 67 17
67 56 16
56 68 27
68 56 27
56 69 56
69 56 38
56 70 47
70 56 47
56 71 48
71 56 56
56 72 8
72 56 7
56 73 14
73 56 10
56 74 9
74 56 7
56 75 3
75 56 4
56 76 25
76 56 30
56 77 36
77 56 31
56 78 46
78 56 41
56 79 45
79 56 36
56 80 35
80 56 25
56 81 30
81 56 42
56 82 28
82 56 52
56 83 40
83 56 46
56 84 65
84 56 46
56 85 28
85 56 38
56 86 68
86 56 49
56 87 16
87 56 26
56 88 60
88 56 48
56 89 20
89 56 35
56 90 61
90 56 59
56 91 32
91 56 39
56 92 49
92 56 33
56 93 50
93 56 37
56 94 24
94 56 31
56 95 32
95 56 30
56 96 39
96 56 34
56 97 16
97 56 29
56 98 24
98 56 35
56 99 28
99 56 35
56 100 35
100 56 35
56 101 27
101 56 29
57 58 8
58 57 15
57 59 10
59 57 16
57 60 14
60 57 27
57 61 30
61 57 23
57 62 59
62 57 47
57 63 65
63 57 57
57 64 49
64 57 67
57 65 76
65 57 72
57 66 51
66 57 63
57 67 51
67 57 36
57 68 18
68 57 36
57 69 35
69 57 35
57 70 32
70 57 44
57 71 67
71 57 61
57 72 19
72 57 16
57 73 13
73 57 13
57 74 18
74 57 14
57 75 24
75 57 17
57 76 45
76 57 34
57 77 32
77 57 37
57 78 32
78 57 49
57 79 62
79 57 43
57 80 26
80 57 35
57 81 29
81 57 47
57 82 31
82 57 39
57 83 17
83 57 31
57 84 32
84 57 28
57 85 19
85 57 19
57 86 17
86 57 29
57 87 9
87 57 7
57 88 55
88 57 40
57 89 25
89 57 24
57 90 61
90 57 55
57 91 20
91 57 18
57 92 8
92 57 14
57 93 25
93 57 18
57 94 19
94 57 16
57 95 19
95 57 14
57 96 23
96 57 18
57 97 9
97 57 11
57 98 15
98 57 16
57 99 16
99 57 18
57 100 18
100 57 15
57 101 33
101 57 23
58 59 8
59 58 15
58 60 29
60 58 21
58 61 22
61 58 24
58 62 43
62 58 34
58 63 56
63 58 44
58 64 68
64 58 55
58 65 75
65 58 57
58 66 36
66 58 49
58 67 43
67 58 37
58 68 35
68 58 24
58 69 30
69 58 21
58 70 16
70 58 30
58 71 62
71 58 47
58 72 12
72 58 15
58 73 10
73 58 12
58 74 22
74 58 16
58 75 20
75 58 20
58 76 28
76 58 21
58 77 13
77 58 24
58 78 35
78 58 36
58 79 20
79 58 30
58 80 20
80 58 23
58 81 30
81 58 34
58 82 43
82 58 30
58 83 22
83 58 25
58 84 19
84 58 25
58 85 13
85 58 20
58 86 37
86 58 33
58 87 16
87 58 11
58 88 27
88 58 28
58 89 11
89 58 13
58 90 55
90 58 41
58 91 21
91 58 22
58 92 15
92 58 15
58 93 22
93 58 18
58 94 10
94 58 10
58 95 10
95 58 11
58 96 13
96 58 14
58 97 8
97 58 12
58 98 22
98 58 18
58 99 15
99 58 16
58 100 17
100 58 20
58 101 12
101 58 9
59 60 15
60 59 11
59 61 13
61 59 9
59 62 26
62 59 34
59 63 58
63 59 45
59 64 66
64 59 53
59 65 72
65 59 67
59 66 52
66 59 56
59 67 69
67 59 50
59 68 39
68 59 38
59 69 17
69 59 28
59 70 21
70 59 36
59 71 66
71 59 57
59 72 40
72 59 27
59 73 28
73 59 24
59 74 20
74 59 27
59 75 30
75 59 31
59 76 26
76 59 33
59 77 39
77 59 37
59 78 55
78 59 49
59 79 33
79 59 43
59 80 47
80 59 37
59 81 41
81 59 45
59 82 15
82 59 24
59 83 17
83 59 15
59 84 16
84 59 12
59 85 3
85 59 5
59 86 14
86 59 18
59 87 6
87 59 9
59 88 20
88 59 28
59 89 6
89 59 12
59 90 52
90 59 44
59 91 11
91 59 8
59 92 2
92 59 2
59 93 4
93 59 3
59 94 5
94 59 6
59 95 3
95 59 4
59 96 4
96 59 3
59 97 6
97 59 5
59 98 4
98 59 4
59 99 1
99 59 2
59 100 7
100 59 7
59 101 20
101 59 18
60 61 8
61 60 11
60 62 13
62 60 25
60 63 18
63 60 36
60 64 23
64 60 43
60 65 44
65 60 62
60 66 40
66 60 50
60 67 62
67 60 58
60 68 24
68 60 39
60 69 33
69 60 24
60 70 32
70 60 30
60 71 45
71 60 52
60 72 31
72 60 35
60 73 35
73 60 32
60 74 29
74 60 36
60 75 23
75 60 39
60 76 22
76 60 33
60 77 35
77 60 37
60 78 58
78 60 48
60 79 47
79 60 42
60 80 53
80 60 39
60 81 61
81 60 43
60 82 10
82 60 13
60 83 4
83 60 4
60 84 9
84 60 7
60 85 9
85 60 12
60 86 19
86 60 21
60 87 22
87 60 19
60 88 21
88 60 20
60 89 7
89 60 9
60 90 31
90 60 36
60 91 19
91 60 15
60 92 18
92 60 13
60 93 13
93 60 10
60 94 9
94 60 11
60 95 18
95 60 13
60 96 12
96 60 9
60 97 11
97 60 15
60 98 7
98 60 13
60 99 6
99 60 9
60 100 22
100 60 16
60 101 23
101 60 18
61 62 18
62 61 36
61 63 65
63 61 47
61 64 74
64 61 53
61 65 105
65 61 73
61 66 68
66 61 61
61 67 59
67 61 58
61 68 27
68 61 46
61 69 30
69 61 34
61 70 43
70 61 41
61 71 91
71 61 63
61 72 22
72 61 36
61 73 28
73 61 33
61 74 34
74 61 36
61 75 30
75 61 39
61 76 48
76 61 41
61 77 67
77 61 45
61 78 67
78 61 56
61 79 54
79 61 51
61 80 35
80 61 46
61 81 50
81 61 52
61 82 25
82 61 23
61 83 15
83 61 13
61 84 10
84 61 7
61 85 3
85 61 4
61 86 5
86 61 10
61 87 22
87 61 17
61 88 24
88 61 31
61 89 17
89 61 18
61 90 63
90 61 47
61 91 4
91 61 6
61 92 12
92 61 10
61 93 5
93 61 6
61 94 19
94 61 14
61 95 12
95 61 13
61 96 10
96 61 10
61 97 7
97 61 13
61 98 6
98 61 7
61 99 9
99 61 8
61 100 9
100 61 8
61 101 23
101 61 25
62 63 11
63 62 11
62 64 29
64 62 21
62 65 38
65 62 42
62 66 23
66 62 29
62 67 77
67 62 68
62 68 35
68 62 37
62 69 12
69 62 17
62 70 16
70 62 13
62 71 50
71 62 34
62 72 68
72 62 48
62 73 55
73 62 46
62 74 73
74 62 50
62 75 72
75 62 53
62 76 35
76 62 30
62 77 48
77 62 33
62 78 23
78 62 37
62 79 17
79 62 34
62 80 21
80 62 38
62 81 45
81 62 31
62 82 16
82 62 14
62 83 32
83 62 23
62 84 41
84 62 30
62 85 34
85 62 37
62 86 29
86 62 44
62 87 26
87 62 40
62 88 8
88 62 6
62 89 13
89 62 23
62 90 7
90 62 11
62 91 31
91 62 40
62 92 24
92 62 36
62 93 20
93 62 35
62 94 22
94 62 31
62 95 47
95 62 34
62 96 35
96 62 31
62 97 40
97 62 37
62 98 52
98 62 37
62 99 39
99 62 32
62 100 50
100 62 40
62 101 35
101 62 25
63 64 7
64 63 14
63 65 19
65 63 36
63 66 11
66 63 22
63 67 80
67 63 75
63 68 56
68 63 42
63 69 21
69 63 24
63 70 15
70 63 16
63 71 29
71 63 30
63 72 37
72 63 57
63 73 52
73 63 55
63 74 60
74 63 59
63 75 62
75 63 62
63 76 46
76 63 34
63 77 32
77 63 37
63 78 28
78 63 38
63 79 51
79 63 37
63 80 55
80 63 43
63 81 26
81 63 32
63 82 34
82 63 25
63 83 41
83 63 35
63 84 41
84 63 41
63 85 47
85 63 48
63 86 42
86 63 56
63 87 49
87 63 51
63 88 10
88 63 17
63 89 47
89 63 34
63 90 2
90 63 4
63 91 69
91 63 51
63 92 29
92 63 47
63 93 51
93 63 46
63 94 22
94 63 42
63 95 48
95 63 45
63 96 32
96 63 42
63 97 61
97 63 48
63 98 27
98 63 49
63 99 28
99 63 44
63 100 27
100 63 52
63 101 51
101 63 35
64 65 24
65 64 47
64 66 22
66 64 34
64 67 86
67 64 89
64 68 78
68 64 56
64 69 27
69 64 37
64 70 23
70 64 30
64 71 46
71 64 43
64 72 39
72 64 69
64 73 60
73 64 67
64 74 74
74 64 71
64 75 105
75 64 74
64 76 68
76 64 48
64 77 51
77 64 51
64 78 37
78 64 52
64 79 54
79 64 51
64 80 49
80 64 57
64 81 30
81 64 46
64 82 43
82 64 30
64 83 59
83 64 40
64 84 49
84 64 46
64 85 59
85 64 55
64 86 53
86 64 60
64 87 56
87 64 60
64 88 28
88 64 27
64 89 32
89 64 43
64 90 18
90 64 19
64 91 81
91 64 58
64 92 66
92 64 55
64 93 53
93 64 53
64 94 64
94 64 51
64 95 28
95 64 54
64 96 62
96 64 50
64 97 38
97 64 57
64 98 62
98 64 56
64 99 54
99 64 51
64 100 72
100 64 59
64 101 50
101 64 46
65 66 9
66 65 14
65 67 86
67 65 72
65 68 49
68 65 38
65 69 41
69 65 39
65 70 18
70 65 33
65 71 12
71 65 10
65 72 70
72 65 63
65 73 37
73 65 63
65 74 43
74 65 66
65 75 58
75 65 67
65 76 41
76 65 37
65 77 33
77 65 35
65 78 22
78 65 25
65 79 35
79 65 29
65 80 30
80 65 40
65 81 33
81 65 24
65 82 79
82 65 56
65 83 34
83 65 62
65 84 94
84 65 69
65 85 55
85 65 72
65 86 84
86 65 83
65 87 77
87 65 68
65 88 33
88 65 44
65 89 48
89 65 55
65 90 34
90 65 33
65 91 74
91 65 74
65 92 34
92 65 68
65 93 94
93 65 69
65 94 87
94 65 61
65 95 33
95 65 64
65 96 63
96 65 64
65 97 87
97 65 67
65 98 38
98 65 70
65 99 35
99 65 66
65 100 40
100 65 73
65 101 73
101 65 50
66 67 35
67 66 70
66 68 32
68 66 35
66 69 42
69 66 29
66 70 27
70 66 21
66 71 11
71 66 9
66 72 56
72 66 57
66 73 61
73 66 56
66 74 55
74 66 60
66 75 41
75 66 62
66 76 20
76 66 31
66 77 33
77 66 30
66 78 20
78 66 24
66 79 25
79 66 26
66 80 19
80 66 37
66 81 20
81 66 20
66 82 50
82 66 43
66 83 27
83 66 50
66 84 68
84 66 57
66 85 62
85 66 61
66 86 71
86 66 71
66 87 70
87 66 59
66 88 21
88 66 31
66 89 44
89 66 44
66 90 18
90 66 19
66 91 72
91 66 63
66 92 35
92 66 58
66 93 74
93 66 58
66 94 27
94 66 51
66 95 43
95 66 54
66 96 27
96 66 53
66 97 47
97 66 57
66 98 54
98 66 60
66 99 53
99 66 55
66 100 67
100 66 63
66 101 29
101 66 40
67 68 35
68 67 36
67 69 27
69 67 52
67 70 46
70 67 59
67 71 58
71 67 64
67 72 20
72 67 23
67 73 36
73 67 26
67 74 22
74 67 22
67 75 20
75 67 19
67 76 54
76 67 41
67 77 53
77 67 40
67 78 70
78 67 47
67 79 31
79 67 44
67 80 24
80 67 34
67 81 60
81 67 50
67 82 75
82 67 67
67 83 45
83 67 62
67 84 88
84 67 61
67 85 50
85 67 53
67 86 95
86 67 64
67 87 27
87 67 41
67 88 64
88 67 62
67 89 66
89 67 51
67 90 42
90 67 72
67 91 46
91 67 54
67 92 69
92 67 48
67 93 62
93 67 52
67 94 64
94 67 46
67 95 24
95 67 46
67 96 43
96 67 50
67 97 30
97 67 44
67 98 48
98 67 50
67 99 44
99 67 51
67 100 60
100 67 50
67 101 43
101 67 44
68 69 25
69 68 21
68 70 34
70 68 25
68 71 36
71 68 29
68 72 32
72 68 25
68 73 15
73 68 25
68 74 23
74 68 28
68 75 42
75 68 29
68 76 6
76 68 8
68 77 3
77 68 5
68 78 9
78 68 14
68 79 10
79 68 9
68 80 1
80 68 2
68 81 10
81 68 15
68 82 59
82 68 42
68 83 51
83 68 42
68 84 30
84 68 46
68 85 57
85 68 43
68 86 82
86 68 56
68 87 18
87 68 35
68 88 40
88 68 33
68 89 41
89 68 30
68 90 35
90 68 38
68 91 56
91 68 46
68 92 38
92 68 38
68 93 42
93 68 41
68 94 25
94 68 32
68 95 49
95 68 34
68 96 25
96 68 36
68 97 23
97 68 36
68 98 36
98 68 41
68 99 23
99 68 38
68 100 40
100 68 43
68 101 20
101 68 21
69 70 8
70 69 9
69 71 39
71 69 29
69 72 38
72 69 33
69 73 34
73 69 31
69 74 26
74 69 35
69 75 56
75 69 38
69 76 12
76 69 13
69 77 16
77 69 16
69 78 17
78 69 25
69 79 26
79 69 20
69 80 15
80 69 21
69 81 27
81 69 19
69 82 29
82 69 22
69 83 22
83 69 25
69 84 40
84 69 31
69 85 49
85 69 33
69 86 46
86 69 44
69 87 35
87 69 30
69 88 17
88 69 12
69 89 16
89 69 16
69 90 13
90 69 21
69 91 33
91 69 35
69 92 27
92 69 29
69 93 44
93 69 30
69 94 30
94 69 23
69 95 24
95 69 26
69 96 15
96 69 25
69 97 17
97 69 29
69 98 38
98 69 32
69 99 35
99 69 27
69 100 36
100 69 35
69 101 15
101 69 12
70 71 34
71 70 23
70 72 32
72 70 41
70 73 47
73 70 40
70 74 22
74 70 44
70 75 38
75 70 46
70 76 14
76 70 18
70 77 11
77 70 21
70 78 34
78 70 24
70 79 29
79 70 22
70 80 27
80 70 27
70 81 21
81 70 18
70 82 20
82 70 24
70 83 21
83 70 30
70 84 43
84 70 36
70 85 48
85 70 40
70 86 69
86 70 50
70 87 54
87 70 39
70 88 17
88 70 12
70 89 14
89 70 24
70 90 11
90 70 13
70 91 26
91 70 43
70 92 41
92 70 37
70 93 29
93 70 37
70 94 23
94 70 31
70 95 33
95 70 34
70 96 44
96 70 33
70 97 48
97 70 37
70 98 28
98 70 39
70 99 33
99 70 34
70 100 37
100 70 42
70 101 26
101 70 21
71 72 79
72 71 53
71 73 77
73 71 53
71 74 46
74 71 56
71 75 55
75 71 58
71 76 15
76 71 27
71 77 36
77 71 25
71 78 20
78 71 16
71 79 17
79 71 20
71 80 39
80 71 31
71 81 10
81 71 14
71 82 36
82 71 47
71 83 79
83 71 53
71 84 72
84 71 59
71 85 35
85 71 62
71 86 96
86 71 73
71 87 56
87 71 58
71 88 46
88 71 35
71 89 38
89 71 45
71 90 29
90 71 26
71 91 35
91 71 64
71 92 57
92 71 58
71 93 70
93 71 59
71 94 51
94 71 51
71 95 68
95 71 54
71 96 66
96 71 54
71 97 53
97 71 57
71 98 36
98 71 60
71 99 71
99 71 56
71 100 35
100 71 63
71 101 52
101 71 40
72 73 3
73 72 3
72 74 4
74 72 3
72 75 4
75 72 5
72 76 30
76 72 26
72 77 22
77 72 28
72 78 45
78 72 39
72 79 19
79 72 34
72 80 31
80 72 23
72 81 44
81 72 39
72 82 57
82 72 45
72 83 36
83 72 39
72 84 34
84 72 39
72 85 44
85 72 31
72 86 27
86 72 43
72 87 15
87 72 19
72 88 41
88 72 42
72 89 29
89 72 28
72 90 62
90 72 53
72 91 32
91 72 32
72 92 38
92 72 26
72 93 44
93 72 30
72 94 24
94 72 24
72 95 17
95 72 23
72 96 34
96 72 27
72 97 25
97 72 22
72 98 29
98 72 28
72 99 28
99 72 28
72 100 36
100 72 29
72 101 18
101 72 22
73 74 5
74 73 4
73 75 10
75 73 8
73 76 36
76 73 25
73 77 30
77 73 28
73 78 51
78 73 39
73 79 40
79 73 34
73 80 13
80 73 23
73 81 53
81 73 38
73 82 30
82 73 42
73 83 26
83 73 36
73 84 20
84 73 36
73 85 23
85 73 28
73 86 44
86 73 40
73 87 12
87 73 16
73 88 46
88 73 39
73 89 35
89 73 25
73 90 74
90 73 52
73 91 16
91 73 29
73 92 32
92 73 23
73 93 24
93 73 27
73 94 17
94 73 21
73 95 17
95 73 20
73 96 16
96 73 24
73 97 11
97 73 19
73 98 20
98 73 25
73 99 34
99 73 25
73 100 32
100 73 26
73 101 24
101 73 20
74 75 4
75 74 4
74 76 15
76 74 29
74 77 17
77 74 31
74 78 56
78 74 42
74 79 25
79 74 37
74 80 18
80 74 26
74 81 33
81 74 42
74 82 37
82 74 46
74 83 37
83 74 40
74 84 57
84 74 39
74 85 44
85 74 31
74 86 51
86 74 42
74 87 16
87 74 19
74 88 24
88 74 44
74 89 43
89 74 30
74 90 34
90 74 56
74 91 32
91 74 32
74 92 38
92 74 26
74 93 17
93 74 30
74 94 29
94 74 24
74 95 33
95 74 24
74 96 27
96 74 28
74 97 22
97 74 22
74 98 15
98 74 28
74 99 38
99 74 29
74 100 23
100 74 28
74 101 32
101 74 25
75 76 29
76 75 31
75 77 43
77 75 32
75 78 30
78 75 43
75 79 24
79 75 38
75 80 36
80 75 27
75 81 29
81 75 43
75 82 31
82 75 50
75 83 25
83 75 44
75 84 47
84 75 43
75 85 27
85 75 35
75 86 60
86 75 46
75 87 14
87 75 22
75 88 66
88 75 47
75 89 41
89 75 33
75 90 38
90 75 59
75 91 41
91 75 35
75 92 17
92 75 29
75 93 20
93 75 33
75 94 24
94 75 28
75 95 14
95 75 27
75 96 45
96 75 31
75 97 36
97 75 26
75 98 31
98 75 31
75 99 26
99 75 32
75 100 24
100 75 32
75 101 15
101 75 28
76 77 5
77 76 4
76 78 13
78 76 16
76 79 8
79 76 10
76 80 7
80 76 9
76 81 7
81 76 13
76 82 49
82 76 34
76 83 41
83 76 35
76 84 52
84 76 40
76 85 42
85 76 39
76 86 29
86 76 51
76 87 34
87 76 32
76 88 32
88 76 25
76 89 28
89 76 24
76 90 29
90 76 31
76 91 50
91 76 41
76 92 18
92 76 34
76 93 32
93 76 36
76 94 24
94 76 27
76 95 33
95 76 30
76 96 27
96 76 31
76 97 46
97 76 32
76 98 35
98 76 36
76 99 27
99 76 33
76 100 35
100 76 39
76 101 14
101 76 16
77 78 17
78 77 12
77 79 3
79 77 6
77 80 7
80 77 7
77 81 7
81 77 11
77 82 33
82 77 38
77 83 23
83 77 39
77 84 63
84 77 44
77 85 31
85 77 43
77 86 44
86 77 55
77 87 22
87 77 35
77 88 21
88 77 28
77 89 20
89 77 28
77 90 34
90 77 33
77 91 55
91 77 45
77 92 42
92 77 37
77 93 38
93 77 40
77 94 19
94 77 31
77 95 33
95 77 34
77 96 21
96 77 35
77 97 30
97 77 36
77 98 41
98 77 40
77 99 25
99 77 37
77 100 50
100 77 43
77 101 14
101 77 20
78 79 5
79 78 6
78 80 13
80 78 16
78 81 3
81 78 6
78 82 41
82 78 46
78 83 56
83 78 49
78 84 58
84 78 54
78 85 32
85 78 54
78 86 48
86 78 66
78 87 35
87 78 47
78 88 45
88 78 35
78 89 53
89 78 39
78 90 21
90 78 33
78 91 64
91 78 57
78 92 46
92 78 49
78 93 36
93 78 51
78 94 46
94 78 43
78 95 34
95 78 46
78 96 46
96 78 46
78 97 67
97 78 48
78 98 36
98 78 52
78 99 60
99 78 48
78 100 81
100 78 55
78 101 19
101 78 31
79 80 15
80 79 11
79 81 8
81 79 6
79 82 25
82 79 42
79 83 47
83 79 44
79 84 52
84 79 49
79 85 64
85 79 49
79 86 39
86 79 61
79 87 47
87 79 42
79 88 17
88 79 31
79 89 23
89 79 34
79 90 38
90 79 32
79 91 30
91 79 51
79 92 63
92 79 44
79 93 34
93 79 46
79 94 35
94 79 37
79 95 23
95 79 40
79 96 45
96 79 41
79 97 50
97 79 42
79 98 46
98 79 46
79 99 49
99 79 43
79 100 59
100 79 49
79 101 15
101 79 26
80 81 19
81 80 17
80 82 28
82 80 42
80 83 21
83 80 42
80 84 65
84 80 45
80 85 56
85 80 43
80 86 64
86 80 55
80 87 24
87 80 34
80 88 37
88 80 34
80 89 21
89 80 30
80 90 34
90 80 39
80 91 51
91 80 45
80 92 40
92 80 37
80 93 54
93 80 40
80 94 47
94 80 32
80 95 47
95 80 34
80 96 23
96 80 35
80 97 40
97 80 35
80 98 29
98 80 40
80 99 27
99 80 37
80 100 37
100 80 42
80 101 22
101 80 21
81 82 43
82 81 41
81 83 44
83 81 44
81 84 42
84 81 50
81 85 46
85 81 50
81 86 48
86 81 62
81 87 48
87 81 45
81 88 15
88 81 29
81 89 46
89 81 35
81 90 15
90 81 27
81 91 40
91 81 53
81 92 52
92 81 46
81 93 52
93 81 48
81 94 33
94 81 40
81 95 44
95 81 42
81 96 38
96 81 43
81 97 40
97 81 45
81 98 34
98 81 49
81 99 57
99 81 45
81 100 69
100 81 51
81 101 28
101 81 28
82 83 13
83 82 10
82 84 14
84 82 16
82 85 13
85 82 25
82 86 18
86 82 31
82 87 26
87 82 32
82 88 11
88 82 12
82 89 21
89 82 16
82 90 29
90 82 26
82 91 28
91 82 28
82 92 13
92 82 26
82 93 28
93 82 23
82 94 12
94 82 23
82 95 21
95 82 25
82 96 16
96 82 21
82 97 24
97 82 28
82 98 35
98 82 26
82 99 25
99 82 22
82 100 15
100 82 29
82 101 14
101 82 23
83 84 8
84 83 7
83 85 13
85 83 15
83 86 26
86 83 21
83 87 33
87 83 24
83 88 19
88 83 19
83 89 16
89 83 12
83 90 17
90 83 34
83 91 10
91 83 18
83 92 21
92 83 17
83 93 7
93 83 14
83 94 9
94 83 16
83 95 13
95 83 17
83 96 14
96 83 13
83 97 27
97 83 19
83 98 14
98 83 17
83 99 7
99 83 13
83 100 13
100 83 19
83 101 17
101 83 21
84 85 8
85 84 10
84 86 9
86 84 15
84 87 12
87 84 21
84 88 13
88 84 26
84 89 21
89 84 16
84 90 38
90 84 41
84 91 11
91 84 13
84 92 20
92 84 14
84 93 12
93 84 10
84 94 12
94 84 16
84 95 21
95 84 16
84 96 14
96 84 12
84 97 25
97 84 17
84 98 18
98 84 13
84 99 14
99 84 10
84 100 11
100 84 14
84 101 21
101 84 24
85 86 10
86 85 13
85 87 9
87 85 13
85 88 25
88 85 32
85 89 19
89 85 16
85 90 56
90 85 47
85 91 3
91 85 3
85 92 8
92 85 6
85 93 2
93 85 3
85 94 8
94 85 11
85 95 12
95 85 9
85 96 7
96 85 8
85 97 10
97 85 9
85 98 2
98 85 3
85 99 8
99 85 6
85 100 5
100 85 4
85 101 15
101 85 23
86 87 32
87 86 24
86 88 35
88 86 40
86 89 41
89 86 28
86 90 76
90 86 56
86 91 12
91 86 11
86 92 24
92 86 18
86 93 9
93 86 15
86 94 15
94 86 24
86 95 25
95 86 22
86 96 21
96 86 20
86 97 31
97 86 21
86 98 16
98 86 15
86 99 16
99 86 18
86 100 11
100 86 14
86 101 39
101 86 35
87 88 17
88 87 34
87 89 19
89 87 17
87 90 38
90 87 49
87 91 9
91 87 13
87 92 5
92 87 7
87 93 10
93 87 11
87 94 12
94 87 9
87 95 8
95 87 7
87 96 10
96 87 11
87 97 5
97 87 4
87 98 5
98 87 9
87 99 7
99 87 11
87 100 10
100 87 10
87 101 23
101 87 18
88 89 20
89 88 17
88 90 10
90 88 16
88 91 22
91 88 35
88 92 24
92 88 30
88 93 32
93 88 29
88 94 29
94 88 25
88 95 31
95 88 28
88 96 20
96 88 25
88 97 17
97 88 31
88 98 40
98 88 32
88 99 27
99 88 27
88 100 22
100 88 35
88 101 12
101 88 19
89 90 32
90 89 32
89 91 25
91 89 19
89 92 14
92 89 14
89 93 7
93 89 14
89 94 5
94 89 8
89 95 8
95 89 11
89 96 11
96 89 9
89 97 12
97 89 14
89 98 18
98 89 16
89 99 7
99 89 11
89 100 16
100 89 19
89 101 9
101 89 9
90 91 32
91 90 51
90 92 52
92 90 46
90 93 50
93 90 45
90 94 37
94 90 40
90 95 30
95 90 43
90 96 54
96 90 41
90 97 25
97 90 46
90 98 47
98 90 48
90 99 35
99 90 42
90 100 25
100 90 50
90 101 16
101 90 32
91 92 5
92 91 8
91 93 6
93 91 6
91 94 11
94 91 14
91 95 15
95 91 11
91 96 8
96 91 11
91 97 9
97 91 10
91 98 4
98 91 4
91 99 9
99 91 9
91 100 2
100 91 3
91 101 34
101 91 25
92 93 3
93 92 4
92 94 5
94 92 6
92 95 2
95 92 4
92 96 7
96 92 5
92 97 3
97 92 3
92 98 2
98 92 3
92 99 5
99 92 4
92 100 7
100 92 6
92 101 10
101 92 18
93 94 13
94 93 9
93 95 10
95 93 7
93 96 5
96 93 5
93 97 4
97 93 8
93 98 3
98 93 3
93 99 4
99 93 3
93 100 6
100 93 6
93 101 25
101 93 20
94 95 4
95 94 3
94 96 3
96 94 4
94 97 7
97 94 6
94 98 8
98 94 9
94 99 5
99 94 6
94 100 10
100 94 12
94 101 10
101 94 12
95 96 5
96 95 4
95 97 2
97 95 3
95 98 4
98 95 7
95 99 4
99 95 5
95 100 5
100 95 9
95 101 13
101 95 15
96 97 7
97 96 7
96 98 10
98 96 7
96 99 1
99 96 2
96 100 10
100 96 10
96 101 13
101 96 15
97 98 5
98 97 6
97 99 9
99 97 7
97 100 8
100 97 8
97 101 14
101 97 17
98 99 7
99 98 5
98 100 4
100 98 3
98 101 30
101 98 21
99 100 8
100 99 8
99 101 15
101 99 17
100 101 33
101 100 24
