1 42 14 19 5700

233 290

76 3 12 22 22

1 9 36 26
2 9 21 45
3 8 45 35
4 9 55 20
5 12 33 34
6 9 50 50
7 11 55 45
9 12 40 66
10 10 55 65
14 12 62 24
15 11 21 36
16 11 33 44
17 12 9 56
18 10 62 48
20 11 44 13
22 9 11 28
23 9 7 43
24 10 17 64
25 11 41 46
26 9 55 34
27 12 35 16
28 12 52 26
30 10 31 76
31 8 22 53
34 12 55 50
35 11 54 10
36 9 60 15
37 8 47 66
38 8 30 60
39 10 30 50
41 10 15 14
42 9 16 19
43 10 21 48
44 11 50 30
45 10 51 42
47 12 48 21
49 12 15 56
51 10 54 38
52 10 55 57
53 12 67 41
55 12 6 25
56 11 65 27
8 10 26 59
11 12 35 51
12 10 62 35
13 9 62 57
19 12 66 14
21 9 26 13
29 10 43 26
32 12 26 29
33 12 50 40
40 12 12 17
46 9 50 15
48 10 12 38
50 10 29 39
54 10 10 70

57 40 60
58 70 64
59 64 4
60 36 6
61 30 20
62 20 30
63 15 5
64 50 70
65 57 72
66 45 42
67 38 33
68 50 4
69 66 8
70 59 5
71 35 60
72 27 24
73 40 20
74 40 37
75 40 40

76 1 19
1 76 15
76 2 21
2 76 23
76 3 20
3 76 26
76 4 44
4 76 33
76 5 10
5 76 16
76 6 31
6 76 39
76 7 21
7 76 40
76 9 49
9 76 48
76 10 52
10 76 54
76 14 47
14 76 40
76 15 16
15 76 14
76 16 15
16 76 25
76 17 22
17 76 36
76 18 55
18 76 47
76 20 26
20 76 24
76 22 7
22 76 13
76 23 16
23 76 26
76 24 42
24 76 42
76 25 32
25 76 30
76 26 43
26 76 35
76 27 10
27 76 14
76 28 17
28 76 30
76 30 46
30 76 55
76 31 29
31 76 31
76 34 24
34 76 43
76 35 30
35 76 34
76 36 39
36 76 39
76 37 71
37 76 51
76 38 46
38 76 39
76 39 23
39 76 29
76 41 13
41 76 11
76 42 4
42 76 7
76 43 15
43 76 26
76 44 36
44 76 29
76 45 32
45 76 35
76 47 29
47 76 26
76 49 18
49 76 35
76 51 28
51 76 35
76 52 54
52 76 48
76 53 33
53 76 48
76 55 21
55 76 16
76 56 26
56 76 43
76 8 53
8 76 37
76 11 22
11 76 32
76 12 50
12 76 42
76 13 64
13 76 53
76 19 34
19 76 45
76 21 12
21 76 10
76 29 22
29 76 21
76 32 5
32 76 8
76 33 32
33 76 33
76 40 14
40 76 11
76 46 41
46 76 29
76 48 22
48 76 19
76 50 20
50 76 18
76 54 48
54 76 49
76 57 23
57 76 42
76 58 65
58 76 63
76 59 25
59 76 45
76 60 26
60 76 21
76 61 6
61 76 8
76 62 5
62 76 8
76 63 26
63 76 18
76 64 33
64 76 55
76 65 36
65 76 61
76 66 35
66 76 30
76 67 22
67 76 19
76 68 24
68 76 33
76 69 34
69 76 46
76 70 27
70 76 40
76 71 37
71 76 40
76 72 6
72 76 5
76 73 14
73 76 18
76 74 21
74 76 23
76 75 34
75 76 25
1 2 26
2 1 24
1 3 18
3 1 13
1 4 23
4 1 20
1 5 5
5 1 9
1 6 16
6 1 28
1 7 36
7 1 27
1 9 44
9 1 40
1 10 27
10 1 43
1 14 22
14 1 26
1 15 11
15 1 18
1 16 22
16 1 18
1 17 34
17 1 40
1 18 23
18 1 34
1 20 11
20 1 15
1 22 31
22 1 25
1 23 36
23 1 34
1 24 32
24 1 42
1 25 11
25 1 21
1 26 23
26 1 21
1 27 12
27 1 10
1 28 8
28 1 16
1 30 73
30 1 50
1 31 32
31 1 30
1 34 35
34 1 31
1 35 25
35 1 24
1 36 22
36 1 26
1 37 55
37 1 41
1 38 47
38 1 34
1 39 32
39 1 25
1 41 34
41 1 24
1 42 19
42 1 21
1 43 26
43 1 27
1 44 12
44 1 15
1 45 16
45 1 22
1 47 19
47 1 13
1 49 54
49 1 37
1 51 21
51 1 22
1 52 50
52 1 36
1 53 45
53 1 34
1 55 15
55 1 30
1 56 23
56 1 29
1 8 22
8 1 34
1 11 22
11 1 25
1 12 18
12 1 28
1 13 38
13 1 40
1 19 38
19 1 32
1 21 22
21 1 16
1 29 10
29 1 7
1 32 10
32 1 10
1 33 26
33 1 20
1 40 17
40 1 26
1 46 17
46 1 18
1 48 38
48 1 27
1 50 15
50 1 15
1 54 31
54 1 51
1 57 34
57 1 34
1 58 53
58 1 51
1 59 47
59 1 36
1 60 12
60 1 20
1 61 9
61 1 8
1 62 13
62 1 16
1 63 38
63 1 29
1 64 38
64 1 46
1 65 25
65 1 50
1 66 24
66 1 18
1 67 8
67 1 7
1 68 24
68 1 26
1 69 48
69 1 35
1 70 27
70 1 31
1 71 25
71 1 34
1 72 12
72 1 9
1 73 5
73 1 7
1 74 15
74 1 11
1 75 18
75 1 14
2 3 20
3 2 26
2 4 47
4 2 42
2 5 8
5 2 16
2 6 38
6 2 29
2 7 17
7 2 34
2 9 35
9 2 28
2 10 57
10 2 39
2 14 29
14 2 46
2 15 7
15 2 9
2 16 13
16 2 12
2 17 23
17 2 16
2 18 61
18 2 41
2 20 35
20 2 39
2 22 23
22 2 20
2 23 14
23 2 14
2 24 24
24 2 19
2 25 18
25 2 20
2 26 53
26 2 36
2 27 18
27 2 32
2 28 50
28 2 36
2 30 28
30 2 33
2 31 5
31 2 8
2 34 24
34 2 34
2 35 24
35 2 48
2 36 44
36 2 49
2 37 40
37 2 33
2 38 25
38 2 17
2 39 11
39 2 10
2 41 17
41 2 32
2 42 17
42 2 26
2 43 3
43 2 3
2 44 41
44 2 33
2 45 28
45 2 30
2 47 38
47 2 36
2 49 13
49 2 13
2 51 44
51 2 33
2 52 36
52 2 36
2 53 30
53 2 46
2 55 24
55 2 25
2 56 34
56 2 48
2 8 16
8 2 15
2 11 15
11 2 15
2 12 45
12 2 42
2 13 33
13 2 43
2 19 50
19 2 55
2 21 18
21 2 32
2 29 30
29 2 29
2 32 20
32 2 17
2 33 16
33 2 29
2 40 20
40 2 29
2 46 36
46 2 41
2 48 14
48 2 11
2 50 8
50 2 10
2 54 34
54 2 27
2 57 18
57 2 24
2 58 67
58 2 52
2 59 53
59 2 59
2 60 56
60 2 42
2 61 18
61 2 27
2 62 21
62 2 15
2 63 41
63 2 40
2 64 52
64 2 38
2 65 23
65 2 45
2 66 33
66 2 24
2 67 19
67 2 21
2 68 47
68 2 50
2 69 43
69 2 58
2 70 44
70 2 54
2 71 17
71 2 21
2 72 25
72 2 22
2 73 34
73 2 31
2 74 24
74 2 21
2 75 26
75 2 20
3 4 22
4 3 18
3 5 14
5 3 12
3 6 15
6 3 16
3 7 12
7 3 14
3 9 25
9 3 31
3 10 18
10 3 32
3 14 21
14 3 20
3 15 34
15 3 24
3 16 9
16 3 15
3 17 31
17 3 42
3 18 25
18 3 21
3 20 17
20 3 22
3 22 33
22 3 35
3 23 21
23 3 39
3 24 30
24 3 40
3 25 6
25 3 12
3 26 8
26 3 10
3 27 14
27 3 21
3 28 12
28 3 11
3 30 46
30 3 43
3 31 41
31 3 29
3 34 24
34 3 18
3 35 27
35 3 27
3 36 36
36 3 25
3 37 36
37 3 31
3 38 22
38 3 29
3 39 31
39 3 21
3 41 39
41 3 37
3 42 27
42 3 33
3 43 33
43 3 27
3 44 8
44 3 7
3 45 9
45 3 9
3 47 20
47 3 14
3 49 45
49 3 37
3 51 5
51 3 9
3 52 32
52 3 24
3 53 23
53 3 22
3 55 42
55 3 40
3 56 23
56 3 22
3 8 33
8 3 31
3 11 15
11 3 19
3 12 11
12 3 17
3 13 32
13 3 28
3 19 38
19 3 30
3 21 29
21 3 29
3 29 11
29 3 9
3 32 23
32 3 20
3 33 9
33 3 7
3 40 39
40 3 38
3 46 26
46 3 21
3 48 18
48 3 33
3 50 15
50 3 16
3 54 71
54 3 49
3 57 35
57 3 25
3 58 32
58 3 38
3 59 18
59 3 36
3 60 21
60 3 30
3 61 11
61 3 21
3 62 25
62 3 25
3 63 34
63 3 42
3 64 34
64 3 35
3 65 36
65 3 39
3 66 9
66 3 7
3 67 4
67 3 7
3 68 42
68 3 31
3 69 38
69 3 34
3 70 42
70 3 33
3 71 35
71 3 27
3 72 31
72 3 21
3 73 8
73 3 16
3 74 7
74 3 5
3 75 6
75 3 7
4 5 29
5 4 26
4 6 42
6 4 30
4 7 24
7 4 25
4 9 59
9 4 48
4 10 63
10 4 45
4 14 11
14 4 8
4 15 23
15 4 38
4 16 21
16 4 33
4 17 86
17 4 58
4 18 17
18 4 29
4 20 8
20 4 13
4 22 63
22 4 45
4 23 27
23 4 53
4 24 36
24 4 58
4 25 28
25 4 30
4 26 20
26 4 14
4 27 26
27 4 20
4 28 9
28 4 7
4 30 39
30 4 61
4 31 66
31 4 47
4 34 28
34 4 30
4 35 10
35 4 10
4 36 7
36 4 7
4 37 34
37 4 46
4 38 50
38 4 47
4 39 56
39 4 39
4 41 36
41 4 40
4 42 37
42 4 39
4 43 61
43 4 44
4 44 9
44 4 11
4 45 16
45 4 22
4 47 4
47 4 7
4 49 74
49 4 54
4 51 15
51 4 18
4 52 29
52 4 37
4 53 21
53 4 24
4 55 45
55 4 49
4 56 15
56 4 12
4 8 56
8 4 49
4 11 48
11 4 37
4 12 21
12 4 17
4 13 39
13 4 38
4 19 12
19 4 13
4 21 18
21 4 30
4 29 18
29 4 13
4 32 27
32 4 30
4 33 25
33 4 21
4 40 41
40 4 43
4 46 10
46 4 7
4 48 24
48 4 46
4 50 21
50 4 32
4 54 66
54 4 67
4 57 27
57 4 43
4 58 48
58 4 46
4 59 21
59 4 18
4 60 28
60 4 24
4 61 33
61 4 25
4 62 37
62 4 36
4 63 35
63 4 43
4 64 73
64 4 50
4 65 73
65 4 52
4 66 24
66 4 24
4 67 22
67 4 21
4 68 20
68 4 17
4 69 10
69 4 16
4 70 9
70 4 16
4 71 37
71 4 45
4 72 17
72 4 28
4 73 9
73 4 15
4 74 21
74 4 23
4 75 13
75 4 25
5 6 19
6 5 23
5 7 16
7 5 25
5 9 28
9 5 33
5 10 37
10 5 38
5 14 42
14 5 31
5 15 11
15 5 12
5 16 10
16 5 10
5 17 40
17 5 33
5 18 25
18 5 32
5 20 35
20 5 24
5 22 34
22 5 23
5 23 23
23 5 28
5 24 40
24 5 34
5 25 17
25 5 14
5 26 20
26 5 22
5 27 9
27 5 18
5 28 31
28 5 21
5 30 31
30 5 42
5 31 14
31 5 22
5 34 19
34 5 27
5 35 32
35 5 32
5 36 40
36 5 33
5 37 46
37 5 35
5 38 36
38 5 26
5 39 23
39 5 16
5 41 40
41 5 27
5 42 24
42 5 23
5 43 13
43 5 18
5 44 22
44 5 17
5 45 11
45 5 20
5 47 24
47 5 20
5 49 20
49 5 28
5 51 22
51 5 21
5 52 38
52 5 32
5 53 17
53 5 34
5 55 14
55 5 28
5 56 35
56 5 32
5 8 14
8 5 26
5 11 19
11 5 17
5 12 16
12 5 29
5 13 36
13 5 37
5 19 24
19 5 39
5 21 27
21 5 22
5 29 16
29 5 13
5 32 9
32 5 9
5 33 24
33 5 18
5 40 18
40 5 27
5 46 22
46 5 25
5 48 20
48 5 21
5 50 8
50 5 6
5 54 35
54 5 42
5 57 38
57 5 27
5 58 52
58 5 47
5 59 51
59 5 43
5 60 22
60 5 28
5 61 11
61 5 14
5 62 20
62 5 14
5 63 24
63 5 34
5 64 36
64 5 40
5 65 57
65 5 45
5 66 17
66 5 14
5 67 4
67 5 5
5 68 31
68 5 34
5 69 36
69 5 42
5 70 47
70 5 38
5 71 26
71 5 26
5 72 15
72 5 12
5 73 18
73 5 16
5 74 10
74 5 8
5 75 8
75 5 9
6 7 7
7 6 7
6 9 15
9 6 19
6 10 17
10 6 16
6 14 20
14 6 29
6 15 47
15 6 32
6 16 13
16 6 18
6 17 38
17 6 41
6 18 7
18 6 12
6 20 26
20 6 37
6 22 56
22 6 45
6 23 48
23 6 44
6 24 23
24 6 36
6 25 8
25 6 10
6 26 21
26 6 17
6 27 47
27 6 37
6 28 13
28 6 24
6 30 18
30 6 32
6 31 28
31 6 28
6 34 5
34 6 5
6 35 51
35 6 40
6 36 44
36 6 36
6 37 8
37 6 16
6 38 24
38 6 22
6 39 15
39 6 20
6 41 29
41 6 50
6 42 48
42 6 46
6 43 43
43 6 29
6 44 12
44 6 20
6 45 9
45 6 8
6 47 40
47 6 29
6 49 34
49 6 36
6 51 14
51 6 13
6 52 8
52 6 9
6 53 19
53 6 19
6 55 33
55 6 51
6 56 26
56 6 27
6 8 24
8 6 26
6 11 8
11 6 15
6 12 24
12 6 19
6 13 7
13 6 14
6 19 22
19 6 39
6 21 47
21 6 44
6 29 22
29 6 25
6 32 44
32 6 32
6 33 6
33 6 10
6 40 40
40 6 50
6 46 48
46 6 35
6 48 53
48 6 40
6 50 13
50 6 24
6 54 58
54 6 44
6 57 10
57 6 14
6 58 17
58 6 24
6 59 67
59 6 48
6 60 51
60 6 46
6 61 28
61 6 36
6 62 49
62 6 36
6 63 58
63 6 57
6 64 23
64 6 20
6 65 14
65 6 23
6 66 7
66 6 9
6 67 26
67 6 20
6 68 61
68 6 46
6 69 47
69 6 45
6 70 63
70 6 46
6 71 9
71 6 18
6 72 28
72 6 34
6 73 39
73 6 32
6 74 21
74 6 16
6 75 13
75 6 14
7 9 15
9 7 26
7 10 16
10 7 20
7 14 16
14 7 22
7 15 28
15 7 35
7 16 26
16 7 22
7 17 34
17 7 47
7 18 9
18 7 8
7 20 35
20 7 34
7 22 40
22 7 47
7 23 33
23 7 48
7 24 52
24 7 42
7 25 11
25 7 14
7 26 7
26 7 11
7 27 40
27 7 35
7 28 26
28 7 19
7 30 57
30 7 39
7 31 25
31 7 34
7 34 7
34 7 5
7 35 23
35 7 35
7 36 41
36 7 30
7 37 31
37 7 22
7 38 20
38 7 29
7 39 29
39 7 25
7 41 57
41 7 51
7 42 60
42 7 47
7 43 21
43 7 34
7 44 11
44 7 16
7 45 7
45 7 5
7 47 26
47 7 25
7 49 59
49 7 41
7 51 9
51 7 7
7 52 16
52 7 12
7 53 7
53 7 13
7 55 48
55 7 53
7 56 23
56 7 21
7 8 29
8 7 32
7 11 11
11 7 21
7 12 8
12 7 12
7 13 17
13 7 14
7 19 38
19 7 33
7 21 33
21 7 43
7 29 15
29 7 22
7 32 39
32 7 33
7 33 4
33 7 7
7 40 67
40 7 51
7 46 31
46 7 30
7 48 24
48 7 44
7 50 30
50 7 27
7 54 67
54 7 51
7 57 29
57 7 21
7 58 22
58 7 24
7 59 55
59 7 42
7 60 41
60 7 43
7 61 50
61 7 35
7 62 22
62 7 38
7 63 45
63 7 56
7 64 36
64 7 25
7 65 34
65 7 27
7 66 13
66 7 10
7 67 18
67 7 21
7 68 49
68 7 41
7 69 26
69 7 38
7 70 35
70 7 40
7 71 22
71 7 25
7 72 48
72 7 35
7 73 26
73 7 29
7 74 9
74 7 17
7 75 17
75 7 15
9 10 8
10 9 15
9 14 33
14 9 47
9 15 47
15 9 36
9 16 15
16 9 23
9 17 39
17 9 33
9 18 31
18 9 28
9 20 54
20 9 53
9 22 31
22 9 48
9 23 35
23 9 40
9 24 32
24 9 23
9 25 27
25 9 20
9 26 52
26 9 35
9 27 33
27 9 50
9 28 24
28 9 42
9 30 7
30 9 13
9 31 19
31 9 22
9 34 31
34 9 22
9 35 63
35 9 58
9 36 62
36 9 55
9 37 9
37 9 7
9 38 13
38 9 12
9 39 13
39 9 19
9 41 38
41 9 58
9 42 69
42 9 53
9 43 31
43 9 26
9 44 43
44 9 37
9 45 27
45 9 26
9 47 34
47 9 46
9 49 23
49 9 27
9 51 26
51 9 31
9 52 9
52 9 17
9 53 37
53 9 37
9 55 37
55 9 53
9 56 25
56 9 46
9 8 22
8 9 16
9 11 14
11 9 16
9 12 35
12 9 38
9 13 18
13 9 24
9 19 38
19 9 58
9 21 77
21 9 55
9 29 42
29 9 40
9 32 40
32 9 40
9 33 14
33 9 28
9 40 54
40 9 56
9 46 75
46 9 52
9 48 41
48 9 39
9 50 30
50 9 29
9 54 38
54 9 30
9 57 6
57 9 6
9 58 17
58 9 30
9 59 63
59 9 66
9 60 72
60 9 60
9 61 39
61 9 47
9 62 43
62 9 41
9 63 44
63 9 66
9 64 7
64 9 11
9 65 26
65 9 18
9 66 33
66 9 25
9 67 32
67 9 33
9 68 59
68 9 63
9 69 84
69 9 63
9 70 60
70 9 64
9 71 11
71 9 8
9 72 45
72 9 44
9 73 52
73 9 46
9 74 33
74 9 29
9 75 22
75 9 26
10 14 31
14 10 42
10 15 63
15 10 45
10 16 37
16 10 30
10 17 56
17 10 47
10 18 13
18 10 18
10 20 41
20 10 53
10 22 44
22 10 57
10 23 69
23 10 53
10 24 41
24 10 38
10 25 24
25 10 24
10 26 42
26 10 31
10 27 38
27 10 53
10 28 31
28 10 39
10 30 22
30 10 26
10 31 51
31 10 35
10 34 21
34 10 15
10 35 71
35 10 55
10 36 68
36 10 50
10 37 9
37 10 8
10 38 16
38 10 25
10 39 30
39 10 29
10 41 45
41 10 65
10 42 59
42 10 60
10 43 48
43 10 38
10 44 21
44 10 35
10 45 16
45 10 23
10 47 50
47 10 44
10 49 35
49 10 41
10 51 34
51 10 27
10 52 6
52 10 8
10 53 14
53 10 27
10 55 53
55 10 63
10 56 34
56 10 39
10 8 34
8 10 30
10 11 21
11 10 24
10 12 30
12 10 31
10 13 6
13 10 11
10 19 48
19 10 52
10 21 80
21 10 60
10 29 55
29 10 41
10 32 60
32 10 46
10 33 21
33 10 25
10 40 86
40 10 64
10 46 47
46 10 50
10 48 59
48 10 50
10 50 36
50 10 36
10 54 40
54 10 45
10 57 18
57 10 16
10 58 10
58 10 15
10 59 63
59 10 62
10 60 31
60 10 62
10 61 28
61 10 51
10 62 56
62 10 49
10 63 85
63 10 72
10 64 6
64 10 7
10 65 9
65 10 7
10 66 21
66 10 25
10 67 28
67 10 36
10 68 53
68 10 61
10 69 50
69 10 58
10 70 76
70 10 60
10 71 18
71 10 21
10 72 62
72 10 50
10 73 46
73 10 47
10 74 24
74 10 32
10 75 26
75 10 29
14 15 51
15 14 43
14 16 45
16 14 35
14 17 80
17 14 62
14 18 12
18 14 24
14 20 28
20 14 21
14 22 60
22 14 51
14 23 44
23 14 58
14 24 42
24 14 60
14 25 28
25 14 30
14 26 12
26 14 12
14 27 29
27 14 28
14 28 9
28 14 10
14 30 47
30 14 60
14 31 67
31 14 49
14 34 39
34 14 27
14 35 20
35 14 16
14 36 13
36 14 9
14 37 46
37 14 45
14 38 28
38 14 48
14 39 24
39 14 41
14 41 48
41 14 48
14 42 23
42 14 46
14 43 25
43 14 48
14 44 9
44 14 13
14 45 11
45 14 21
14 47 15
47 14 14
14 49 61
49 14 57
14 51 19
51 14 16
14 52 22
52 14 34
14 53 9
53 14 18
14 55 78
55 14 56
14 56 4
56 14 4
14 8 53
8 14 50
14 11 31
11 14 38
14 12 11
12 14 11
14 13 38
13 14 33
14 19 13
19 14 11
14 21 56
21 14 38
14 29 27
29 14 19
14 32 52
32 14 36
14 33 26
33 14 20
14 40 47
40 14 50
14 46 22
46 14 15
14 48 58
48 14 52
14 50 41
50 14 36
14 54 89
54 14 69
14 57 21
57 14 42
14 58 55
58 14 41
14 59 12
59 14 20
14 60 20
60 14 32
14 61 40
61 14 32
14 62 39
62 14 42
14 63 44
63 14 51
14 64 59
64 14 48
14 65 64
65 14 48
14 66 19
66 14 25
14 67 29
67 14 25
14 68 30
68 14 23
14 69 22
69 14 16
14 70 10
70 14 19
14 71 29
71 14 45
14 72 51
72 14 35
14 73 16
73 14 22
14 74 15
74 14 25
14 75 35
75 14 27
15 16 8
16 15 14
15 17 22
17 15 23
15 18 40
18 15 43
15 20 20
20 15 33
15 22 19
22 15 13
15 23 20
23 15 16
15 24 39
24 15 28
15 25 15
25 15 22
15 26 22
26 15 34
15 27 30
27 15 24
15 28 25
28 15 33
15 30 33
30 15 41
15 31 17
31 15 17
15 34 33
34 15 37
15 35 57
35 15 42
15 36 47
36 15 44
15 37 46
37 15 40
15 38 30
38 15 26
15 39 13
39 15 17
15 41 21
41 15 23
15 42 11
42 15 18
15 43 13
43 15 12
15 44 37
44 15 30
15 45 42
45 15 31
15 47 33
47 15 31
15 49 31
49 15 21
15 51 22
51 15 33
15 52 38
52 15 40
15 53 65
53 15 46
15 55 23
55 15 19
15 56 38
56 15 45
15 8 35
8 15 24
15 11 23
11 15 21
15 12 33
12 15 41
15 13 65
13 15 46
15 19 32
19 15 50
15 21 28
21 15 24
15 29 22
29 15 24
15 32 9
32 15 9
15 33 25
33 15 29
15 40 17
40 15 21
15 46 39
46 15 36
15 48 9
48 15 9
15 50 12
50 15 9
15 54 46
54 15 36
15 57 42
57 15 31
15 58 30
58 15 56
15 59 80
59 15 54
15 60 17
60 15 34
15 61 12
61 15 18
15 62 7
62 15 6
15 63 27
63 15 31
15 64 35
64 15 45
15 65 45
65 15 51
15 66 15
66 15 25
15 67 16
67 15 17
15 68 28
68 15 43
15 69 74
69 15 53
15 70 66
70 15 49
15 71 22
71 15 28
15 72 18
72 15 13
15 73 37
73 15 25
15 74 16
74 15 19
15 75 19
75 15 19
16 17 40
17 16 27
16 18 35
18 16 29
16 20 44
20 16 33
16 22 38
22 16 27
16 23 14
23 16 26
16 24 16
24 16 26
16 25 8
25 16 8
16 26 13
26 16 24
16 27 19
27 16 28
16 28 29
28 16 26
16 30 45
30 16 32
16 31 18
31 16 14
16 34 25
34 16 23
16 35 32
35 16 40
16 36 41
36 16 40
16 37 21
37 16 26
16 38 15
38 16 16
16 39 8
39 16 7
16 41 50
41 16 35
16 42 44
42 16 30
16 43 19
43 16 13
16 44 11
44 16 22
16 45 25
45 16 18
16 47 33
47 16 27
16 49 12
49 16 22
16 51 26
51 16 21
16 52 15
52 16 26
16 53 42
53 16 34
16 55 30
55 16 33
16 56 35
56 16 36
16 8 19
8 16 17
16 11 5
11 16 7
16 12 33
12 16 30
16 13 24
13 16 32
16 19 61
19 16 45
16 21 47
21 16 32
16 29 28
29 16 21
16 32 19
32 16 17
16 33 22
33 16 17
16 40 28
40 16 34
16 46 29
46 16 34
16 48 22
48 16 22
16 50 8
50 16 6
16 54 34
54 16 35
16 57 17
57 16 17
16 58 39
58 16 42
16 59 27
59 16 50
16 60 27
60 16 38
16 61 25
61 16 24
16 62 28
62 16 19
16 63 57
63 16 43
16 64 34
64 16 31
16 65 44
65 16 37
16 66 8
66 16 12
16 67 8
67 16 12
16 68 24
68 16 43
16 69 67
69 16 49
16 70 52
70 16 46
16 71 19
71 16 16
16 72 29
72 16 21
16 73 14
73 16 25
16 74 12
74 16 10
16 75 5
75 16 8
17 18 45
18 17 54
17 20 78
20 17 55
17 22 30
22 17 28
17 23 17
23 17 13
17 24 10
24 17 11
17 25 34
25 17 34
17 26 41
26 17 51
17 27 27
27 17 48
17 28 38
28 17 52
17 30 29
30 17 29
17 31 19
31 17 13
17 34 44
34 17 46
17 35 67
35 17 64
17 36 72
36 17 65
17 37 32
37 17 39
17 38 16
38 17 21
17 39 31
39 17 22
17 41 39
41 17 42
17 42 44
42 17 38
17 43 18
43 17 14
17 44 47
44 17 48
17 45 36
45 17 44
17 47 27
47 17 52
17 49 4
49 17 6
17 51 61
51 17 48
17 52 35
52 17 46
17 53 87
53 17 60
17 55 46
55 17 31
17 56 80
56 17 63
17 8 23
8 17 17
17 11 31
11 17 26
17 12 40
12 17 57
17 13 44
13 17 53
17 19 83
19 17 71
17 21 55
21 17 46
17 29 28
29 17 45
17 32 29
32 17 32
17 33 51
33 17 44
17 40 21
40 17 39
17 46 72
46 17 58
17 48 25
48 17 18
17 50 28
50 17 26
17 54 18
54 17 14
17 57 37
57 17 31
17 58 82
58 17 61
17 59 106
59 17 75
17 60 34
60 17 57
17 61 31
61 17 42
17 62 17
62 17 28
17 63 33
63 17 51
17 64 36
64 17 43
17 65 54
65 17 50
17 66 54
66 17 38
17 67 32
67 17 37
17 68 55
68 17 66
17 69 94
69 17 74
17 70 48
70 17 71
17 71 32
71 17 26
17 72 43
72 17 37
17 73 54
73 17 48
17 74 49
74 17 36
17 75 20
75 17 35
18 20 31
20 18 39
18 22 73
22 18 55
18 23 82
23 18 55
18 24 62
24 18 48
18 25 19
25 18 21
18 26 23
26 18 16
18 27 59
27 18 42
18 28 27
28 18 24
18 30 52
30 18 42
18 31 43
31 18 40
18 34 5
34 18 7
18 35 34
35 18 39
18 36 46
36 18 33
18 37 16
37 18 23
18 38 48
38 18 34
18 39 23
39 18 32
18 41 72
41 18 58
18 42 41
42 18 54
18 43 34
43 18 41
18 44 26
44 18 22
18 45 11
45 18 13
18 47 16
47 18 30
18 49 50
49 18 47
18 51 19
51 18 13
18 52 11
52 18 11
18 53 6
53 18 9
18 55 58
55 18 60
18 56 21
56 18 21
18 8 19
8 18 38
18 11 25
11 18 27
18 12 11
12 18 13
18 13 12
13 18 9
18 19 44
19 18 34
18 21 46
21 18 50
18 29 36
29 18 29
18 32 58
32 18 41
18 33 18
33 18 14
18 40 57
40 18 58
18 46 38
46 18 35
18 48 53
48 18 51
18 50 30
50 18 34
18 54 68
54 18 56
18 57 35
57 18 25
18 58 26
58 18 18
18 59 34
59 18 44
18 60 53
60 18 49
18 61 55
61 18 42
18 62 30
62 18 46
18 63 84
63 18 63
18 64 18
64 18 25
18 65 36
65 18 25
18 66 15
66 18 18
18 67 17
67 18 28
18 68 60
68 18 46
18 69 50
69 18 40
18 70 55
70 18 43
18 71 20
71 18 29
18 72 58
72 18 42
18 73 22
73 18 36
18 74 13
74 18 24
18 75 31
75 18 23
20 22 51
22 20 36
20 23 38
23 20 48
20 24 55
24 20 58
20 25 17
25 20 33
20 26 26
26 20 24
20 27 5
27 20 9
20 28 17
28 20 15
20 30 87
30 20 64
20 31 36
31 20 46
20 34 43
34 20 39
20 35 12
35 20 10
20 36 15
36 20 16
20 37 58
37 20 53
20 38 50
38 20 49
20 39 40
39 20 40
20 41 21
41 20 29
20 42 22
42 20 28
20 43 28
43 20 42
20 44 25
44 20 18
20 45 34
45 20 30
20 47 6
47 20 9
20 49 49
49 20 52
20 51 23
51 20 27
20 52 55
52 20 45
20 53 39
53 20 36
20 55 37
55 20 39
20 56 31
56 20 25
20 8 36
8 20 49
20 11 27
11 20 39
20 12 26
12 20 28
20 13 39
13 20 48
20 19 29
19 20 22
20 21 14
21 20 18
20 29 12
29 20 13
20 32 29
32 20 24
20 33 28
33 20 28
20 40 44
40 20 32
20 46 6
46 20 6
20 48 22
48 20 41
20 50 18
50 20 30
20 54 86
54 20 66
20 57 47
57 20 47
20 58 68
58 20 57
20 59 28
59 20 22
20 60 13
60 20 11
20 61 16
61 20 15
20 62 37
62 20 29
20 63 37
63 20 30
20 64 85
64 20 57
20 65 47
65 20 60
20 66 30
66 20 29
20 67 25
67 20 21
20 68 7
68 20 11
20 69 20
69 20 22
20 70 15
70 20 17
20 71 36
71 20 48
20 72 15
72 20 20
20 73 5
73 20 8
20 74 25
74 20 24
20 75 36
75 20 27
22 23 14
23 22 16
22 24 45
24 22 36
22 25 24
25 22 35
22 26 62
26 22 44
22 27 18
27 22 27
22 28 49
28 22 41
22 30 58
30 22 52
22 31 16
31 22 27
22 34 41
34 22 49
22 35 52
35 22 47
22 36 54
36 22 51
22 37 41
37 22 52
22 38 40
38 22 37
22 39 41
39 22 29
22 41 10
41 22 15
22 42 8
42 22 10
22 43 26
43 22 22
22 44 33
44 22 39
22 45 41
45 22 42
22 47 32
47 22 38
22 49 35
49 22 28
22 51 40
51 22 44
22 52 60
52 22 53
22 53 35
53 22 57
22 55 6
55 22 6
22 56 71
56 22 54
22 8 19
8 22 34
22 11 26
11 22 33
22 12 46
12 22 51
22 13 86
13 22 59
22 19 56
19 22 57
22 21 23
21 22 21
22 29 39
29 22 32
22 32 9
32 22 15
22 33 34
33 22 41
22 40 6
40 22 11
22 46 45
46 22 41
22 48 6
48 22 10
22 50 25
50 22 21
22 54 33
54 22 42
22 57 22
57 22 43
22 58 86
58 22 69
22 59 34
59 22 58
22 60 41
60 22 33
22 61 15
61 22 21
22 62 11
62 22 9
22 63 31
63 22 23
22 64 83
64 22 57
22 65 36
65 22 64
22 66 44
66 22 37
22 67 22
67 22 27
22 68 25
68 22 46
22 69 55
69 22 58
22 70 43
70 22 53
22 71 49
71 22 40
22 72 10
72 22 16
22 73 37
73 22 30
22 74 18
74 22 30
22 75 30
75 22 31
23 24 34
24 23 23
23 25 41
25 23 34
23 26 62
26 23 49
23 27 35
27 23 39
23 28 44
28 23 48
23 30 44
30 23 41
23 31 17
31 23 18
23 34 38
34 23 49
23 35 37
35 23 57
23 36 45
36 23 60
23 37 54
37 23 46
23 38 38
38 23 29
23 39 16
39 23 24
23 41 17
41 23 30
23 42 36
42 23 26
23 43 21
43 23 15
23 44 60
44 23 45
23 45 36
45 23 44
23 47 70
47 23 47
23 49 17
49 23 15
23 51 28
51 23 47
23 52 28
52 23 50
23 53 38
53 23 60
23 55 18
55 23 18
23 56 60
56 23 60
23 8 27
8 23 25
23 11 43
11 23 29
23 12 29
12 23 56
23 13 77
13 23 57
23 19 84
19 23 66
23 21 33
21 23 36
23 29 20
29 23 40
23 32 25
32 23 24
23 33 34
33 23 43
23 40 32
40 23 26
23 46 48
46 23 51
23 48 6
48 23 7
23 50 32
50 23 22
23 54 34
54 23 27
23 57 29
57 23 37
23 58 73
58 23 66
23 59 81
59 23 69
23 60 44
60 23 47
23 61 21
61 23 32
23 62 26
62 23 18
23 63 50
63 23 38
23 64 48
64 23 51
23 65 52
65 23 58
23 66 27
66 23 38
23 67 27
67 23 33
23 68 78
68 23 58
23 69 37
69 23 68
23 70 56
70 23 64
23 71 43
71 23 33
23 72 31
72 23 27
23 73 58
73 23 40
23 74 33
74 23 33
23 75 23
75 23 33
24 25 43
25 24 30
24 26 50
26 24 48
24 27 52
27 24 51
24 28 41
28 24 52
24 30 21
30 24 18
24 31 12
31 24 12
24 34 50
34 24 40
24 35 59
35 24 65
24 36 55
36 24 65
24 37 35
37 24 30
24 38 17
38 24 14
24 39 22
39 24 19
24 41 51
41 24 50
24 42 42
42 24 45
24 43 17
43 24 16
24 44 37
44 24 47
24 45 53
45 24 40
24 47 60
47 24 53
24 49 6
49 24 8
24 51 37
51 24 45
24 52 43
52 24 39
24 53 82
53 24 55
24 55 59
55 24 40
24 56 79
56 24 60
24 8 14
8 24 10
24 11 23
11 24 22
24 12 29
12 24 54
24 13 44
13 24 46
24 19 86
19 24 70
24 21 59
21 24 52
24 29 24
29 24 46
24 32 34
32 24 36
24 33 38
33 24 41
24 40 51
40 24 47
24 46 51
46 24 59
24 48 21
48 24 26
24 50 38
50 24 28
24 54 12
54 24 9
24 57 23
57 24 23
24 58 48
58 24 53
24 59 46
59 24 76
24 60 35
60 24 61
24 61 34
61 24 45
24 62 28
62 24 34
24 63 50
63 24 59
24 64 40
64 24 34
24 65 26
65 24 41
24 66 29
66 24 36
24 67 22
67 24 37
24 68 44
68 24 68
24 69 69
69 24 74
24 70 96
70 24 72
24 71 12
71 24 18
24 72 42
72 24 41
24 73 62
73 24 50
24 74 33
74 24 35
24 75 49
75 24 33
25 26 12
26 25 18
25 27 27
27 25 31
25 28 24
28 25 23
25 30 40
30 25 32
25 31 22
31 25 20
25 34 8
34 25 15
25 35 53
35 25 38
25 36 52
36 25 36
25 37 30
37 25 21
25 38 21
38 25 18
25 39 12
39 25 12
25 41 59
41 25 41
25 42 33
42 25 37
25 43 24
43 25 20
25 44 22
44 25 18
25 45 16
45 25 11
25 47 20
47 25 26
25 49 24
49 25 28
25 51 9
51 25 15
25 52 13
52 25 18
25 53 22
53 25 26
25 55 42
55 25 41
25 56 28
56 25 30
25 8 27
8 25 20
25 11 5
11 25 8
25 12 25
12 25 24
25 13 15
13 25 24
25 19 61
19 25 41
25 21 45
21 25 36
25 29 29
29 25 20
25 32 26
32 25 23
25 33 12
33 25 11
25 40 27
40 25 41
25 46 19
46 25 32
25 48 17
48 25 30
25 50 9
50 25 14
25 54 46
54 25 39
25 57 19
57 25 14
25 58 38
58 25 34
25 59 46
59 25 48
25 60 58
60 25 40
25 61 23
61 25 28
25 62 35
62 25 26
25 63 44
63 25 49
25 64 31
64 25 26
25 65 19
65 25 31
25 66 7
66 25 6
25 67 17
67 25 13
25 68 31
68 25 43
25 69 66
69 25 45
25 70 32
70 25 45
25 71 10
71 25 15
25 72 18
72 25 26
25 73 19
73 25 26
25 74 7
74 25 9
25 75 4
75 25 6
26 27 26
27 26 27
26 28 9
28 26 9
26 30 35
30 26 48
26 31 46
31 26 38
26 34 16
34 26 16
26 35 13
35 26 24
26 36 25
36 26 20
26 37 25
37 26 33
26 38 34
38 26 36
26 39 38
39 26 30
26 41 59
41 26 44
26 42 40
42 26 42
26 43 37
43 26 37
26 44 7
44 26 6
26 45 12
45 26 9
26 47 13
47 26 15
26 49 38
49 26 46
26 51 3
51 26 4
26 52 12
52 26 23
26 53 7
53 26 14
26 55 57
55 26 49
26 56 10
56 26 12
26 8 48
8 26 38
26 11 30
11 26 26
26 12 8
12 26 7
26 13 30
13 26 24
26 19 12
19 26 23
26 21 32
21 26 36
26 29 11
29 26 14
26 32 32
32 26 29
26 33 9
33 26 8
26 40 34
40 26 46
26 46 24
46 26 20
26 48 27
48 26 43
26 50 26
50 26 26
26 54 73
54 26 58
26 57 23
57 26 30
26 58 24
58 26 34
26 59 43
59 26 31
26 60 36
60 26 34
26 61 34
61 26 28
26 62 41
62 26 35
26 63 43
63 26 49
26 64 48
64 26 36
26 65 54
65 26 38
26 66 19
66 26 13
26 67 11
67 26 17
26 68 27
68 26 30
26 69 18
69 26 28
26 70 24
70 26 29
26 71 18
71 26 33
26 72 36
72 26 30
26 73 16
73 26 20
26 74 8
74 26 15
26 75 18
75 26 16
27 28 11
28 27 20
27 30 53
30 27 60
27 31 37
31 27 39
27 34 57
34 27 39
27 35 24
35 27 20
27 36 19
36 27 25
27 37 48
37 27 51
27 38 57
38 27 44
27 39 21
39 27 34
27 41 14
41 27 20
27 42 18
42 27 19
27 43 49
43 27 35
27 44 31
44 27 21
27 45 36
45 27 30
27 47 10
47 27 14
27 49 28
49 27 45
27 51 32
51 27 29
27 52 33
52 27 46
27 53 34
53 27 41
27 55 41
55 27 30
27 56 27
56 27 32
27 8 26
8 27 44
27 11 27
11 27 35
27 12 43
12 27 33
27 13 36
13 27 49
27 19 20
19 27 31
27 21 12
21 27 9
27 29 18
29 27 13
27 32 22
32 27 16
27 33 34
33 27 28
27 40 14
40 27 23
27 46 10
46 27 15
27 48 24
48 27 32
27 50 23
50 27 24
27 54 37
54 27 60
27 57 25
57 27 44
27 58 47
58 27 59
27 59 16
59 27 31
27 60 7
60 27 10
27 61 8
61 27 6
27 62 12
62 27 20
27 63 30
63 27 23
27 64 37
64 27 56
27 65 89
65 27 60
27 66 33
66 27 28
27 67 17
67 27 17
27 68 15
68 27 19
27 69 28
69 27 32
27 70 21
70 27 26
27 71 63
71 27 44
27 72 8
72 27 11
27 73 3
73 27 6
27 74 20
74 27 21
27 75 14
75 27 24
28 30 66
30 28 54
28 31 49
31 28 40
28 34 14
34 28 24
28 35 23
35 28 16
28 36 17
36 28 14
28 37 53
37 28 40
28 38 57
38 28 40
28 39 43
39 28 33
28 41 32
41 28 39
28 42 21
42 28 37
28 43 54
43 28 38
28 44 2
44 28 4
28 45 10
45 28 16
28 47 7
47 28 6
28 49 64
49 28 48
28 51 10
51 28 12
28 52 41
52 28 31
28 53 13
53 28 21
28 55 40
55 28 46
28 56 17
56 28 13
28 8 31
8 28 42
28 11 26
11 28 30
28 12 16
12 28 13
28 13 46
13 28 33
28 19 16
19 28 18
28 21 34
21 28 29
28 29 11
29 28 9
28 32 18
32 28 26
28 33 13
33 28 14
28 40 36
40 28 41
28 46 10
46 28 11
28 48 56
48 28 42
28 50 14
50 28 26
28 54 42
54 28 61
28 57 29
57 28 36
28 58 46
58 28 42
28 59 30
59 28 25
28 60 33
60 28 25
28 61 14
61 28 23
28 62 36
62 28 32
28 63 24
63 28 43
28 64 51
64 28 44
28 65 50
65 28 46
28 66 22
66 28 17
28 67 17
67 28 16
28 68 27
68 28 22
28 69 12
69 28 23
28 70 27
70 28 22
28 71 20
71 28 38
28 72 15
72 28 25
28 73 11
73 28 13
28 74 15
74 28 16
28 75 24
75 28 18
30 31 24
31 30 25
30 34 23
34 30 35
30 35 66
35 30 70
30 36 62
36 30 68
30 37 24
37 30 19
30 38 22
38 30 16
30 39 13
39 30 26
30 41 68
41 30 64
30 42 73
42 30 59
30 43 33
43 30 30
30 44 43
44 30 50
30 45 27
45 30 39
30 47 80
47 30 58
30 49 16
49 30 26
30 51 30
51 30 44
30 52 36
52 30 31
30 53 55
53 30 50
30 55 34
55 30 56
30 56 64
56 30 60
30 8 15
8 30 18
30 11 17
11 30 25
30 12 70
12 30 51
30 13 49
13 30 36
30 19 87
19 30 71
30 21 32
21 30 63
30 29 72
29 30 51
30 32 60
32 30 47
30 33 53
33 30 41
30 40 75
40 30 62
30 46 54
46 30 64
30 48 61
48 30 42
30 50 47
50 30 37
30 54 22
54 30 22
30 57 24
57 30 18
30 58 54
58 30 41
30 59 117
59 30 79
30 60 104
60 30 70
30 61 49
61 30 56
30 62 70
62 30 47
30 63 54
63 30 72
30 64 13
64 30 20
30 65 21
65 30 26
30 66 29
66 30 37
30 67 23
67 30 44
30 68 107
68 30 74
30 69 89
69 30 76
30 70 43
70 30 76
30 71 20
71 30 16
30 72 48
72 30 52
30 73 68
73 30 56
30 74 49
74 30 40
30 75 19
75 30 37
31 34 48
34 31 33
31 35 55
35 31 54
31 36 45
36 31 54
31 37 34
37 31 28
31 38 8
38 31 11
31 39 10
39 31 9
31 41 45
41 31 40
31 42 29
42 31 35
31 43 6
43 31 5
31 44 49
44 31 36
31 45 46
45 31 31
31 47 30
47 31 41
31 49 4
49 31 8
31 51 42
51 31 35
31 52 18
52 31 33
31 53 70
53 31 47
31 55 32
55 31 32
31 56 52
56 31 50
31 8 7
8 31 7
31 11 9
11 31 13
31 12 42
12 31 44
31 13 56
13 31 40
31 19 60
19 31 58
31 21 51
21 31 40
31 29 18
29 31 34
31 32 30
32 31 24
31 33 21
33 31 31
31 40 24
40 31 37
31 46 67
46 31 47
31 48 26
48 31 18
31 50 9
50 31 16
31 54 17
54 31 21
31 57 20
57 31 19
31 58 34
58 31 49
31 59 63
59 31 64
31 60 43
60 31 49
31 61 37
61 31 34
31 62 27
62 31 23
31 63 27
63 31 48
31 64 42
64 31 33
31 65 42
65 31 40
31 66 19
66 31 25
31 67 37
67 31 26
31 68 52
68 31 56
31 69 42
69 31 63
31 70 32
70 31 60
31 71 11
71 31 15
31 72 31
72 31 29
31 73 50
73 31 38
31 74 32
74 31 24
31 75 11
75 31 22
34 35 38
35 34 40
34 36 41
36 34 35
34 37 18
37 34 18
34 38 26
38 34 27
34 39 22
39 34 25
34 41 73
41 34 54
34 42 63
42 34 50
34 43 28
43 34 34
34 44 16
44 34 21
34 45 7
45 34 9
34 47 42
47 34 30
34 49 55
49 34 40
34 51 13
51 34 12
34 52 10
52 34 7
34 53 16
53 34 15
34 55 58
55 34 55
34 56 21
56 34 25
34 8 26
8 34 30
34 11 15
11 34 20
34 12 15
12 34 17
34 13 13
13 34 10
34 19 22
19 34 38
34 21 46
21 34 47
34 29 38
29 34 27
34 32 35
32 34 36
34 33 15
33 34 11
34 40 51
40 34 54
34 46 18
46 34 35
34 48 56
48 34 45
34 50 15
50 34 28
34 54 30
54 34 49
34 57 23
57 34 18
34 58 17
58 34 21
34 59 29
59 34 47
34 60 42
60 34 48
34 61 57
61 34 39
34 62 27
62 34 40
34 63 33
63 34 60
34 64 20
64 34 21
34 65 32
65 34 22
34 66 11
66 34 13
34 67 19
67 34 24
34 68 45
68 34 46
34 69 36
69 34 43
34 70 37
70 34 45
34 71 25
71 34 22
34 72 42
72 34 38
34 73 17
73 34 34
34 74 29
74 34 20
34 75 13
75 34 18
35 36 7
36 35 8
35 37 66
37 35 56
35 38 40
38 35 55
35 39 33
39 35 47
35 41 24
41 35 39
35 42 46
42 35 39
35 43 25
43 35 50
35 44 28
44 35 20
35 45 21
45 35 32
35 47 16
47 35 12
35 49 61
49 35 60
35 51 17
51 35 28
35 52 31
52 35 47
35 53 23
53 35 34
35 55 43
55 35 50
35 56 25
56 35 20
35 8 65
8 35 56
35 11 56
11 35 45
35 12 35
12 35 26
35 13 36
13 35 48
35 19 7
19 35 13
35 21 20
21 35 28
35 29 11
29 35 19
35 32 45
32 35 34
35 33 33
33 35 30
35 40 39
40 35 43
35 46 6
46 35 6
35 48 38
48 35 50
35 50 33
50 35 38
35 54 67
54 35 74
35 57 39
57 35 52
35 58 33
58 35 56
35 59 6
59 35 12
35 60 10
60 35 18
35 61 23
61 35 26
35 62 35
62 35 39
35 63 58
63 35 39
35 64 51
64 35 60
35 65 41
65 35 62
35 66 49
66 35 33
35 67 15
67 35 28
35 68 6
68 35 7
35 69 7
69 35 12
35 70 6
70 35 7
35 71 66
71 35 53
35 72 30
72 35 30
35 73 12
73 35 17
35 74 15
74 35 30
35 75 28
75 35 33
36 37 65
37 36 53
36 38 75
38 36 54
36 39 25
39 36 46
36 41 64
41 36 45
36 42 52
42 36 44
36 43 35
43 36 51
36 44 16
44 36 18
36 45 38
45 36 28
36 47 14
47 36 13
36 49 75
49 36 61
36 51 17
51 36 24
36 52 62
52 36 42
36 53 31
53 36 27
36 55 75
55 36 55
36 56 16
56 36 13
36 8 53
8 36 56
36 11 60
11 36 44
36 12 18
12 36 20
36 13 34
13 36 42
36 19 3
19 36 6
36 21 45
21 36 34
36 29 15
29 36 20
36 32 28
32 36 37
36 33 36
33 36 27
36 40 69
40 36 48
36 46 10
46 36 10
36 48 77
48 36 53
36 50 36
50 36 39
36 54 38
54 36 74
36 57 68
57 36 49
36 58 42
58 36 50
36 59 16
59 36 12
36 60 17
60 36 26
36 61 24
61 36 30
36 62 62
62 36 42
36 63 33
63 36 46
36 64 63
64 36 56
36 65 45
65 36 57
36 66 23
66 36 31
36 67 39
67 36 28
36 68 17
68 36 15
36 69 12
69 36 9
36 70 10
70 36 10
36 71 44
71 36 51
36 72 49
72 36 34
36 73 12
73 36 21
36 74 18
74 36 30
36 75 29
75 36 32
37 38 17
38 37 18
37 39 23
39 37 23
37 41 56
41 37 61
37 42 34
42 37 56
37 43 20
43 37 32
37 44 46
44 37 36
37 45 12
45 37 24
37 47 44
47 37 45
37 49 25
49 37 34
37 51 29
51 37 29
37 52 12
52 37 12
37 53 31
53 37 32
37 55 55
55 37 58
37 56 29
56 37 43
37 8 17
8 37 22
37 11 13
11 37 19
37 12 26
12 37 34
37 13 21
13 37 17
37 19 35
19 37 55
37 21 75
21 37 57
37 29 50
29 37 40
37 32 53
32 37 43
37 33 37
33 37 26
37 40 31
40 37 60
37 46 69
46 37 51
37 48 38
48 37 45
37 50 25
50 37 32
37 54 22
54 37 37
37 57 11
57 37 9
37 58 29
58 37 23
37 59 86
59 37 64
37 60 40
60 37 61
37 61 37
61 37 49
37 62 47
62 37 45
37 63 70
63 37 69
37 64 3
64 37 5
37 65 11
65 37 12
37 66 34
66 37 24
37 67 45
67 37 34
37 68 77
68 37 62
37 69 69
69 37 61
37 70 57
70 37 62
37 71 18
71 37 13
37 72 36
72 37 47
37 73 35
73 37 47
37 74 30
74 37 30
37 75 20
75 37 27
38 39 11
39 38 10
38 41 47
41 38 48
38 42 35
42 38 43
38 43 17
43 38 15
38 44 30
44 38 36
38 45 36
45 38 28
38 47 57
47 38 43
38 49 18
49 38 16
38 51 28
51 38 33
38 52 17
52 38 25
38 53 54
53 38 42
38 55 36
55 38 42
38 56 70
56 38 48
38 8 5
8 38 4
38 11 6
11 38 10
38 12 30
12 38 41
38 13 30
13 38 32
38 19 59
19 38 58
38 21 69
21 38 47
38 29 47
29 38 36
38 32 27
32 38 31
38 33 34
33 38 28
38 40 29
40 38 47
38 46 67
46 38 49
38 48 19
48 38 28
38 50 26
50 38 21
38 54 20
54 38 22
38 57 5
57 38 10
38 58 55
58 38 40
38 59 74
59 38 66
38 60 79
60 38 54
38 61 28
61 38 40
38 62 24
62 38 32
38 63 57
63 38 57
38 64 16
64 38 22
38 65 30
65 38 29
38 66 15
66 38 23
38 67 25
67 38 28
38 68 84
68 38 59
38 69 66
69 38 63
38 70 68
70 38 62
38 71 5
71 38 5
38 72 22
72 38 36
38 73 47
73 38 41
38 74 31
74 38 25
38 75 23
75 38 22
39 41 48
41 39 39
39 42 44
42 39 34
39 43 5
43 39 9
39 44 35
44 39 28
39 45 29
45 39 22
39 47 41
47 39 34
39 49 12
49 39 16
39 51 29
51 39 27
39 52 38
52 39 26
39 53 38
53 39 38
39 55 27
55 39 35
39 56 22
56 39 42
39 8 13
8 39 10
39 11 7
11 39 5
39 12 33
12 39 35
39 13 39
13 39 33
39 19 50
19 39 51
39 21 48
21 39 37
39 29 19
29 39 27
39 32 11
32 39 21
39 33 31
33 39 22
39 40 19
40 39 38
39 46 57
46 39 40
39 48 27
48 39 22
39 50 8
50 39 11
39 54 17
54 39 28
39 57 16
57 39 14
39 58 46
58 39 42
39 59 47
59 39 57
39 60 39
60 39 44
39 61 19
61 39 30
39 62 14
62 39 22
39 63 34
63 39 47
39 64 36
64 39 28
39 65 26
65 39 35
39 66 15
66 39 17
39 67 25
67 39 19
39 68 28
68 39 50
39 69 43
69 39 55
39 70 32
70 39 53
39 71 16
71 39 11
39 72 32
72 39 26
39 73 33
73 39 32
39 74 11
74 39 16
39 75 19
75 39 14
41 42 5
42 41 5
41 43 40
43 41 34
41 44 37
44 41 38
41 45 36
45 41 46
41 47 19
47 41 34
41 49 25
49 41 42
41 51 53
51 41 46
41 52 46
52 41 59
41 53 53
53 41 58
41 55 19
55 41 14
41 56 51
56 41 52
41 8 57
8 41 46
41 11 28
11 41 42
41 12 30
12 41 51
41 13 69
13 41 64
41 19 41
19 41 51
41 21 11
21 41 11
41 29 36
29 41 30
41 32 23
32 41 19
41 33 34
33 41 44
41 40 2
40 41 4
41 46 46
46 41 35
41 48 24
48 41 24
41 50 27
50 41 29
41 54 39
54 41 56
41 57 68
57 41 52
41 58 62
58 41 74
41 59 66
59 41 50
41 60 32
60 41 22
41 61 8
61 41 16
41 62 24
62 41 17
41 63 12
63 41 9
41 64 42
64 41 66
41 65 79
65 41 72
41 66 32
66 41 41
41 67 33
67 41 30
41 68 43
68 41 36
41 69 66
69 41 51
41 70 67
70 41 45
41 71 37
71 41 50
41 72 23
72 41 16
41 73 24
73 41 26
41 74 35
74 41 34
41 75 32
75 41 36
42 43 43
43 42 29
42 44 21
44 42 36
42 45 41
45 42 42
42 47 44
47 42 32
42 49 29
49 42 37
42 51 57
51 42 42
42 52 64
52 42 54
42 53 78
53 42 55
42 55 10
55 42 12
42 56 72
56 42 50
42 8 26
8 42 41
42 11 44
11 42 37
42 12 58
12 42 49
42 13 37
13 42 60
42 19 72
19 42 50
42 21 9
21 42 12
42 29 19
29 42 28
42 32 19
32 42 14
42 33 36
33 42 40
42 40 3
40 42 4
42 46 24
46 42 34
42 48 21
48 42 19
42 50 13
50 42 24
42 54 30
54 42 51
42 57 41
57 42 48
42 58 87
58 42 70
42 59 41
59 42 50
42 60 15
60 42 24
42 61 12
61 42 14
42 62 11
62 42 12
42 63 15
63 42 14
42 64 32
64 42 61
42 65 62
65 42 67
42 66 37
66 42 37
42 67 18
67 42 26
42 68 54
68 42 37
42 69 29
69 42 51
42 70 47
70 42 45
42 71 57
71 42 45
42 72 13
72 42 12
42 73 13
73 42 24
42 74 37
74 42 30
42 75 16
75 42 32
43 44 49
44 43 34
43 45 36
45 43 31
43 47 29
47 43 38
43 49 10
49 43 10
43 51 41
51 43 34
43 52 42
52 43 35
43 53 45
53 43 47
43 55 38
55 43 27
43 56 57
56 43 49
43 8 10
8 43 12
43 11 17
11 43 14
43 12 58
12 43 43
43 13 54
13 43 42
43 19 75
19 43 56
43 21 20
21 43 35
43 29 44
29 43 31
43 32 16
32 43 20
43 33 29
33 43 30
43 40 38
40 43 32
43 46 62
46 43 44
43 48 16
48 43 13
43 50 13
50 43 12
43 54 28
54 43 25
43 57 20
57 43 22
43 58 66
58 43 52
43 59 34
59 43 61
43 60 67
60 43 45
43 61 26
61 43 29
43 62 11
62 43 18
43 63 52
63 43 43
43 64 46
64 43 36
43 65 48
65 43 43
43 66 16
66 43 25
43 67 12
67 43 23
43 68 30
68 43 53
43 69 59
69 43 60
43 70 60
70 43 57
43 71 26
71 43 18
43 72 24
72 43 25
43 73 18
73 43 34
43 74 21
74 43 22
43 75 31
75 43 21
44 45 10
45 44 12
44 47 11
47 44 9
44 49 45
49 44 44
44 51 12
51 44 9
44 52 33
52 44 27
44 53 10
53 44 20
44 55 39
55 44 44
44 56 13
56 44 15
44 8 29
8 44 38
44 11 13
11 44 26
44 12 18
12 44 13
44 13 31
13 44 30
44 19 19
19 44 22
44 21 37
21 44 29
44 29 6
29 44 8
44 32 25
32 44 24
44 33 13
33 44 10
44 40 53
40 44 40
44 46 8
46 44 15
44 48 32
48 44 39
44 50 33
50 44 23
44 54 68
54 44 57
44 57 33
57 44 32
44 58 32
58 44 39
44 59 34
59 44 30
44 60 27
60 44 28
44 61 32
61 44 22
44 62 28
62 44 30
44 63 61
63 44 43
44 64 41
64 44 40
44 65 31
65 44 42
44 66 7
66 44 13
44 67 16
67 44 12
44 68 32
68 44 26
44 69 36
69 44 27
44 70 23
70 44 27
44 71 39
71 44 34
44 72 22
72 44 24
44 73 14
73 44 14
44 74 16
74 44 12
44 75 7
75 44 14
45 47 24
47 45 21
45 49 54
49 45 39
45 51 4
51 45 5
45 52 9
52 45 16
45 53 8
53 45 16
45 55 32
55 45 48
45 56 29
56 45 21
45 8 21
8 45 30
45 11 9
11 45 18
45 12 13
12 45 13
45 13 20
13 45 19
45 19 37
19 45 32
45 21 27
21 45 38
45 29 16
29 45 18
45 32 30
32 45 28
45 33 1
33 45 2
45 40 48
40 45 46
45 46 26
46 45 27
45 48 54
48 45 39
45 50 30
50 45 22
45 54 74
54 45 50
45 57 15
57 45 21
45 58 35
58 45 29
45 59 52
59 45 40
45 60 27
60 45 39
45 61 26
61 45 30
45 62 34
62 45 33
45 63 36
63 45 51
45 64 15
64 45 28
45 65 44
65 45 31
45 66 6
66 45 6
45 67 17
67 45 16
45 68 39
68 45 38
45 69 24
69 45 37
45 70 53
70 45 38
45 71 30
71 45 24
45 72 36
72 45 30
45 73 37
73 45 25
45 74 12
74 45 12
45 75 14
75 45 11
47 49 25
49 47 48
47 51 10
51 47 18
47 52 47
52 47 37
47 53 23
53 47 28
47 55 28
55 47 42
47 56 16
56 47 18
47 8 40
8 47 44
47 11 39
11 47 33
47 12 16
12 47 19
47 13 47
13 47 39
47 19 14
19 47 19
47 21 33
21 47 23
47 29 9
29 47 7
47 32 12
32 47 23
47 33 22
33 47 19
47 40 28
40 47 36
47 46 5
46 47 6
47 48 41
48 47 40
47 50 29
50 47 26
47 54 43
54 47 62
47 57 41
57 47 40
47 58 53
58 47 48
47 59 34
59 47 23
47 60 15
60 47 19
47 61 25
61 47 18
47 62 25
62 47 29
47 63 53
63 47 37
47 64 60
64 47 49
47 65 28
65 47 52
47 66 26
66 47 21
47 67 19
67 47 16
47 68 23
68 47 17
47 69 19
69 47 22
47 70 17
70 47 19
47 71 47
71 47 41
47 72 20
72 47 21
47 73 6
73 47 8
47 74 19
74 47 18
47 75 24
75 47 21
49 51 56
51 49 43
49 52 42
52 49 40
49 53 38
53 49 54
49 55 24
55 49 32
49 56 48
56 49 58
49 8 16
8 49 11
49 11 18
11 49 21
49 12 66
12 49 51
49 13 53
13 49 47
49 19 71
19 49 66
49 21 39
21 49 44
49 29 51
29 49 41
49 32 32
32 49 29
49 33 36
33 49 38
49 40 41
40 49 39
49 46 60
46 49 54
49 48 23
48 49 18
49 50 17
50 49 22
49 54 21
54 49 15
49 57 21
57 49 25
49 58 60
58 49 55
49 59 54
59 49 71
49 60 80
60 49 54
49 61 25
61 49 39
49 62 35
62 49 26
49 63 30
63 49 51
49 64 41
64 49 38
49 65 45
65 49 45
49 66 49
66 49 33
49 67 44
67 49 33
49 68 32
68 49 63
49 69 68
69 49 70
49 70 71
70 49 67
49 71 16
71 49 20
49 72 27
72 49 34
49 73 34
73 49 44
49 74 38
74 49 31
49 75 21
75 49 30
51 52 17
52 51 19
51 53 19
53 51 13
51 55 53
55 51 50
51 56 16
56 51 16
51 8 29
8 51 35
51 11 15
11 51 23
51 12 5
12 51 9
51 13 14
13 51 21
51 19 17
19 51 27
51 21 19
21 51 37
51 29 8
29 51 16
51 32 31
32 51 29
51 33 4
33 51 4
51 40 63
40 51 46
51 46 25
46 51 23
51 48 46
48 51 42
51 50 24
50 51 25
51 54 36
54 51 54
51 57 37
57 51 26
51 58 45
58 51 31
51 59 29
59 51 35
51 60 25
60 51 37
51 61 20
61 51 30
51 62 29
62 51 35
51 63 48
63 51 51
51 64 34
64 51 32
51 65 48
65 51 34
51 66 13
66 51 10
51 67 9
67 51 17
51 68 23
68 51 34
51 69 24
69 51 32
51 70 44
70 51 33
51 71 21
71 51 29
51 72 34
72 51 30
51 73 22
73 51 23
51 74 16
74 51 14
51 75 12
75 51 14
52 53 19
53 52 20
52 55 30
55 52 59
52 56 34
56 52 32
52 8 32
8 52 29
52 11 16
11 52 21
52 12 19
12 52 23
52 13 10
13 52 7
52 19 24
19 52 44
52 21 62
21 52 53
52 29 47
29 52 33
52 32 51
32 52 40
52 33 21
33 52 18
52 40 33
40 52 58
52 46 49
46 52 42
52 48 68
48 52 47
52 50 20
50 52 32
52 54 40
54 52 47
52 57 20
57 52 15
52 58 18
58 52 17
52 59 80
59 52 54
52 60 52
60 52 54
52 61 57
61 52 45
52 62 45
62 52 44
52 63 80
63 52 66
52 64 9
64 52 14
52 65 18
65 52 15
52 66 21
66 52 18
52 67 36
67 52 29
52 68 51
68 52 53
52 69 48
69 52 50
52 70 69
70 52 52
52 71 16
71 52 20
52 72 45
72 52 43
52 73 31
73 52 40
52 74 20
74 52 25
52 75 18
75 52 23
53 55 45
55 53 63
53 56 10
56 53 14
53 8 60
8 53 45
53 11 46
11 53 34
53 12 11
12 53 8
53 13 15
13 53 17
53 19 20
19 53 27
53 21 47
21 53 49
53 29 39
29 53 28
53 32 41
32 53 42
53 33 22
33 53 17
53 40 73
40 53 59
53 46 30
46 53 31
53 48 38
48 53 55
53 50 19
50 53 38
53 54 80
54 53 64
53 57 23
57 53 33
53 58 13
58 53 23
53 59 54
59 53 37
53 60 33
60 53 47
53 61 63
61 53 43
53 62 66
62 53 48
53 63 89
63 53 63
53 64 39
64 53 34
53 65 31
65 53 33
53 66 17
66 53 22
53 67 17
67 53 30
53 68 40
68 53 41
53 69 35
69 53 33
53 70 52
70 53 37
53 71 54
71 53 37
53 72 23
72 53 43
53 73 32
73 53 34
53 74 28
74 53 27
53 75 32
75 53 27
55 56 57
56 55 59
55 8 23
8 55 39
55 11 51
11 55 39
55 12 37
12 55 56
55 13 75
13 55 64
55 19 89
19 55 61
55 21 22
21 55 23
55 29 38
29 55 37
55 32 18
32 55 20
55 33 40
33 55 46
55 40 11
40 55 10
55 46 26
46 55 45
55 48 20
48 55 14
55 50 36
50 55 27
55 54 23
54 55 45
55 57 50
57 55 49
55 58 94
58 55 75
55 59 43
59 55 62
55 60 26
60 55 36
55 61 32
61 55 25
55 62 12
62 55 15
55 63 25
63 55 22
55 64 61
64 55 63
55 65 71
65 55 69
55 66 52
66 55 43
55 67 47
67 55 33
55 68 54
68 55 49
55 69 34
69 55 62
55 70 85
70 55 57
55 71 27
71 55 45
55 72 21
72 55 21
55 73 28
73 55 34
55 74 18
74 55 36
55 75 37
75 55 37
56 8 33
8 56 50
56 11 23
11 56 38
56 12 7
12 56 9
56 13 31
13 56 30
56 19 10
19 56 13
56 21 59
21 56 41
56 29 23
29 56 22
56 32 52
32 56 39
56 33 14
33 56 20
56 40 37
40 56 54
56 46 18
46 56 19
56 48 41
48 56 54
56 50 51
50 56 38
56 54 50
54 56 70
56 57 59
57 56 41
56 58 19
58 56 37
56 59 21
59 56 23
56 60 44
60 56 36
56 61 38
61 56 36
56 62 50
62 56 45
56 63 31
63 56 55
56 64 68
64 56 46
56 65 46
65 56 46
56 66 13
66 56 25
56 67 35
67 56 28
56 68 19
68 56 27
56 69 26
69 56 19
56 70 29
70 56 23
56 71 61
71 56 45
56 72 47
72 56 38
56 73 14
73 56 26
56 74 37
74 56 27
56 75 34
75 56 28
8 11 6
11 8 12
8 12 42
12 8 43
8 13 31
13 8 36
8 19 69
19 8 60
8 21 63
21 8 46
8 29 19
29 8 37
8 32 39
32 8 30
8 33 16
33 8 31
8 40 64
40 8 44
8 46 38
46 8 50
8 48 35
48 8 25
8 50 23
50 8 20
8 54 18
54 8 19
8 57 14
57 8 14
8 58 37
58 8 44
8 59 92
59 8 67
8 60 28
60 8 54
8 61 48
61 8 39
8 62 17
62 8 30
8 63 45
63 8 55
8 64 17
64 8 26
8 65 30
65 8 33
8 66 23
66 8 25
8 67 19
67 8 29
8 68 86
68 8 60
8 69 77
69 8 65
8 70 81
70 8 63
8 71 12
71 8 9
8 72 44
72 8 35
8 73 22
73 8 41
8 74 20
74 8 26
8 75 22
75 8 24
11 12 16
12 11 31
11 13 39
13 11 28
11 19 36
19 11 48
11 21 52
21 11 39
11 29 22
29 11 26
11 32 24
32 11 24
11 33 24
33 11 19
11 40 40
40 11 41
11 46 46
46 11 39
11 48 34
48 11 26
11 50 18
50 11 13
11 54 40
54 11 31
11 57 7
57 11 10
11 58 52
58 11 37
11 59 29
59 11 55
11 60 63
60 11 45
11 61 39
61 11 31
11 62 37
62 11 26
11 63 53
63 11 50
11 64 35
64 11 24
11 65 35
65 11 30
11 66 16
66 11 13
11 67 22
67 11 18
11 68 32
68 11 49
11 69 44
69 11 53
11 70 37
70 11 52
11 71 13
71 11 9
11 72 25
72 11 28
11 73 41
73 11 31
11 74 19
74 11 15
11 75 11
75 11 12
12 13 31
13 12 22
12 19 12
19 12 21
12 21 49
21 12 42
12 29 24
29 12 21
12 32 18
32 12 36
12 33 13
33 12 13
12 40 57
40 12 53
12 46 31
46 12 23
12 48 37
48 12 50
12 50 44
50 12 33
12 54 56
54 12 63
12 57 18
57 12 33
12 58 28
58 12 30
12 59 37
59 12 31
12 60 50
60 12 38
12 61 38
61 12 35
12 62 24
62 12 42
12 63 48
63 12 56
12 64 52
64 12 37
12 65 49
65 12 37
12 66 26
66 12 18
12 67 30
67 12 24
12 68 33
68 12 33
12 69 21
69 12 27
12 70 25
70 12 30
12 71 23
71 12 37
12 72 54
72 12 37
12 73 23
73 12 26
12 74 27
74 12 22
12 75 12
75 12 23
13 19 32
19 13 43
13 21 41
21 13 57
13 29 34
29 13 36
13 32 24
32 13 46
13 33 12
33 13 21
13 40 85
40 13 64
13 46 42
46 13 44
13 48 33
48 13 53
13 50 38
50 13 38
13 54 72
54 13 54
13 57 25
57 13 22
13 58 15
58 13 11
13 59 61
59 13 53
13 60 77
60 13 57
13 61 64
61 13 49
13 62 68
62 13 50
13 63 82
63 13 70
13 64 15
64 13 18
13 65 22
65 13 16
13 66 33
66 13 23
13 67 39
67 13 34
13 68 59
68 13 54
13 69 33
69 13 49
13 70 59
70 13 52
13 71 39
71 13 27
13 72 57
72 13 48
13 73 27
73 13 43
13 74 36
74 13 30
13 75 34
75 13 28
19 21 52
21 19 40
19 29 19
29 19 26
19 32 56
32 19 43
19 33 39
33 19 31
19 40 40
40 19 54
19 46 16
46 19 16
19 48 76
48 19 59
19 50 29
50 19 44
19 54 62
54 19 79
19 57 30
57 19 53
19 58 57
58 19 50
19 59 5
59 19 10
19 60 21
60 19 31
19 61 46
61 19 36
19 62 45
62 19 48
19 63 69
63 19 52
19 64 30
64 19 58
19 65 44
65 19 59
19 66 33
66 19 35
19 67 21
67 19 34
19 68 17
68 19 19
19 69 8
69 19 6
19 70 11
70 19 11
19 71 71
71 19 55
19 72 25
72 19 40
19 73 33
73 19 27
19 74 50
74 19 34
19 75 42
75 19 36
21 29 22
29 21 21
21 32 9
32 21 16
21 33 20
33 21 36
21 40 19
40 21 15
21 46 17
46 21 24
21 48 19
48 21 29
21 50 38
50 21 26
21 54 56
54 21 59
21 57 39
57 21 49
21 58 95
58 21 67
21 59 20
59 21 39
21 60 8
60 21 12
21 61 6
61 21 8
21 62 21
62 21 18
21 63 18
63 21 14
21 64 68
64 21 62
21 65 84
65 21 67
21 66 49
66 21 35
21 67 17
67 21 23
21 68 23
68 21 26
21 69 25
69 21 40
21 70 50
70 21 34
21 71 52
71 21 48
21 72 15
72 21 11
21 73 11
73 21 15
21 74 19
74 21 27
21 75 15
75 21 30
29 32 13
32 29 17
29 33 13
33 29 16
29 40 17
40 29 32
29 46 15
46 29 13
29 48 36
48 29 33
29 50 13
50 29 19
29 54 53
54 29 55
29 57 44
57 29 34
29 58 25
58 29 47
29 59 25
59 29 30
29 60 30
60 29 21
29 61 10
61 29 14
29 62 29
62 29 23
29 63 18
63 29 35
29 64 64
64 29 45
29 65 45
65 29 48
29 66 13
66 29 16
29 67 10
67 29 9
29 68 20
68 29 23
29 69 36
69 29 29
29 70 20
70 29 26
29 71 24
71 29 35
29 72 11
72 29 16
29 73 4
73 29 7
29 74 9
74 29 11
29 75 11
75 29 14
32 33 20
33 32 26
32 40 17
40 32 18
32 46 29
46 32 28
32 48 17
48 32 17
32 50 14
50 32 10
32 54 33
54 32 44
32 57 32
57 32 34
32 58 82
58 32 56
32 59 57
59 32 45
32 60 27
60 32 25
32 61 9
61 32 10
32 62 8
62 32 6
32 63 30
63 32 26
32 64 28
64 32 47
32 65 62
65 32 53
32 66 14
66 32 23
32 67 16
67 32 13
32 68 26
68 32 35
32 69 29
69 32 45
32 70 60
70 32 41
32 71 34
71 32 32
32 72 7
72 32 5
32 73 24
73 32 17
32 74 13
74 32 16
32 75 13
75 32 18
33 40 26
40 33 44
33 46 28
46 33 25
33 48 35
48 33 38
33 50 20
50 33 21
33 54 57
54 33 50
33 57 31
57 33 22
33 58 42
58 33 31
33 59 37
59 33 39
33 60 30
60 33 37
33 61 36
61 33 28
33 62 28
62 33 32
33 63 72
63 33 49
33 64 17
64 33 30
33 65 21
65 33 33
33 66 5
66 33 5
33 67 7
67 33 14
33 68 23
68 33 36
33 69 26
69 33 36
33 70 52
70 33 36
33 71 17
71 33 25
33 72 29
72 33 28
33 73 23
73 33 22
33 74 6
74 33 10
33 75 10
75 33 10
40 46 27
46 40 38
40 48 28
48 40 21
40 50 38
50 40 28
40 54 65
54 40 53
40 57 51
57 40 51
40 58 73
58 40 74
40 59 44
59 40 54
40 60 26
60 40 26
40 61 18
61 40 18
40 62 22
62 40 15
40 63 16
63 40 12
40 64 49
64 40 65
40 65 41
65 40 71
40 66 33
66 40 41
40 67 43
67 40 30
40 68 25
68 40 40
40 69 31
69 40 55
40 70 47
70 40 49
40 71 40
71 40 49
40 72 21
72 40 16
40 73 21
73 40 28
40 74 22
74 40 34
40 75 19
75 40 36
46 48 37
48 46 44
46 50 26
50 46 32
46 54 34
54 46 68
46 57 66
57 46 46
46 58 68
58 46 53
46 59 25
59 46 18
46 60 15
60 46 17
46 61 18
61 46 21
46 62 34
62 46 34
46 63 37
63 46 36
46 64 61
64 46 55
46 65 81
65 46 57
46 66 15
66 46 27
46 67 23
67 46 22
46 68 10
68 46 11
46 69 13
69 46 17
46 70 12
70 46 13
46 71 53
71 46 47
46 72 20
72 46 25
46 73 7
73 46 11
46 74 34
74 46 24
46 75 15
75 46 27
48 50 25
50 48 17
48 54 24
54 48 32
48 57 47
57 48 36
48 58 89
58 48 64
48 59 92
59 48 62
48 60 22
60 48 40
48 61 18
61 48 25
48 62 13
62 48 11
48 63 46
63 48 33
48 64 69
64 48 50
48 65 60
65 48 56
48 66 25
66 48 33
48 67 33
67 48 26
48 68 32
68 48 51
48 69 71
69 48 62
48 70 70
70 48 57
48 71 18
71 48 32
48 72 20
72 48 20
48 73 42
73 48 33
48 74 19
74 48 28
48 75 36
75 48 28
50 54 41
54 50 36
50 57 22
57 50 24
50 58 41
58 50 48
50 59 29
59 50 49
50 60 36
60 50 34
50 61 17
61 50 19
50 62 16
62 50 13
50 63 43
63 50 37
50 64 21
64 50 37
50 65 62
65 50 43
50 66 15
66 50 16
50 67 8
67 50 11
50 68 37
68 50 41
50 69 71
69 50 48
50 70 58
70 50 45
50 71 17
71 50 22
50 72 15
72 50 15
50 73 24
73 50 22
50 74 11
74 50 11
50 75 14
75 50 11
54 57 40
57 54 32
54 58 37
58 54 60
54 59 103
59 54 85
54 60 73
60 54 69
54 61 79
61 54 54
54 62 43
62 54 41
54 63 59
63 54 65
54 64 49
64 54 40
54 65 27
65 54 47
54 66 49
66 54 45
54 67 26
67 54 46
54 68 90
68 54 77
54 69 110
69 54 84
54 70 85
70 54 81
54 71 38
71 54 27
54 72 62
72 54 49
54 73 73
73 54 58
54 74 34
74 54 45
54 75 53
75 54 42
57 58 20
58 57 30
57 59 83
59 57 61
57 60 76
60 57 54
57 61 38
61 57 41
57 62 19
62 57 36
57 63 52
63 57 60
57 64 17
64 57 14
57 65 20
65 57 21
57 66 18
66 57 19
57 67 26
67 57 27
57 68 82
68 57 57
57 69 35
69 57 58
57 70 33
70 57 58
57 71 5
71 57 5
57 72 39
72 57 38
57 73 25
73 57 40
57 74 13
74 57 23
57 75 18
75 57 20
58 59 51
59 58 60
58 60 97
60 58 67
58 61 61
61 58 59
58 62 39
62 58 60
58 63 115
63 58 80
58 64 17
64 58 21
58 65 15
65 58 15
58 66 45
66 58 33
58 67 52
67 58 44
58 68 77
68 58 63
58 69 64
69 58 56
58 70 56
70 58 60
58 71 30
71 58 35
58 72 64
72 58 58
58 73 64
73 58 53
58 74 35
74 58 40
58 75 26
75 58 38
59 60 33
60 59 28
59 61 26
61 59 38
59 62 55
62 59 51
59 63 55
63 59 49
59 64 86
64 59 67
59 65 91
65 59 68
59 66 49
66 59 42
59 67 42
67 59 39
59 68 13
68 59 14
59 69 2
69 59 4
59 70 4
70 59 5
59 71 46
71 59 63
59 72 46
72 59 42
59 73 38
73 59 29
59 74 55
74 59 41
59 75 29
75 59 43
60 61 12
61 60 15
60 62 41
62 60 29
60 63 17
63 60 21
60 64 75
64 60 66
60 65 35
65 60 69
60 66 55
66 60 37
60 67 30
67 60 27
60 68 12
68 60 14
60 69 26
69 60 30
60 70 25
70 60 23
60 71 77
71 60 54
60 72 14
72 60 20
60 73 13
73 60 15
60 74 32
74 60 31
60 75 50
75 60 34
61 62 18
62 61 14
61 63 30
63 61 21
61 64 71
64 61 54
61 65 43
65 61 59
61 66 15
66 61 27
61 67 19
67 61 15
61 68 29
68 61 26
61 69 27
69 61 38
61 70 40
70 61 33
61 71 33
71 61 40
61 72 4
72 61 5
61 73 12
73 61 10
61 74 24
74 61 19
61 75 11
75 61 22
62 63 34
63 62 25
62 64 63
64 62 50
62 65 72
65 62 56
62 66 38
66 62 28
62 67 12
67 62 18
62 68 49
68 62 40
62 69 43
69 62 51
62 70 59
70 62 46
62 71 44
71 62 34
62 72 5
72 62 9
62 73 21
73 62 22
62 74 13
74 62 21
62 75 19
75 62 22
63 64 86
64 63 74
63 65 40
65 63 79
63 66 32
66 63 48
63 67 27
67 63 36
63 68 48
68 63 35
63 69 34
69 63 51
63 70 62
70 63 44
63 71 57
71 63 59
63 72 16
72 63 22
63 73 21
73 63 29
63 74 27
74 63 40
63 75 41
75 63 43
64 65 5
65 64 7
64 66 17
66 64 28
64 67 44
67 64 39
64 68 56
68 64 66
64 69 94
69 64 64
64 70 72
70 64 66
64 71 14
71 64 18
64 72 52
72 64 51
64 73 35
73 64 51
64 74 32
74 64 34
64 75 35
75 64 32
65 66 33
66 65 32
65 67 46
67 65 43
65 68 40
68 65 68
65 69 77
69 65 65
65 70 40
70 65 67
65 71 35
71 65 25
65 72 66
72 65 57
65 73 31
73 65 55
65 74 28
74 65 39
65 75 25
75 65 36
66 67 10
67 66 11
66 68 34
68 66 38
66 69 25
69 66 40
66 70 31
70 66 40
66 71 17
71 66 21
66 72 30
72 66 25
66 73 13
73 66 23
66 74 5
74 66 7
66 75 3
75 66 5
67 68 46
68 67 31
67 69 30
69 67 38
67 70 30
70 67 35
67 71 31
71 67 27
67 72 16
72 67 14
67 73 17
73 67 13
67 74 5
74 67 4
67 75 10
75 67 7
68 69 13
69 68 16
68 70 10
70 68 9
68 71 33
71 68 58
68 72 32
72 68 30
68 73 17
73 68 19
68 74 25
74 68 34
68 75 50
75 68 37
69 70 7
70 69 8
69 71 59
71 69 61
69 72 40
72 69 42
69 73 31
73 69 29
69 74 53
74 69 39
69 75 61
75 69 41
70 71 59
71 70 60
70 72 40
72 70 37
70 73 35
73 70 24
70 74 40
74 70 37
70 75 55
75 70 40
71 72 53
72 71 37
71 73 36
73 71 40
71 74 18
74 71 24
71 75 21
75 71 21
72 73 12
73 72 14
72 74 12
74 72 18
72 75 22
75 72 21
73 74 9
74 73 17
73 75 23
75 73 20
74 75 4
75 74 3
