1 37 13 0 2550

226 253

51 3 10 37 52

2 8 52 64
3 11 20 26
5 11 21 47
6 10 17 63
7 10 31 62
8 11 52 33
10 8 42 41
11 10 31 32
12 10 5 25
13 10 12 42
14 12 36 16
15 10 52 41
16 9 27 23
17 11 17 33
20 9 62 42
21 8 42 57
22 12 16 57
23 11 8 52
24 12 7 38
25 8 27 68
26 12 30 48
29 12 58 27
30 8 37 69
32 10 46 10
33 8 61 33
34 10 62 63
36 10 32 22
38 11 59 15
40 8 10 17
41 11 21 10
42 10 5 64
45 10 32 39
46 11 25 32
47 11 25 55
48 10 48 28
49 8 56 37
50 12 30 40
1 9 49 49
4 11 40 30
9 10 51 21
18 12 13 13
19 9 57 58
27 11 43 67
28 12 58 48
31 11 38 46
35 9 63 69
37 9 45 35
39 11 5 6
43 10 30 15
44 8 39 10


51 2 13
2 51 19
51 3 26
3 51 31
51 5 19
5 51 17
51 6 13
6 51 23
51 7 16
7 51 12
51 8 29
8 51 24
51 10 7
10 51 12
51 11 18
11 51 21
51 12 34
12 51 42
51 13 35
13 51 27
51 14 45
14 51 36
51 15 17
15 51 19
51 16 29
16 51 31
51 17 19
17 51 28
51 20 22
20 51 27
51 21 5
21 51 7
51 22 20
22 51 22
51 23 28
23 51 29
51 24 43
24 51 33
51 25 21
25 51 19
51 26 11
26 51 8
51 29 42
29 51 32
51 30 19
30 51 17
51 32 27
32 51 43
51 33 28
33 51 31
51 34 19
34 51 27
51 36 37
36 51 30
51 38 64
38 51 43
51 40 33
40 51 44
51 41 57
41 51 45
51 42 25
42 51 34
51 45 7
45 51 14
51 46 24
46 51 23
51 47 10
47 51 12
51 48 37
48 51 26
51 49 26
49 51 24
51 50 7
50 51 14
51 1 16
1 51 12
51 4 13
4 51 22
51 9 32
9 51 34
51 18 56
18 51 46
51 19 29
19 51 21
51 27 12
27 51 16
51 28 21
28 51 21
51 31 8
31 51 6
51 35 34
35 51 31
51 37 12
37 51 19
51 39 77
39 51 56
51 43 42
43 51 37
51 44 60
44 51 42
2 3 58
3 2 50
2 5 37
5 2 35
2 6 42
6 2 35
2 7 23
7 2 21
2 8 38
8 2 31
2 10 34
10 2 25
2 11 39
11 2 38
2 12 79
12 2 61
2 13 25
13 2 45
2 14 74
14 2 51
2 15 32
15 2 23
2 16 65
16 2 48
2 17 54
17 2 47
2 20 27
20 2 24
2 21 17
21 2 12
2 22 26
22 2 37
2 23 36
23 2 46
2 24 69
24 2 51
2 25 20
25 2 25
2 26 39
26 2 27
2 29 47
29 2 37
2 30 11
30 2 15
2 32 68
32 2 54
2 33 33
33 2 32
2 34 6
34 2 10
2 36 51
36 2 46
2 38 42
38 2 49
2 40 65
40 2 63
2 41 63
41 2 62
2 42 33
42 2 47
2 45 18
45 2 32
2 46 51
46 2 42
2 47 30
47 2 28
2 48 37
48 2 36
2 49 25
49 2 27
2 50 45
50 2 33
2 1 22
1 2 15
2 4 42
4 2 36
2 9 22
9 2 43
2 18 52
18 2 64
2 19 5
19 2 8
2 27 13
27 2 9
2 28 9
28 2 17
2 31 12
31 2 23
2 35 13
35 2 12
2 37 23
37 2 30
2 39 86
39 2 75
2 43 79
43 2 53
2 44 58
44 2 56
3 5 18
5 3 21
3 6 46
6 3 37
3 7 30
7 3 38
3 8 40
8 3 32
3 10 36
10 3 27
3 11 16
11 3 13
3 12 22
12 3 15
3 13 21
13 3 18
3 14 27
14 3 19
3 15 28
15 3 35
3 16 9
16 3 8
3 17 7
17 3 8
3 20 42
20 3 45
3 21 19
21 3 38
3 22 20
22 3 31
3 23 34
23 3 29
3 24 11
24 3 18
3 25 46
25 3 43
3 26 13
26 3 24
3 29 47
29 3 38
3 30 23
30 3 46
3 32 40
32 3 31
3 33 48
33 3 41
3 34 34
34 3 56
3 36 10
36 3 13
3 38 30
38 3 41
3 40 11
40 3 13
3 41 8
41 3 16
3 42 54
42 3 41
3 45 19
45 3 18
3 46 7
46 3 8
3 47 43
47 3 29
3 48 30
48 3 28
3 49 33
49 3 37
3 50 12
50 3 17
3 1 50
1 3 37
3 4 27
4 3 20
3 9 39
9 3 31
3 18 13
18 3 15
3 19 28
19 3 49
3 27 65
27 3 47
3 28 63
28 3 44
3 31 23
31 3 27
3 35 36
35 3 61
3 37 21
37 3 27
3 39 20
39 3 25
3 43 21
43 3 15
3 44 30
44 3 25
5 6 16
6 5 16
5 7 20
7 5 18
5 8 34
8 5 34
5 10 11
10 5 22
5 11 19
11 5 18
5 12 28
12 5 27
5 13 9
13 5 10
5 14 46
14 5 34
5 15 17
15 5 32
5 16 31
16 5 25
5 17 22
17 5 15
5 20 23
20 5 41
5 21 24
21 5 23
5 22 16
22 5 11
5 23 7
23 5 14
5 24 9
24 5 16
5 25 30
25 5 22
5 26 13
26 5 9
5 29 23
29 5 42
5 30 22
30 5 27
5 32 47
32 5 45
5 33 47
33 5 42
5 34 44
34 5 44
5 36 34
36 5 27
5 38 60
38 5 50
5 40 32
40 5 32
5 41 38
41 5 37
5 42 24
42 5 23
5 45 20
45 5 14
5 46 22
46 5 16
5 47 9
47 5 9
5 48 47
48 5 33
5 49 19
49 5 36
5 50 8
50 5 11
5 1 15
1 5 28
5 4 32
4 5 25
5 9 32
9 5 40
5 18 51
18 5 35
5 19 29
19 5 38
5 27 20
27 5 30
5 28 33
28 5 37
5 31 12
31 5 17
5 35 30
35 5 47
5 37 36
37 5 27
5 39 28
39 5 44
5 43 22
43 5 33
5 44 53
44 5 41
6 7 11
7 6 14
6 8 55
8 6 46
6 10 35
10 6 33
6 11 18
11 6 34
6 12 27
12 6 40
6 13 27
13 6 22
6 14 51
14 6 51
6 15 21
15 6 41
6 16 34
16 6 41
6 17 27
17 6 30
6 20 38
20 6 50
6 21 31
21 6 26
6 22 8
22 6 6
6 23 10
23 6 14
6 24 21
24 6 27
6 25 10
25 6 11
6 26 13
26 6 20
6 29 36
29 6 54
6 30 14
30 6 21
6 32 62
32 6 60
6 33 77
33 6 53
6 34 37
34 6 45
6 36 25
36 6 44
6 38 45
38 6 64
6 40 33
40 6 46
6 41 50
41 6 53
6 42 13
42 6 12
6 45 38
45 6 28
6 46 37
46 6 32
6 47 14
47 6 11
6 48 50
48 6 46
6 49 31
49 6 47
6 50 17
50 6 26
6 1 31
1 6 35
6 4 31
4 6 40
6 9 61
9 6 54
6 18 26
18 6 50
6 19 38
19 6 40
6 27 20
27 6 26
6 28 50
28 6 44
6 31 24
31 6 27
6 35 63
35 6 46
6 37 30
37 6 40
6 39 35
39 6 58
6 43 68
43 6 50
6 44 68
44 6 57
7 8 52
8 7 36
7 10 33
10 7 24
7 11 42
11 7 30
7 12 38
12 7 45
7 13 15
13 7 28
7 14 54
14 7 46
7 15 17
15 7 30
7 16 26
16 7 39
7 17 41
17 7 32
7 20 39
20 7 37
7 21 10
21 7 12
7 22 18
22 7 16
7 23 18
23 7 25
7 24 26
24 7 34
7 25 10
25 7 7
7 26 20
26 7 14
7 29 24
29 7 44
7 30 7
30 7 9
7 32 53
32 7 54
7 33 35
33 7 42
7 34 40
34 7 31
7 36 58
36 7 40
7 38 76
38 7 54
7 40 36
40 7 49
7 41 62
41 7 53
7 42 28
42 7 26
7 45 26
45 7 23
7 46 45
46 7 31
7 47 13
47 7 9
7 48 22
48 7 38
7 49 23
49 7 35
7 50 24
50 7 22
7 1 12
1 7 22
7 4 42
4 7 33
7 9 24
9 7 46
7 18 66
18 7 52
7 19 38
19 7 26
7 27 10
27 7 13
7 28 21
28 7 30
7 31 18
31 7 17
7 35 17
35 7 33
7 37 34
37 7 30
7 39 31
39 7 62
7 43 31
43 7 47
7 44 77
44 7 53
8 10 9
10 8 13
8 11 11
11 8 21
8 12 61
12 8 48
8 13 61
13 8 41
8 14 21
14 8 23
8 15 9
15 8 8
8 16 34
16 8 27
8 17 22
17 8 35
8 20 14
20 8 13
8 21 29
21 8 26
8 22 49
22 8 43
8 23 71
23 8 48
8 24 55
24 8 45
8 25 53
25 8 43
8 26 23
26 8 27
8 29 6
29 8 8
8 30 24
30 8 39
8 32 15
32 8 24
8 33 13
33 8 9
8 34 42
34 8 32
8 36 14
36 8 23
8 38 15
38 8 19
8 40 27
40 8 45
8 41 45
41 8 39
8 42 41
42 8 56
8 45 23
45 8 21
8 46 38
46 8 27
8 47 50
47 8 35
8 48 8
48 8 6
8 49 4
49 8 6
8 50 18
50 8 23
8 1 14
1 8 16
8 4 17
4 8 12
8 9 6
9 8 12
8 18 58
18 8 44
8 19 34
19 8 25
8 27 48
27 8 35
8 28 19
28 8 16
8 31 22
31 8 19
8 35 48
35 8 38
8 37 4
37 8 7
8 39 74
39 8 54
8 43 34
43 8 28
8 44 20
44 8 26
10 11 16
11 10 14
10 12 50
12 10 40
10 13 18
13 10 30
10 14 22
14 10 26
10 15 9
15 10 10
10 16 25
16 10 23
10 17 25
17 10 26
10 20 14
20 10 20
10 21 15
21 10 16
10 22 45
22 10 31
10 23 42
23 10 36
10 24 32
24 10 35
10 25 33
25 10 31
10 26 20
26 10 14
10 29 16
29 10 21
10 30 23
30 10 28
10 32 33
32 10 31
10 33 24
33 10 21
10 34 38
34 10 30
10 36 26
36 10 21
10 38 34
38 10 31
10 40 50
40 10 40
10 41 37
41 10 37
10 42 65
42 10 44
10 45 13
45 10 10
10 46 27
46 10 19
10 47 11
47 10 22
10 48 18
48 10 14
10 49 14
49 10 15
10 50 16
50 10 12
10 1 6
1 10 11
10 4 15
4 10 11
10 9 18
9 10 22
10 18 51
18 10 40
10 19 21
19 10 23
10 27 35
27 10 26
10 28 20
28 10 17
10 31 6
31 10 6
10 35 46
35 10 35
10 37 8
37 10 7
10 39 39
39 10 51
10 43 23
43 10 28
10 44 16
44 10 31
11 12 37
12 11 27
11 13 16
13 11 21
11 14 11
14 11 17
11 15 34
15 11 23
11 16 10
16 11 10
11 17 12
17 11 14
11 20 21
20 11 33
11 21 30
21 11 27
11 22 35
22 11 29
11 23 17
23 11 30
11 24 33
24 11 25
11 25 39
25 11 36
11 26 15
26 11 16
11 29 31
29 11 27
11 30 48
30 11 37
11 32 15
32 11 27
11 33 42
33 11 30
11 34 61
34 11 44
11 36 14
36 11 10
11 38 17
38 11 33
11 40 15
40 11 26
11 41 20
41 11 24
11 42 45
42 11 41
11 45 5
45 11 7
11 46 7
46 11 6
11 47 17
47 11 24
11 48 19
48 11 17
11 49 36
49 11 25
11 50 4
50 11 8
11 1 23
1 11 25
11 4 7
4 11 9
11 9 21
9 11 23
11 18 31
18 11 26
11 19 36
19 11 37
11 27 49
27 11 37
11 28 31
28 11 31
11 31 14
31 11 16
11 35 54
35 11 49
11 37 20
37 11 14
11 39 35
39 11 37
11 43 12
43 11 17
11 44 13
44 11 23
12 13 20
13 12 18
12 14 30
14 12 32
12 15 73
15 12 50
12 16 21
16 12 22
12 17 14
17 12 14
12 20 43
20 12 59
12 21 71
21 12 49
12 22 46
22 12 34
12 23 28
23 12 27
12 24 14
24 12 13
12 25 70
25 12 48
12 26 45
26 12 34
12 29 60
29 12 53
12 30 43
30 12 54
12 32 49
32 12 44
12 33 76
33 12 57
12 34 39
34 12 68
12 36 35
36 12 27
12 38 28
38 12 55
12 40 6
40 12 9
12 41 14
41 12 22
12 42 25
42 12 39
12 45 43
45 12 30
12 46 26
46 12 21
12 47 49
47 12 36
12 48 52
48 12 43
12 49 70
49 12 52
12 50 36
50 12 29
12 1 34
1 12 50
12 4 28
4 12 35
12 9 43
9 12 46
12 18 19
18 12 14
12 19 38
19 12 61
12 27 76
27 12 57
12 28 34
28 12 58
12 31 24
31 12 39
12 35 85
35 12 72
12 37 32
37 12 41
12 39 18
39 12 19
12 43 16
43 12 27
12 44 39
44 12 37
13 14 46
14 13 35
13 15 28
15 13 40
13 16 31
16 13 24
13 17 10
17 13 10
13 20 29
20 13 50
13 21 28
21 13 34
13 22 18
22 13 16
13 23 12
23 13 11
13 24 8
24 13 6
13 25 36
25 13 30
13 26 16
26 13 19
13 29 47
29 13 48
13 30 54
30 13 37
13 32 51
32 13 47
13 33 33
33 13 50
13 34 66
34 13 54
13 36 39
36 13 28
13 38 66
38 13 54
13 40 18
40 13 25
13 41 34
41 13 33
13 42 34
42 13 23
13 45 15
45 13 20
13 46 12
46 13 16
13 47 19
47 13 18
13 48 36
48 13 39
13 49 53
49 13 44
13 50 19
50 13 18
13 1 26
1 13 38
13 4 22
4 13 30
13 9 58
9 13 44
13 18 28
18 13 29
13 19 53
19 13 48
13 27 23
27 13 40
13 28 51
28 13 46
13 31 13
31 13 26
13 35 54
35 13 58
13 37 27
37 13 34
13 39 30
39 13 37
13 43 25
43 13 32
13 44 59
44 13 42
14 15 31
15 14 30
14 16 12
16 14 11
14 17 22
17 14 25
14 20 43
20 14 37
14 21 51
21 14 41
14 22 56
22 14 46
14 23 68
23 14 46
14 24 27
24 14 36
14 25 55
25 14 53
14 26 42
26 14 33
14 29 29
29 14 25
14 30 42
30 14 53
14 32 14
32 14 12
14 33 36
33 14 30
14 34 60
34 14 54
14 36 4
36 14 7
14 38 20
38 14 23
14 40 29
40 14 26
14 41 17
41 14 16
14 42 66
42 14 57
14 45 34
45 14 23
14 46 18
46 14 19
14 47 47
47 14 40
14 48 13
48 14 17
14 49 39
49 14 29
14 50 27
50 14 25
14 1 42
1 14 35
14 4 13
4 14 15
14 9 20
9 14 16
14 18 31
18 14 23
14 19 68
19 14 47
14 27 71
27 14 51
14 28 42
28 14 39
14 31 44
31 14 30
14 35 31
35 14 59
14 37 13
37 14 21
14 39 41
39 14 33
14 43 7
43 14 6
14 44 6
44 14 7
15 16 36
16 15 31
15 17 28
17 15 36
15 20 7
20 15 10
15 21 27
21 15 19
15 22 35
22 15 39
15 23 55
23 15 45
15 24 50
24 15 45
15 25 35
25 15 37
15 26 16
26 15 23
15 29 20
29 15 15
15 30 30
30 15 32
15 32 32
32 15 32
15 33 16
33 15 12
15 34 31
34 15 24
15 36 40
36 15 28
15 38 21
38 15 27
15 40 50
40 15 48
15 41 22
41 15 44
15 42 62
42 15 52
15 45 19
45 15 20
15 46 28
46 15 28
15 47 25
47 15 30
15 48 13
48 15 14
15 49 7
49 15 6
15 50 28
50 15 22
15 1 10
1 15 9
15 4 22
4 15 16
15 9 24
9 15 20
15 18 44
18 15 48
15 19 25
19 15 18
15 27 25
27 15 28
15 28 6
28 15 9
15 31 8
31 15 15
15 35 19
35 15 30
15 37 10
37 15 9
15 39 40
39 15 58
15 43 34
43 15 34
15 44 20
44 15 34
16 17 15
17 16 14
16 20 50
20 16 40
16 21 41
21 16 37
16 22 27
22 16 36
16 23 50
23 16 35
16 24 31
24 16 25
16 25 47
25 16 45
16 26 29
26 16 25
16 29 24
29 16 31
16 30 60
30 16 47
16 32 19
32 16 23
16 33 52
33 16 35
16 34 36
34 16 53
16 36 4
36 16 5
16 38 28
38 16 33
16 40 23
40 16 18
16 41 13
41 16 14
16 42 32
42 16 47
16 45 19
45 16 17
16 46 10
46 16 9
16 47 31
47 16 32
16 48 16
48 16 22
16 49 19
49 16 32
16 50 23
50 16 17
16 1 49
1 16 34
16 4 18
4 16 15
16 9 12
9 16 24
16 18 21
18 16 17
16 19 54
19 16 46
16 27 26
27 16 47
16 28 49
28 16 40
16 31 35
31 16 25
16 35 69
35 16 58
16 37 11
37 16 22
16 39 20
39 16 28
16 43 8
43 16 9
16 44 13
44 16 18
17 20 65
20 17 46
17 21 43
21 17 35
17 22 22
22 17 24
17 23 24
23 17 21
17 24 11
24 17 11
17 25 42
25 17 36
17 26 12
26 17 20
17 29 32
29 17 41
17 30 42
30 17 41
17 32 48
32 17 37
17 33 41
33 17 44
17 34 78
34 17 54
17 36 16
36 17 19
17 38 65
38 17 46
17 40 13
40 17 17
17 41 17
41 17 23
17 42 44
42 17 33
17 45 23
45 17 16
17 46 8
46 17 8
17 47 30
47 17 23
17 48 40
48 17 31
17 49 35
49 17 39
17 50 20
50 17 15
17 1 25
1 17 36
17 4 24
4 17 23
17 9 45
9 17 36
17 18 13
18 17 20
17 19 27
19 17 47
17 27 53
27 17 43
17 28 29
28 17 44
17 31 31
31 17 25
17 35 85
35 17 58
17 37 24
37 17 28
17 39 35
39 17 30
17 43 23
43 17 22
17 44 45
44 17 32
20 21 31
21 20 25
20 22 53
22 20 48
20 23 76
23 20 55
20 24 49
24 20 55
20 25 42
25 20 44
20 26 40
26 20 33
20 29 17
29 20 16
20 30 37
30 20 37
20 32 50
32 20 36
20 33 9
33 20 9
20 34 30
34 20 21
20 36 37
36 20 36
20 38 24
38 20 27
20 40 77
40 20 57
20 41 68
41 20 52
20 42 60
42 20 61
20 45 44
45 20 30
20 46 48
46 20 38
20 47 27
47 20 39
20 48 24
48 20 20
20 49 8
49 20 8
20 50 21
50 20 32
20 1 10
1 20 15
20 4 33
4 20 25
20 9 24
9 20 24
20 18 32
18 20 57
20 19 19
19 20 17
20 27 17
27 20 31
20 28 6
28 20 7
20 31 30
31 20 24
20 35 35
35 20 27
20 37 15
37 20 18
20 39 96
39 20 67
20 43 44
43 20 42
20 44 57
44 20 39
21 22 30
22 21 26
21 23 39
23 21 34
21 24 52
24 21 40
21 25 14
25 21 19
21 26 11
26 21 15
21 29 26
29 21 34
21 30 12
30 21 13
21 32 69
32 21 47
21 33 17
33 21 31
21 34 14
34 21 21
21 36 53
36 21 36
21 38 40
38 21 45
21 40 33
40 21 51
21 41 67
41 21 51
21 42 43
42 21 38
21 45 11
45 21 21
21 46 25
46 21 30
21 47 12
47 21 17
21 48 28
48 21 30
21 49 34
49 21 24
21 50 18
50 21 21
21 1 7
1 21 11
21 4 28
4 21 27
21 9 30
9 21 37
21 18 54
18 21 53
21 19 16
19 21 15
21 27 12
27 21 10
21 28 22
28 21 18
21 31 6
31 21 12
21 35 23
35 21 24
21 37 26
37 21 22
21 39 32
39 21 63
21 43 54
43 21 43
21 44 53
44 21 47
22 23 8
23 22 9
22 24 19
24 22 21
22 25 22
25 22 16
22 26 19
26 22 17
22 29 74
29 22 52
22 30 31
30 22 24
22 32 64
32 22 56
22 33 58
33 22 51
22 34 42
34 22 46
22 36 25
36 22 38
22 38 82
38 22 60
22 40 20
40 22 40
22 41 31
41 22 47
22 42 10
42 22 13
22 45 16
45 22 24
22 46 23
46 22 27
22 47 12
47 22 9
22 48 57
48 22 43
22 49 34
49 22 45
22 50 18
50 22 22
22 1 39
1 22 34
22 4 20
4 22 36
22 9 65
9 22 50
22 18 48
18 22 44
22 19 21
19 22 41
22 27 29
27 22 29
22 28 46
28 22 43
22 31 18
31 22 25
22 35 62
35 22 49
22 37 51
37 22 36
22 39 56
39 22 52
22 43 50
43 22 44
22 44 72
44 22 52
23 24 14
24 23 14
23 25 19
25 23 25
23 26 22
26 23 22
23 29 80
29 23 56
23 30 37
30 23 34
23 32 81
32 23 57
23 33 34
33 23 56
23 34 33
34 23 55
23 36 55
36 23 38
23 38 71
38 23 63
23 40 46
40 23 35
23 41 65
41 23 44
23 42 10
42 23 12
23 45 37
45 23 27
23 46 20
46 23 26
23 47 13
47 23 17
23 48 41
48 23 46
23 49 46
49 23 50
23 50 34
50 23 25
23 1 37
1 23 41
23 4 27
4 23 39
23 9 44
9 23 53
23 18 26
18 23 39
23 19 47
19 23 49
23 27 37
27 23 38
23 28 28
28 23 50
23 31 39
31 23 30
23 35 48
35 23 58
23 37 43
37 23 41
23 39 52
39 23 46
23 43 42
43 23 43
23 44 37
44 23 52
24 25 48
25 24 36
24 26 14
26 24 25
24 29 38
29 24 52
24 30 37
30 24 43
24 32 61
32 24 48
24 33 69
33 24 54
24 34 79
34 24 60
24 36 31
36 24 30
24 38 57
38 24 57
24 40 17
40 24 21
24 41 41
41 24 31
24 42 15
42 24 26
24 45 25
45 24 25
24 46 14
46 24 19
24 47 21
47 24 25
24 48 45
48 24 42
24 49 52
49 24 49
24 50 18
50 24 23
24 1 44
1 24 43
24 4 31
4 24 34
24 9 29
9 24 47
24 18 14
18 24 26
24 19 32
19 24 54
24 27 25
27 24 46
24 28 31
28 24 52
24 31 22
31 24 32
24 35 95
35 24 64
24 37 23
37 24 38
24 39 26
39 24 32
24 43 48
43 24 33
24 44 29
44 24 43
25 26 15
26 25 20
25 29 74
29 25 51
25 30 6
30 25 10
25 32 83
32 25 61
25 33 55
33 25 49
25 34 37
34 25 35
25 36 43
36 25 46
25 38 76
38 25 62
25 40 49
40 25 54
25 41 50
41 25 58
25 42 31
42 25 22
25 45 30
45 25 29
25 46 48
46 25 36
25 47 8
47 25 13
25 48 45
48 25 45
25 49 55
49 25 42
25 50 23
50 25 28
25 1 41
1 25 29
25 4 58
4 25 40
25 9 61
9 25 53
25 18 77
18 25 57
25 19 26
19 25 32
25 27 18
27 25 16
25 28 34
28 25 37
25 31 16
31 25 25
25 35 49
35 25 36
25 37 33
37 25 38
25 39 81
39 25 66
25 43 78
43 25 53
25 44 58
44 25 59
26 29 29
29 26 35
26 30 24
30 26 22
26 32 57
32 26 41
26 33 37
33 26 34
26 34 44
34 26 35
26 36 34
36 26 26
26 38 53
38 26 44
26 40 50
40 26 37
26 41 56
41 26 39
26 42 21
42 26 30
26 45 8
45 26 9
26 46 20
46 26 17
26 47 13
47 26 9
26 48 34
48 26 27
26 49 23
49 26 28
26 50 6
50 26 8
26 1 21
1 26 19
26 4 12
4 26 21
26 9 22
9 26 34
26 18 23
18 26 39
26 19 34
19 26 29
26 27 16
27 26 23
26 28 23
28 26 28
26 31 5
31 26 8
26 35 31
35 26 39
26 37 16
37 26 20
26 39 30
39 26 49
26 43 40
43 26 33
26 44 58
44 26 39
29 30 42
30 29 47
29 32 28
32 29 21
29 33 6
33 29 7
29 34 37
34 29 36
29 36 24
36 29 26
29 38 12
38 29 12
29 40 33
40 29 49
29 41 44
41 29 41
29 42 50
42 29 64
29 45 25
45 29 29
29 46 41
46 29 33
29 47 36
47 29 43
29 48 13
48 29 10
29 49 10
49 29 10
29 50 17
50 29 31
29 1 17
1 29 24
29 4 19
4 29 18
29 9 5
9 29 9
29 18 49
18 29 47
29 19 46
19 29 31
29 27 24
27 29 43
29 28 11
28 29 21
29 31 31
31 29 28
29 35 46
35 29 42
29 37 11
37 29 15
29 39 68
39 29 57
29 43 32
43 29 30
29 44 16
44 29 25
30 32 54
32 30 60
30 33 45
33 30 43
30 34 25
34 30 26
30 36 55
36 30 47
30 38 31
38 30 58
30 40 85
40 30 59
30 41 68
41 30 61
30 42 19
42 30 32
30 45 43
45 30 30
30 46 53
46 30 39
30 47 13
47 30 18
30 48 52
48 30 42
30 49 44
49 30 37
30 50 34
50 30 30
30 1 26
1 30 23
30 4 49
4 30 39
30 9 45
9 30 50
30 18 91
18 30 61
30 19 21
19 30 23
30 27 6
27 30 6
30 28 44
28 30 30
30 31 25
31 30 23
30 35 14
35 30 26
30 37 43
37 30 35
30 39 59
39 30 71
30 43 47
43 30 54
30 44 30
44 30 59
32 33 19
33 32 27
32 34 33
34 32 55
32 36 13
36 32 18
32 38 19
38 32 14
32 40 32
40 32 37
32 41 35
41 32 25
32 42 45
42 32 68
32 45 24
45 32 32
32 46 20
46 32 30
32 47 50
47 32 49
32 48 16
48 32 18
32 49 26
49 32 29
32 50 24
50 32 34
32 1 36
1 32 39
32 4 21
4 32 21
32 9 17
9 32 12
32 18 38
18 32 33
32 19 37
19 32 49
32 27 55
27 32 57
32 28 57
28 32 40
32 31 20
31 32 37
32 35 72
35 32 61
32 37 32
37 32 25
32 39 35
39 32 41
32 43 24
43 32 17
32 44 10
44 32 7
33 34 16
34 33 30
33 36 41
36 33 31
33 38 12
38 33 18
33 40 61
40 33 53
33 41 56
41 33 46
33 42 60
42 33 64
33 45 33
45 33 30
33 46 49
46 33 36
33 47 51
47 33 42
33 48 16
48 33 14
33 49 8
49 33 6
33 50 42
50 33 32
33 1 16
1 33 20
33 4 19
4 33 21
33 9 23
9 33 16
33 18 62
18 33 52
33 19 34
19 33 25
33 27 56
27 33 38
33 28 16
28 33 15
33 31 22
31 33 26
33 35 29
35 33 36
33 37 22
37 33 16
33 39 82
39 33 62
33 43 35
43 33 36
33 44 23
44 33 32
34 36 56
36 34 51
34 38 26
38 34 48
34 40 65
40 34 69
34 41 49
41 34 67
34 42 76
42 34 57
34 45 48
45 34 38
34 46 62
46 34 48
34 47 50
47 34 38
34 48 41
48 34 38
34 49 15
49 34 27
34 50 27
50 34 39
34 1 26
1 34 19
34 4 30
4 34 40
34 9 61
9 34 43
34 18 102
18 34 70
34 19 7
19 34 7
34 27 13
27 34 19
34 28 17
28 34 16
34 31 36
31 34 29
34 35 7
35 34 6
34 37 27
37 34 33
34 39 101
39 34 81
34 43 76
43 34 58
34 44 58
44 34 58
36 38 33
38 36 28
36 40 33
40 36 23
36 41 22
41 36 16
36 42 70
42 36 50
36 45 17
45 36 17
36 46 13
46 36 12
36 47 39
47 36 34
36 48 15
48 36 17
36 49 38
49 36 28
36 50 17
50 36 18
36 1 47
1 36 32
36 4 8
4 36 11
36 9 19
9 36 19
36 18 21
18 36 21
36 19 52
19 36 44
36 27 37
27 36 46
36 28 34
28 36 37
36 31 22
31 36 25
36 35 68
35 36 56
36 37 16
37 36 18
36 39 37
39 36 31
36 43 7
43 36 7
36 44 7
44 36 14
38 40 64
40 38 49
38 41 33
41 38 38
38 42 95
42 38 73
38 45 27
45 38 36
38 46 41
46 38 38
38 47 33
47 38 52
38 48 21
48 38 17
38 49 24
49 38 22
38 50 26
50 38 38
38 1 42
1 38 35
38 4 21
4 38 24
38 9 11
9 38 10
38 18 29
18 38 46
38 19 43
19 38 43
38 27 57
27 38 54
38 28 42
28 38 33
38 31 39
31 38 37
38 35 52
35 38 54
38 37 16
37 38 24
38 39 79
39 38 55
38 43 36
43 38 29
38 44 25
44 38 21
40 41 15
41 40 13
40 42 24
42 40 47
40 45 29
45 40 31
40 46 22
46 40 21
40 47 53
47 40 41
40 48 36
48 40 40
40 49 70
49 40 50
40 50 23
50 40 30
40 1 58
1 40 50
40 4 30
4 40 33
40 9 43
9 40 41
40 18 5
18 40 5
40 19 59
19 40 62
40 27 69
27 40 60
40 28 64
28 40 57
40 31 43
31 40 40
40 35 72
35 40 74
40 37 31
37 40 39
40 39 12
39 40 12
40 43 17
43 40 20
40 44 36
44 40 30
41 42 73
42 41 56
41 45 16
45 41 31
41 46 17
46 41 22
41 47 34
47 41 45
41 48 21
48 41 32
41 49 58
49 41 44
41 50 30
50 41 31
41 1 47
1 41 48
41 4 25
4 41 27
41 9 24
9 41 32
41 18 8
18 41 9
41 19 75
19 41 60
41 27 65
27 41 61
41 28 72
28 41 53
41 31 43
31 41 40
41 35 82
35 41 72
41 37 52
37 41 35
41 39 18
39 41 16
41 43 13
43 41 10
41 44 13
44 41 18
42 45 42
45 42 37
42 46 39
46 42 38
42 47 14
47 42 22
42 48 79
48 42 56
42 49 29
49 42 58
42 50 48
50 42 35
42 1 24
1 42 46
42 4 52
4 42 48
42 9 48
9 42 63
42 18 76
18 42 51
42 19 29
19 42 52
42 27 46
27 42 38
42 28 57
28 42 55
42 31 37
31 42 38
42 35 76
35 42 58
42 37 25
37 42 49
42 39 79
39 42 58
42 43 48
43 42 55
42 44 66
44 42 64
45 46 6
46 45 10
45 47 19
47 45 17
45 48 12
48 45 19
45 49 12
49 45 24
45 50 2
50 45 2
45 1 13
1 45 20
45 4 12
4 45 12
45 9 15
9 45 26
45 18 39
18 45 32
45 19 39
19 45 31
45 27 39
27 45 30
45 28 18
28 45 28
45 31 6
31 45 9
45 35 55
35 45 43
45 37 14
37 45 14
45 39 59
39 45 43
45 43 24
43 45 24
45 44 36
44 45 30
46 47 29
47 46 23
46 48 21
48 46 23
46 49 32
49 46 31
46 50 11
50 46 9
46 1 15
1 46 29
46 4 17
4 46 15
46 9 18
9 46 28
46 18 14
18 46 22
46 19 60
19 46 41
46 27 33
27 46 39
46 28 26
28 46 37
46 31 12
31 46 19
46 35 66
35 46 53
46 37 28
37 46 20
46 39 45
39 46 33
46 43 18
43 46 18
46 44 27
44 46 26
47 48 41
48 47 35
47 49 40
49 47 36
47 50 16
50 47 16
47 1 30
1 47 25
47 4 30
4 47 29
47 9 32
9 47 43
47 18 60
18 47 44
47 19 39
19 47 32
47 27 13
27 47 22
47 28 32
28 47 34
47 31 11
31 47 16
47 35 42
35 47 40
47 37 30
37 47 28
47 39 75
39 47 53
47 43 21
43 47 40
47 44 54
44 47 47
48 49 7
49 48 12
48 50 25
50 48 22
48 1 21
1 48 21
48 4 9
4 48 8
48 9 7
9 48 8
48 18 46
18 48 38
48 19 24
19 48 31
48 27 23
27 48 39
48 28 29
28 48 22
48 31 30
31 48 21
48 35 41
35 48 44
48 37 5
37 48 8
48 39 42
39 48 48
48 43 18
43 48 22
48 44 29
44 48 20
49 50 31
50 49 26
49 1 10
1 49 14
49 4 12
4 49 17
49 9 14
9 49 17
49 18 35
18 49 49
49 19 27
19 49 21
49 27 49
27 49 33
49 28 16
28 49 11
49 31 20
31 49 20
49 35 24
35 49 33
49 37 6
37 49 11
49 39 51
39 49 60
49 43 38
43 49 34
49 44 27
44 49 32
50 1 19
1 50 21
50 4 10
4 50 14
50 9 25
9 50 28
50 18 32
18 50 31
50 19 31
19 50 32
50 27 42
27 50 30
50 28 39
28 50 29
50 31 9
31 50 10
50 35 48
35 50 44
50 37 10
37 50 16
50 39 43
39 50 42
50 43 28
43 50 25
50 44 16
44 50 31
1 4 24
4 1 21
1 9 36
9 1 28
1 18 52
18 1 51
1 19 13
19 1 12
1 27 11
27 1 19
1 28 11
28 1 9
1 31 9
31 1 11
1 35 32
35 1 24
1 37 10
37 1 15
1 39 51
39 1 62
1 43 50
43 1 39
1 44 35
44 1 40
4 9 19
9 4 14
4 18 42
18 4 32
4 19 48
19 4 33
4 27 23
27 4 37
4 28 31
28 4 25
4 31 17
31 4 16
4 35 23
35 4 45
4 37 6
37 4 7
4 39 56
39 4 42
4 43 26
43 4 18
4 44 29
44 4 20
9 18 54
18 9 39
9 19 22
19 9 37
9 27 54
27 9 47
9 28 26
28 9 28
9 31 33
31 9 28
9 35 41
35 9 49
9 37 9
37 9 15
9 39 49
39 9 48
9 43 25
43 9 22
9 44 8
44 9 16
18 19 52
19 18 63
18 27 44
27 18 62
18 28 41
28 18 57
18 31 24
31 18 41
18 35 93
35 18 75
18 37 22
37 18 39
18 39 10
39 18 11
18 43 15
43 18 17
18 44 29
44 18 26
19 27 22
27 19 17
19 28 14
28 19 10
19 31 12
31 19 22
19 35 14
35 19 13
19 37 35
37 19 26
19 39 104
39 19 74
19 43 74
43 19 51
19 44 53
44 19 51
27 28 12
28 27 24
27 31 13
31 27 22
27 35 11
35 27 20
27 37 35
37 27 32
27 39 87
39 27 72
27 43 71
43 27 53
27 44 43
44 27 57
28 31 25
31 28 20
28 35 23
35 28 22
28 37 22
37 28 18
28 39 60
39 28 67
28 43 24
43 28 43
28 44 36
44 28 42
31 35 33
35 31 34
31 37 11
37 31 13
31 39 43
39 31 52
31 43 44
43 31 32
31 44 24
44 31 36
35 37 42
37 35 38
35 39 70
39 35 86
35 43 92
43 35 63
35 44 51
44 35 64
37 39 42
39 37 49
37 43 25
43 37 25
37 44 33
44 37 26
39 43 37
43 39 26
39 44 35
44 39 34
43 44 10
44 43 10
