1 37 13 0 2550

263 298

51 5 6 37 52

1 10 49 49
3 13 20 26
4 10 40 30
5 11 21 47
6 14 17 63
7 9 31 62
9 14 51 21
11 13 31 32
14 10 36 16
15 13 52 41
16 12 27 23
17 12 17 33
18 11 13 13
19 14 57 58
20 12 62 42
21 10 42 57
23 14 8 52
24 13 7 38
25 12 27 68
26 14 30 48
27 13 43 67
29 12 58 27
31 10 38 46
33 13 61 33
34 12 62 63
35 13 63 69
36 11 32 22
37 12 45 35
38 11 59 15
39 9 5 6
40 14 10 17
41 11 21 10
42 13 5 64
44 12 39 10
45 12 32 39
47 14 25 55
48 13 48 28
2 12 52 64
8 9 52 33
10 13 42 41
12 12 5 25
13 9 12 42
22 13 16 57
28 14 58 48
30 9 37 69
32 10 46 10
43 13 30 15
46 10 25 32
49 12 56 37
50 14 30 40


51 1 11
1 51 12
51 3 26
3 51 31
51 4 18
4 51 22
51 5 12
5 51 17
51 6 18
6 51 23
51 7 11
7 51 12
51 9 42
9 51 34
51 11 18
11 51 21
51 14 25
14 51 36
51 15 11
15 51 19
51 16 43
16 51 31
51 17 24
17 51 28
51 18 39
18 51 46
51 19 23
19 51 21
51 20 22
20 51 27
51 21 5
21 51 7
51 23 25
23 51 29
51 24 38
24 51 33
51 25 27
25 51 19
51 26 7
26 51 8
51 27 23
27 51 16
51 29 42
29 51 32
51 31 6
31 51 6
51 33 29
33 51 31
51 34 25
34 51 27
51 35 19
35 51 31
51 36 37
36 51 30
51 37 21
37 51 19
51 38 59
38 51 43
51 39 61
39 51 56
51 40 62
40 51 44
51 41 28
41 51 45
51 42 33
42 51 34
51 44 31
44 51 42
51 45 7
45 51 14
51 47 8
47 51 12
51 48 17
48 51 26
51 2 22
2 51 19
51 8 18
8 51 24
51 10 15
10 51 12
51 12 36
12 51 42
51 13 14
13 51 27
51 22 23
22 51 22
51 28 21
28 51 21
51 30 17
30 51 17
51 32 24
32 51 43
51 43 40
43 51 37
51 46 29
46 51 23
51 49 26
49 51 24
51 50 18
50 51 14
1 3 42
3 1 37
1 4 30
4 1 21
1 5 38
5 1 28
1 6 30
6 1 35
1 7 26
7 1 22
1 9 23
9 1 28
1 11 37
11 1 25
1 14 23
14 1 35
1 15 7
15 1 9
1 16 48
16 1 34
1 17 28
17 1 36
1 18 58
18 1 51
1 19 17
19 1 12
1 20 8
20 1 15
1 21 11
21 1 11
1 23 24
23 1 41
1 24 64
24 1 43
1 25 32
25 1 29
1 26 14
26 1 19
1 27 24
27 1 19
1 29 13
29 1 24
1 31 6
31 1 11
1 33 15
33 1 20
1 34 14
34 1 19
1 35 17
35 1 24
1 36 38
36 1 32
1 37 19
37 1 15
1 38 51
38 1 35
1 39 63
39 1 62
1 40 37
40 1 50
1 41 58
41 1 48
1 42 47
42 1 46
1 44 48
44 1 40
1 45 25
45 1 20
1 47 15
47 1 25
1 48 12
48 1 21
1 2 22
2 1 15
1 8 12
8 1 16
1 10 8
10 1 11
1 12 43
12 1 50
1 13 54
13 1 38
1 22 36
22 1 34
1 28 8
28 1 9
1 30 12
30 1 23
1 32 51
32 1 39
1 43 43
43 1 39
1 46 42
46 1 29
1 49 20
49 1 14
1 50 20
50 1 21
3 4 23
4 3 20
3 5 19
5 3 21
3 6 47
6 3 37
3 7 23
7 3 38
3 9 43
9 3 31
3 11 16
11 3 13
3 14 21
14 3 19
3 15 52
15 3 35
3 16 9
16 3 8
3 17 7
17 3 8
3 18 11
18 3 15
3 19 70
19 3 49
3 20 42
20 3 45
3 21 19
21 3 38
3 23 17
23 3 29
3 24 15
24 3 18
3 25 28
25 3 43
3 26 17
26 3 24
3 27 68
27 3 47
3 29 47
29 3 38
3 31 30
31 3 27
3 33 32
33 3 41
3 34 74
34 3 56
3 35 59
35 3 61
3 36 10
36 3 13
3 37 27
37 3 27
3 38 28
38 3 41
3 39 35
39 3 25
3 40 16
40 3 13
3 41 18
41 3 16
3 42 36
42 3 41
3 44 32
44 3 25
3 45 21
45 3 18
3 47 30
47 3 29
3 48 32
48 3 28
3 2 46
2 3 50
3 8 21
8 3 32
3 10 15
10 3 27
3 12 13
12 3 15
3 13 17
13 3 18
3 22 32
22 3 31
3 28 63
28 3 44
3 30 38
30 3 46
3 32 19
32 3 31
3 43 15
43 3 15
3 46 10
46 3 8
3 49 23
49 3 37
3 50 15
50 3 17
4 5 20
5 4 25
4 6 29
6 4 40
4 7 31
7 4 33
4 9 19
9 4 14
4 11 6
11 4 9
4 14 13
14 4 15
4 15 18
15 4 16
4 16 9
16 4 15
4 17 27
17 4 23
4 18 38
18 4 32
4 19 19
19 4 33
4 20 17
20 4 25
4 21 15
21 4 27
4 23 27
23 4 39
4 24 27
24 4 34
4 25 53
25 4 40
4 26 11
26 4 21
4 27 37
27 4 37
4 29 17
29 4 18
4 31 15
31 4 16
4 33 23
33 4 21
4 34 56
34 4 40
4 35 49
35 4 45
4 36 7
36 4 11
4 37 4
37 4 7
4 38 12
38 4 24
4 39 47
39 4 42
4 40 40
40 4 33
4 41 39
41 4 27
4 42 54
42 4 48
4 44 11
44 4 20
4 45 6
45 4 12
4 47 39
47 4 29
4 48 11
48 4 8
4 2 31
2 4 36
4 8 14
8 4 12
4 10 8
10 4 11
4 12 51
12 4 35
4 13 39
13 4 30
4 22 47
22 4 36
4 28 24
28 4 25
4 30 48
30 4 39
4 32 16
32 4 21
4 43 22
43 4 18
4 46 11
46 4 15
4 49 11
49 4 17
4 50 10
50 4 14
5 6 10
6 5 16
5 7 21
7 5 18
5 9 32
9 5 40
5 11 16
11 5 18
5 14 24
14 5 34
5 15 46
15 5 32
5 16 36
16 5 25
5 17 16
17 5 15
5 18 25
18 5 35
5 19 43
19 5 38
5 20 42
20 5 41
5 21 30
21 5 23
5 23 14
23 5 14
5 24 15
24 5 16
5 25 12
25 5 22
5 26 7
26 5 9
5 27 28
27 5 30
5 29 54
29 5 42
5 31 22
31 5 17
5 33 29
33 5 42
5 34 40
34 5 44
5 35 69
35 5 47
5 36 31
36 5 27
5 37 17
37 5 27
5 38 45
38 5 50
5 39 37
39 5 44
5 40 47
40 5 32
5 41 45
41 5 37
5 42 29
42 5 23
5 44 38
44 5 41
5 45 14
45 5 14
5 47 7
47 5 9
5 48 28
48 5 33
5 2 31
2 5 35
5 8 48
8 5 34
5 10 25
10 5 22
5 12 24
12 5 27
5 13 13
13 5 10
5 22 16
22 5 11
5 28 44
28 5 37
5 30 24
30 5 27
5 32 33
32 5 45
5 43 45
43 5 33
5 46 16
46 5 16
5 49 37
49 5 36
5 50 9
50 5 11
6 7 7
7 6 14
6 9 54
9 6 54
6 11 48
11 6 34
6 14 50
14 6 51
6 15 33
15 6 41
6 16 24
16 6 41
6 17 17
17 6 30
6 18 48
18 6 50
6 19 37
19 6 40
6 20 70
20 6 50
6 21 29
21 6 26
6 23 7
23 6 14
6 24 22
24 6 27
6 25 10
25 6 11
6 26 21
26 6 20
6 27 28
27 6 26
6 29 63
29 6 54
6 31 16
31 6 27
6 33 38
33 6 53
6 34 55
34 6 45
6 35 57
35 6 46
6 36 60
36 6 44
6 37 25
37 6 40
6 38 53
38 6 64
6 39 45
39 6 58
6 40 26
40 6 46
6 41 39
41 6 53
6 42 15
42 6 12
6 44 52
44 6 57
6 45 19
45 6 28
6 47 12
47 6 11
6 48 44
48 6 46
6 2 33
2 6 35
6 8 38
8 6 46
6 10 48
10 6 33
6 12 52
12 6 40
6 13 24
13 6 22
6 22 3
22 6 6
6 28 64
28 6 44
6 30 11
30 6 21
6 32 87
32 6 60
6 43 44
43 6 50
6 46 16
46 6 32
6 49 31
49 6 47
6 50 16
50 6 26
7 9 62
9 7 46
7 11 18
11 7 30
7 14 56
14 7 46
7 15 34
15 7 30
7 16 47
16 7 39
7 17 37
17 7 32
7 18 74
18 7 52
7 19 37
19 7 26
7 20 53
20 7 37
7 21 14
21 7 12
7 23 20
23 7 25
7 24 44
24 7 34
7 25 5
25 7 7
7 26 20
26 7 14
7 27 7
27 7 13
7 29 60
29 7 44
7 31 21
31 7 17
7 33 60
33 7 42
7 34 44
34 7 31
7 35 26
35 7 33
7 36 25
36 7 40
7 37 15
37 7 30
7 38 58
38 7 54
7 39 72
39 7 62
7 40 45
40 7 49
7 41 71
41 7 53
7 42 23
42 7 26
7 44 46
44 7 53
7 45 23
45 7 23
7 47 9
47 7 9
7 48 38
48 7 38
7 2 28
2 7 21
7 8 53
8 7 36
7 10 12
10 7 24
7 12 65
12 7 45
7 13 30
13 7 28
7 22 16
22 7 16
7 28 20
28 7 30
7 30 7
30 7 9
7 32 72
32 7 54
7 43 30
43 7 47
7 46 41
46 7 31
7 49 38
49 7 35
7 50 30
50 7 22
9 11 28
11 9 23
9 14 14
14 9 16
9 15 23
15 9 20
9 16 15
16 9 24
9 17 30
17 9 36
9 18 43
18 9 39
9 19 37
19 9 37
9 20 28
20 9 24
9 21 32
21 9 37
9 23 58
23 9 53
9 24 35
24 9 47
9 25 33
25 9 53
9 26 44
26 9 34
9 27 52
27 9 47
9 29 7
29 9 9
9 31 23
31 9 28
9 33 17
33 9 16
9 34 27
34 9 43
9 35 55
35 9 49
9 36 13
36 9 19
9 37 15
37 9 15
9 38 5
38 9 10
9 39 67
39 9 48
9 40 51
40 9 41
9 41 26
41 9 32
9 42 82
42 9 63
9 44 20
44 9 16
9 45 18
45 9 26
9 47 52
47 9 43
9 48 6
48 9 8
9 2 34
2 9 43
9 8 14
8 9 12
9 10 18
10 9 22
9 12 24
12 9 46
9 13 28
13 9 44
9 22 25
22 9 50
9 28 33
28 9 28
9 30 28
30 9 50
9 32 8
32 9 12
9 43 21
43 9 22
9 46 17
46 9 28
9 49 23
49 9 17
9 50 27
50 9 28
11 14 11
14 11 17
11 15 33
15 11 23
11 16 14
16 11 10
11 17 16
17 11 14
11 18 18
18 11 26
11 19 28
19 11 37
11 20 21
20 11 33
11 21 30
21 11 27
11 23 27
23 11 30
11 24 15
24 11 25
11 25 40
25 11 36
11 26 21
26 11 16
11 27 49
27 11 37
11 29 31
29 11 27
11 31 23
31 11 16
11 33 43
33 11 30
11 34 25
34 11 44
11 35 28
35 11 49
11 36 14
36 11 10
11 37 16
37 11 14
11 38 21
38 11 33
11 39 35
39 11 37
11 40 18
40 11 26
11 41 14
41 11 24
11 42 22
42 11 41
11 44 26
44 11 23
11 45 7
45 11 7
11 47 16
47 11 24
11 48 23
48 11 17
11 2 42
2 11 38
11 8 13
8 11 21
11 10 18
10 11 14
11 12 33
12 11 27
11 13 26
13 11 21
11 22 24
22 11 29
11 28 31
28 11 31
11 30 27
30 11 37
11 32 18
32 11 27
11 43 15
43 11 17
11 46 4
46 11 6
11 49 22
49 11 25
11 50 8
50 11 8
14 15 20
15 14 30
14 16 11
16 14 11
14 17 36
17 14 25
14 18 14
18 14 23
14 19 65
19 14 47
14 20 48
20 14 37
14 21 24
21 14 41
14 23 32
23 14 46
14 24 23
24 14 36
14 25 29
25 14 53
14 26 42
26 14 33
14 27 71
27 14 51
14 29 24
29 14 25
14 31 37
31 14 30
14 33 30
33 14 30
14 34 59
34 14 54
14 35 82
35 14 59
14 36 7
36 14 7
14 37 24
37 14 21
14 38 16
38 14 23
14 39 20
39 14 33
14 40 31
40 14 26
14 41 16
41 14 16
14 42 32
42 14 57
14 44 4
44 14 7
14 45 26
45 14 23
14 47 48
47 14 40
14 48 18
48 14 17
14 2 54
2 14 51
14 8 25
8 14 23
14 10 37
10 14 26
14 12 34
12 14 32
14 13 19
13 14 35
14 22 58
22 14 46
14 28 23
28 14 39
14 30 36
30 14 53
14 32 7
32 14 12
14 43 7
43 14 6
14 46 18
46 14 19
14 49 23
49 14 29
14 50 19
50 14 25
15 16 19
16 15 31
15 17 18
17 15 36
15 18 43
18 15 48
15 19 12
19 15 18
15 20 9
20 15 10
15 21 15
21 15 19
15 23 61
23 15 45
15 24 55
24 15 45
15 25 38
25 15 37
15 26 32
26 15 23
15 27 34
27 15 28
15 29 22
29 15 15
15 31 8
31 15 15
15 33 7
33 15 12
15 34 22
34 15 24
15 35 36
35 15 30
15 36 39
36 15 28
15 37 8
37 15 9
15 38 38
38 15 27
15 39 81
39 15 58
15 40 26
40 15 48
15 41 47
41 15 44
15 42 70
42 15 52
15 44 33
44 15 34
15 45 21
45 15 20
15 47 40
47 15 30
15 48 9
48 15 14
15 2 16
2 15 23
15 8 5
8 15 8
15 10 11
10 15 10
15 12 38
12 15 50
15 13 41
13 15 40
15 22 27
22 15 39
15 28 6
28 15 9
15 30 26
30 15 32
15 32 31
32 15 32
15 43 27
43 15 34
15 46 35
46 15 28
15 49 8
49 15 6
15 50 15
50 15 22
16 17 9
17 16 14
16 18 14
18 16 17
16 19 66
19 16 46
16 20 26
20 16 40
16 21 34
21 16 37
16 23 50
23 16 35
16 24 17
24 16 25
16 25 59
25 16 45
16 26 14
26 16 25
16 27 67
27 16 47
16 29 38
29 16 31
16 31 19
31 16 25
16 33 28
33 16 35
16 34 59
34 16 53
16 35 76
35 16 58
16 36 7
36 16 5
16 37 27
37 16 22
16 38 47
38 16 33
16 39 27
39 16 28
16 40 10
40 16 18
16 41 11
41 16 14
16 42 36
42 16 47
16 44 20
44 16 18
16 45 13
45 16 17
16 47 32
47 16 32
16 48 13
48 16 22
16 2 28
2 16 48
16 8 19
8 16 27
16 10 16
10 16 23
16 12 31
12 16 22
16 13 32
13 16 24
16 22 21
22 16 36
16 28 31
28 16 40
16 30 60
30 16 47
16 32 32
32 16 23
16 43 7
43 16 9
16 46 11
46 16 9
16 49 46
49 16 32
16 50 13
50 16 17
17 18 29
18 17 20
17 19 28
19 17 47
17 20 33
20 17 46
17 21 31
21 17 35
17 23 23
23 17 21
17 24 8
24 17 11
17 25 45
25 17 36
17 26 12
26 17 20
17 27 35
27 17 43
17 29 39
29 17 41
17 31 16
31 17 25
17 33 26
33 17 44
17 34 31
34 17 54
17 35 40
35 17 58
17 36 13
36 17 19
17 37 34
37 17 28
17 38 23
38 17 46
17 39 43
39 17 30
17 40 16
40 17 17
17 41 22
41 17 23
17 42 48
42 17 33
17 44 24
44 17 32
17 45 16
45 17 16
17 47 12
47 17 23
17 48 45
48 17 31
17 2 60
2 17 47
17 8 36
8 17 35
17 10 17
10 17 26
17 12 13
12 17 14
17 13 13
13 17 10
17 22 15
22 17 24
17 28 59
28 17 44
17 30 56
30 17 41
17 32 44
32 17 37
17 43 14
43 17 22
17 46 9
46 17 8
17 49 24
49 17 39
17 50 17
50 17 15
18 19 47
19 18 63
18 20 50
20 18 57
18 21 56
21 18 53
18 23 23
23 18 39
18 24 20
24 18 26
18 25 53
25 18 57
18 26 41
26 18 39
18 27 64
27 18 62
18 29 30
29 18 47
18 31 33
31 18 41
18 33 35
33 18 52
18 34 69
34 18 70
18 35 71
35 18 75
18 36 14
36 18 21
18 37 46
37 18 39
18 38 63
38 18 46
18 39 15
39 18 11
18 40 4
40 18 5
18 41 8
41 18 9
18 42 28
42 18 51
18 44 20
44 18 26
18 45 37
45 18 32
18 47 37
47 18 44
18 48 24
48 18 38
18 2 56
2 18 64
18 8 53
8 18 44
18 10 44
10 18 40
18 12 16
12 18 14
18 13 39
13 18 29
18 22 49
22 18 44
18 28 57
28 18 57
18 30 32
30 18 61
18 32 18
32 18 33
18 43 12
43 18 17
18 46 31
46 18 22
18 49 27
49 18 49
18 50 19
50 18 31
19 20 9
20 19 17
19 21 8
21 19 15
19 23 66
23 19 49
19 24 79
24 19 54
19 25 28
25 19 32
19 26 27
26 19 29
19 27 19
27 19 17
19 29 17
29 19 31
19 31 30
31 19 22
19 33 32
33 19 25
19 34 9
34 19 7
19 35 18
35 19 13
19 36 34
36 19 44
19 37 25
37 19 26
19 38 23
38 19 43
19 39 99
39 19 74
19 40 79
40 19 62
19 41 89
41 19 60
19 42 30
42 19 52
19 44 61
44 19 51
19 45 40
45 19 31
19 47 22
47 19 32
19 48 37
48 19 31
19 2 7
2 19 8
19 8 19
8 19 25
19 10 32
10 19 23
19 12 75
12 19 61
19 13 27
13 19 48
19 22 27
22 19 41
19 28 8
28 19 10
19 30 19
30 19 23
19 32 33
32 19 49
19 43 27
43 19 51
19 46 36
46 19 41
19 49 30
49 19 21
19 50 45
50 19 32
20 21 31
21 20 25
20 23 30
23 20 55
20 24 76
24 20 55
20 25 54
25 20 44
20 26 48
26 20 33
20 27 23
27 20 31
20 29 17
29 20 16
20 31 19
31 20 24
20 33 10
33 20 9
20 34 27
34 20 21
20 35 39
35 20 27
20 36 37
36 20 36
20 37 10
37 20 18
20 38 32
38 20 27
20 39 100
39 20 67
20 40 49
40 20 57
20 41 35
41 20 52
20 42 46
42 20 61
20 44 27
44 20 39
20 45 19
45 20 30
20 47 49
47 20 39
20 48 11
48 20 20
20 2 29
2 20 24
20 8 11
8 20 13
20 10 14
10 20 20
20 12 41
12 20 59
20 13 62
13 20 50
20 22 43
22 20 48
20 28 6
28 20 7
20 30 36
30 20 37
20 32 48
32 20 36
20 43 51
43 20 42
20 46 55
46 20 38
20 49 7
49 20 8
20 50 29
50 20 32
21 23 28
23 21 34
21 24 42
24 21 40
21 25 17
25 21 19
21 26 22
26 21 15
21 27 13
27 21 10
21 29 26
29 21 34
21 31 12
31 21 12
21 33 35
33 21 31
21 34 23
34 21 21
21 35 30
35 21 24
21 36 53
36 21 36
21 37 28
37 21 22
21 38 27
38 21 45
21 39 34
39 21 63
21 40 64
40 21 51
21 41 56
41 21 51
21 42 49
42 21 38
21 44 69
44 21 47
21 45 12
45 21 21
21 47 9
47 21 17
21 48 25
48 21 30
21 2 11
2 21 12
21 8 15
8 21 26
21 10 16
10 21 16
21 12 56
12 21 49
21 13 29
13 21 34
21 22 38
22 21 26
21 28 22
28 21 18
21 30 8
30 21 13
21 32 49
32 21 47
21 43 64
43 21 43
21 46 24
46 21 30
21 49 24
49 21 24
21 50 21
50 21 21
23 24 9
24 23 14
23 25 29
25 23 25
23 26 21
26 23 22
23 27 28
27 23 38
23 29 56
29 23 56
23 31 16
31 23 30
23 33 64
33 23 56
23 34 47
34 23 55
23 35 44
35 23 58
23 36 25
36 23 38
23 37 24
37 23 41
23 38 80
38 23 63
23 39 23
39 23 46
23 40 38
40 23 35
23 41 58
41 23 44
23 42 9
42 23 12
23 44 28
44 23 52
23 45 19
45 23 27
23 47 23
47 23 17
23 48 50
48 23 46
23 2 33
2 23 46
23 8 26
8 23 48
23 10 44
10 23 36
23 12 38
12 23 27
23 13 8
13 23 11
23 22 11
22 23 9
23 28 49
28 23 50
23 30 27
30 23 34
23 32 66
32 23 57
23 43 49
43 23 43
23 46 17
46 23 26
23 49 71
49 23 50
23 50 35
50 23 25
24 25 29
25 24 36
24 26 19
26 24 25
24 27 44
27 24 46
24 29 66
29 24 52
24 31 28
31 24 32
24 33 67
33 24 54
24 34 72
34 24 60
24 35 68
35 24 64
24 36 29
36 24 30
24 37 53
37 24 38
24 38 50
38 24 57
24 39 35
39 24 32
24 40 27
40 24 21
24 41 34
41 24 31
24 42 20
42 24 26
24 44 30
44 24 43
24 45 21
45 24 25
24 47 34
47 24 25
24 48 51
48 24 42
24 2 47
2 24 51
24 8 57
8 24 45
24 10 50
10 24 35
24 12 13
12 24 13
24 13 6
13 24 6
24 22 22
22 24 21
24 28 63
28 24 52
24 30 24
30 24 43
24 32 45
32 24 48
24 43 18
43 24 33
24 46 14
46 24 19
24 49 50
49 24 49
24 50 25
50 24 23
25 26 12
26 25 20
25 27 11
27 25 16
25 29 28
29 25 51
25 31 15
31 25 25
25 33 52
33 25 49
25 34 47
34 25 35
25 35 43
35 25 36
25 36 27
36 25 46
25 37 28
37 25 38
25 38 72
38 25 62
25 39 81
39 25 66
25 40 47
40 25 54
25 41 62
41 25 58
25 42 13
42 25 22
25 44 85
44 25 59
25 45 35
45 25 29
25 47 17
47 25 13
25 48 61
48 25 45
25 2 16
2 25 25
25 8 44
8 25 43
25 10 39
10 25 31
25 12 69
12 25 48
25 13 20
13 25 30
25 22 22
22 25 16
25 28 22
28 25 37
25 30 9
30 25 10
25 32 76
32 25 61
25 43 72
43 25 53
25 46 28
46 25 36
25 49 37
49 25 42
25 50 21
50 25 28
26 27 24
27 26 23
26 29 39
29 26 35
26 31 11
31 26 8
26 33 17
33 26 34
26 34 34
34 26 35
26 35 23
35 26 39
26 36 15
36 26 26
26 37 25
37 26 20
26 38 24
38 26 44
26 39 25
39 26 49
26 40 28
40 26 37
26 41 39
41 26 39
26 42 27
42 26 30
26 44 21
44 26 39
26 45 9
45 26 9
26 47 12
47 26 9
26 48 34
48 26 27
26 2 31
2 26 27
26 8 26
8 26 27
26 10 15
10 26 14
26 12 24
12 26 34
26 13 19
13 26 19
26 22 12
22 26 17
26 28 33
28 26 28
26 30 24
30 26 22
26 32 53
32 26 41
26 43 44
43 26 33
26 46 16
46 26 17
26 49 27
49 26 28
26 50 11
50 26 8
27 29 62
29 27 43
27 31 24
31 27 22
27 33 32
33 27 38
27 34 21
34 27 19
27 35 11
35 27 20
27 36 54
36 27 46
27 37 35
37 27 32
27 38 71
38 27 54
27 39 81
39 27 72
27 40 66
40 27 60
27 41 43
41 27 61
27 42 46
42 27 38
27 44 82
44 27 57
27 45 44
45 27 30
27 47 32
47 27 22
27 48 45
48 27 39
27 2 12
2 27 9
27 8 26
8 27 35
27 10 14
10 27 26
27 12 62
12 27 57
27 13 40
13 27 40
27 22 29
22 27 29
27 28 25
28 27 24
27 30 8
30 27 6
27 32 43
32 27 57
27 43 64
43 27 53
27 46 23
46 27 39
27 49 40
49 27 33
27 50 23
50 27 30
29 31 37
31 29 28
29 33 7
33 29 7
29 34 18
34 29 36
29 35 22
35 29 42
29 36 24
36 29 26
29 37 11
37 29 15
29 38 17
38 29 12
29 39 37
39 29 57
29 40 34
40 29 49
29 41 35
41 29 41
29 42 74
42 29 64
29 44 15
44 29 25
29 45 17
45 29 29
29 47 41
47 29 43
29 48 6
48 29 10
29 2 42
2 29 37
29 8 4
8 29 8
29 10 20
10 29 21
29 12 39
12 29 53
29 13 62
13 29 48
29 22 49
22 29 52
29 28 11
28 29 21
29 30 51
30 29 47
29 32 15
32 29 21
29 43 18
43 29 30
29 46 47
46 29 33
29 49 12
49 29 10
29 50 43
50 29 31
31 33 17
33 31 26
31 34 26
34 31 29
31 35 37
35 31 34
31 36 35
36 31 25
31 37 10
37 31 13
31 38 42
38 31 37
31 39 38
39 31 52
31 40 31
40 31 40
31 41 28
41 31 40
31 42 27
42 31 38
31 44 22
44 31 36
31 45 9
45 31 9
31 47 11
47 31 16
31 48 27
48 31 21
31 2 26
2 31 23
31 8 17
8 31 19
31 10 7
10 31 6
31 12 38
12 31 39
31 13 34
13 31 26
31 22 34
22 31 25
31 28 29
28 31 20
31 30 25
30 31 23
31 32 43
32 31 37
31 43 31
43 31 32
31 46 19
46 31 19
31 49 10
49 31 20
31 50 12
50 31 10
33 34 23
34 33 30
33 35 30
35 33 36
33 36 22
36 33 31
33 37 20
37 33 16
33 38 17
38 33 18
33 39 32
39 33 62
33 40 42
40 33 53
33 41 55
41 33 46
33 42 75
42 33 64
33 44 29
44 33 32
33 45 16
45 33 30
33 47 28
47 33 42
33 48 20
48 33 14
33 2 44
2 33 32
33 8 12
8 33 9
33 10 22
10 33 21
33 12 50
12 33 57
33 13 37
13 33 50
33 22 34
22 33 51
33 28 10
28 33 15
33 30 42
30 33 43
33 32 28
32 33 27
33 43 19
43 33 36
33 46 29
46 33 36
33 49 4
49 33 6
33 50 33
50 33 32
34 35 4
35 34 6
34 36 57
36 34 51
34 37 26
37 34 33
34 38 27
38 34 48
34 39 50
39 34 81
34 40 70
40 34 69
34 41 56
41 34 67
34 42 84
42 34 57
34 44 33
44 34 58
34 45 38
45 34 38
34 47 52
47 34 38
34 48 55
48 34 38
34 2 11
2 34 10
34 8 27
8 34 32
34 10 44
10 34 30
34 12 50
12 34 68
34 13 30
13 34 54
34 22 34
22 34 46
34 28 15
28 34 16
34 30 22
30 34 26
34 32 57
32 34 55
34 43 67
43 34 58
34 46 39
46 34 48
34 49 22
49 34 27
34 50 46
50 34 39
35 36 61
36 35 56
35 37 53
37 35 38
35 38 66
38 35 54
35 39 68
39 35 86
35 40 42
40 35 74
35 41 91
41 35 72
35 42 35
42 35 58
35 44 61
44 35 64
35 45 45
45 35 43
35 47 32
47 35 40
35 48 62
48 35 44
35 2 7
2 35 12
35 8 19
8 35 38
35 10 49
10 35 35
35 12 73
12 35 72
35 13 80
13 35 58
35 22 73
22 35 49
35 28 32
28 35 22
35 30 14
30 35 26
35 32 36
32 35 61
35 43 78
43 35 63
35 46 39
46 35 53
35 49 31
49 35 33
35 50 27
50 35 44
36 37 24
37 36 18
36 38 26
38 36 28
36 39 25
39 36 31
36 40 15
40 36 23
36 41 8
41 36 16
36 42 64
42 36 50
36 44 13
44 36 14
36 45 15
45 36 17
36 47 49
47 36 34
36 48 10
48 36 17
36 2 48
2 36 46
36 8 24
8 36 23
36 10 21
10 36 21
36 12 27
12 36 27
36 13 24
13 36 28
36 22 35
22 36 38
36 28 34
28 36 37
36 30 38
30 36 47
36 32 13
32 36 18
36 43 8
43 36 7
36 46 6
46 36 12
36 49 31
49 36 28
36 50 11
50 36 18
37 38 12
38 37 24
37 39 26
39 37 49
37 40 49
40 37 39
37 41 39
41 37 35
37 42 62
42 37 49
37 44 20
44 37 26
37 45 10
45 37 14
37 47 31
47 37 28
37 48 5
48 37 8
37 2 34
2 37 30
37 8 10
8 37 7
37 10 8
10 37 7
37 12 50
12 37 41
37 13 38
13 37 34
37 22 30
22 37 36
37 28 16
28 37 18
37 30 27
30 37 35
37 32 32
32 37 25
37 43 14
43 37 25
37 46 21
46 37 20
37 49 16
49 37 11
37 50 8
50 37 16
38 39 62
39 38 55
38 40 57
40 38 49
38 41 54
41 38 38
38 42 91
42 38 73
38 44 21
44 38 21
38 45 38
45 38 36
38 47 57
47 38 52
38 48 24
48 38 17
38 2 38
2 38 49
38 8 18
8 38 19
38 10 32
10 38 31
38 12 75
12 38 55
38 13 69
13 38 54
38 22 69
22 38 60
38 28 28
28 38 33
38 30 60
30 38 58
38 32 12
32 38 14
38 43 20
43 38 29
38 46 39
46 38 38
38 49 28
49 38 22
38 50 26
50 38 38
39 40 11
40 39 12
39 41 8
41 39 16
39 42 83
42 39 58
39 44 39
44 39 34
39 45 33
45 39 43
39 47 52
47 39 53
39 48 41
48 39 48
39 2 76
2 39 75
39 8 38
8 39 54
39 10 66
10 39 51
39 12 16
12 39 19
39 13 33
13 39 37
39 22 55
22 39 52
39 28 91
28 39 67
39 30 106
30 39 71
39 32 60
32 39 41
39 43 38
43 39 26
39 46 17
46 39 33
39 49 78
49 39 60
39 50 37
50 39 42
40 41 14
41 40 13
40 42 67
42 40 47
40 44 26
44 40 30
40 45 20
45 40 31
40 47 40
47 40 41
40 48 35
48 40 40
40 2 68
2 40 63
40 8 36
8 40 45
40 10 30
10 40 40
40 12 13
12 40 9
40 13 21
13 40 25
40 22 35
22 40 40
40 28 57
28 40 57
40 30 48
30 40 59
40 32 52
32 40 37
40 43 23
43 40 20
40 46 22
46 40 21
40 49 25
49 40 50
40 50 27
50 40 30
41 42 39
42 41 56
41 44 17
44 41 18
41 45 24
45 41 31
41 47 35
47 41 45
41 48 47
48 41 32
41 2 40
2 41 62
41 8 38
8 41 39
41 10 38
10 41 37
41 12 30
12 41 22
41 13 36
13 41 33
41 22 34
22 41 47
41 28 54
28 41 53
41 30 47
30 41 61
41 32 29
32 41 25
41 43 14
43 41 10
41 46 13
46 41 22
41 49 26
49 41 44
41 50 20
50 41 31
42 44 73
44 42 64
42 45 46
45 42 37
42 47 19
47 42 22
42 48 30
48 42 56
42 2 39
2 42 47
42 8 81
8 42 56
42 10 22
10 42 44
42 12 43
12 42 39
42 13 19
13 42 23
42 22 7
22 42 13
42 28 73
28 42 55
42 30 43
30 42 32
42 32 55
32 42 68
42 43 76
43 42 55
42 46 49
46 42 38
42 49 68
49 42 58
42 50 50
50 42 35
44 45 18
45 44 30
44 47 51
47 44 47
44 48 10
48 44 20
44 2 56
2 44 56
44 8 19
8 44 26
44 10 42
10 44 31
44 12 31
12 44 37
44 13 62
13 44 42
44 22 44
22 44 52
44 28 30
28 44 42
44 30 81
30 44 59
44 32 6
32 44 7
44 43 5
43 44 10
44 46 29
46 44 26
44 49 33
49 44 32
44 50 43
50 44 31
45 47 21
47 45 17
45 48 28
48 45 19
45 2 21
2 45 32
45 8 26
8 45 21
45 10 14
10 45 10
45 12 38
12 45 30
45 13 18
13 45 20
45 22 33
22 45 24
45 28 24
28 45 28
45 30 19
30 45 30
45 32 23
32 45 32
45 43 29
43 45 24
45 46 5
46 45 10
45 49 27
49 45 24
45 50 2
50 45 2
47 48 23
48 47 35
47 2 31
2 47 28
47 8 38
8 47 35
47 10 24
10 47 22
47 12 37
12 47 36
47 13 19
13 47 18
47 22 10
22 47 9
47 28 24
28 47 34
47 30 25
30 47 18
47 32 50
32 47 49
47 43 26
43 47 40
47 46 29
46 47 23
47 49 47
49 47 36
47 50 19
50 47 16
48 2 35
2 48 36
48 8 4
8 48 6
48 10 18
10 48 14
48 12 63
12 48 43
48 13 39
13 48 39
48 22 63
22 48 43
48 28 30
28 48 22
48 30 51
30 48 42
48 32 23
32 48 18
48 43 13
43 48 22
48 46 32
46 48 23
48 49 10
49 48 12
48 50 28
50 48 22
2 8 30
8 2 31
2 10 36
10 2 25
2 12 81
12 2 61
2 13 60
13 2 45
2 22 51
22 2 37
2 28 20
28 2 17
2 30 13
30 2 15
2 32 65
32 2 54
2 43 34
43 2 53
2 46 23
46 2 42
2 49 29
49 2 27
2 50 31
50 2 33
8 10 18
10 8 13
8 12 34
12 8 48
8 13 41
13 8 41
8 22 33
22 8 43
8 28 9
28 8 16
8 30 49
30 8 39
8 32 30
32 8 24
8 43 16
43 8 28
8 46 25
46 8 27
8 49 8
49 8 6
8 50 27
50 8 23
10 12 49
12 10 40
10 13 24
13 10 30
10 22 39
22 10 31
10 28 13
28 10 17
10 30 33
30 10 28
10 32 42
32 10 31
10 43 27
43 10 28
10 46 28
46 10 19
10 49 9
49 10 15
10 50 6
50 10 12
12 13 20
13 12 18
12 22 20
22 12 34
12 28 81
28 12 58
12 30 31
30 12 54
12 32 48
32 12 44
12 43 37
43 12 27
12 46 20
46 12 21
12 49 70
49 12 52
12 50 17
50 12 29
13 22 18
22 13 16
13 28 40
28 13 46
13 30 41
30 13 37
13 32 50
32 13 47
13 43 26
43 13 32
13 46 15
46 13 16
13 49 31
49 13 44
13 50 15
50 13 18
22 28 25
28 22 43
22 30 24
30 22 24
22 32 53
32 22 56
22 43 29
43 22 44
22 46 20
46 22 27
22 49 48
49 22 45
22 50 21
50 22 22
28 30 30
30 28 30
28 32 28
32 28 40
28 43 47
43 28 43
28 46 25
46 28 37
28 49 6
49 28 11
28 50 15
50 28 29
30 32 76
32 30 60
30 43 79
43 30 54
30 46 24
46 30 39
30 49 51
49 30 37
30 50 33
50 30 30
32 43 9
43 32 17
32 46 42
46 32 30
32 49 35
49 32 29
32 50 48
50 32 34
43 46 17
46 43 18
43 49 34
49 43 34
43 50 37
50 43 25
46 49 36
49 46 31
46 50 9
50 46 9
49 50 22
50 49 26
