1 13 5 7 650

167 171

26 4 3 37 52

2 17 52 64
3 20 20 26
4 24 40 30
5 16 21 47
6 15 17 63
7 23 31 62
8 20 52 33
9 15 51 21
10 22 42 41
12 24 5 25
13 15 12 42
14 20 36 16
18 18 13 13
1 19 49 49
11 16 31 32
15 15 52 41
16 19 27 23
17 23 17 33

19 57 58
20 62 42
21 42 57
22 16 57
23 8 52
24 7 38
25 27 68

26 2 13
2 26 19
26 3 26
3 26 31
26 4 18
4 26 22
26 5 12
5 26 17
26 6 18
6 26 23
26 7 11
7 26 12
26 8 13
8 26 24
26 9 50
9 26 34
26 10 13
10 26 12
26 12 60
12 26 42
26 13 32
13 26 27
26 14 32
14 26 36
26 18 39
18 26 46
26 1 15
1 26 12
26 11 31
11 26 21
26 15 23
15 26 19
26 16 31
16 26 31
26 17 35
17 26 28
26 19 16
19 26 21
26 20 39
20 26 27
26 21 7
21 26 7
26 22 27
22 26 22
26 23 27
23 26 29
26 24 44
24 26 33
26 25 10
25 26 19
2 3 72
3 2 50
2 4 28
4 2 36
2 5 35
5 2 35
2 6 26
6 2 35
2 7 30
7 2 21
2 8 25
8 2 31
2 9 24
9 2 43
2 10 26
10 2 25
2 12 43
12 2 61
2 13 27
13 2 45
2 14 34
14 2 51
2 18 50
18 2 64
2 1 18
1 2 15
2 11 53
11 2 38
2 15 25
15 2 23
2 16 69
16 2 48
2 17 44
17 2 47
2 19 8
19 2 8
2 20 34
20 2 24
2 21 17
21 2 12
2 22 54
22 2 37
2 23 39
23 2 46
2 24 55
24 2 51
2 25 31
25 2 25
3 4 19
4 3 20
3 5 14
5 3 21
3 6 33
6 3 37
3 7 37
7 3 38
3 8 41
8 3 32
3 9 38
9 3 31
3 10 40
10 3 27
3 12 22
12 3 15
3 13 15
13 3 18
3 14 16
14 3 19
3 18 20
18 3 15
3 1 29
1 3 37
3 11 16
11 3 13
3 15 43
15 3 35
3 16 11
16 3 8
3 17 11
17 3 8
3 19 33
19 3 49
3 20 44
20 3 45
3 21 39
21 3 38
3 22 30
22 3 31
3 23 42
23 3 29
3 24 22
24 3 18
3 25 40
25 3 43
4 5 33
5 4 25
4 6 29
6 4 40
4 7 49
7 4 33
4 8 8
8 4 12
4 9 17
9 4 14
4 10 7
10 4 11
4 12 43
12 4 35
4 13 27
13 4 30
4 14 18
14 4 15
4 18 24
18 4 32
4 1 13
1 4 21
4 11 6
11 4 9
4 15 10
15 4 16
4 16 9
16 4 15
4 17 25
17 4 23
4 19 26
19 4 33
4 20 36
20 4 25
4 21 26
21 4 27
4 22 19
22 4 36
4 23 34
23 4 39
4 24 17
24 4 34
4 25 40
25 4 40
5 6 23
6 5 16
5 7 11
7 5 18
5 8 49
8 5 34
5 9 27
9 5 40
5 10 21
10 5 22
5 12 39
12 5 27
5 13 14
13 5 10
5 14 48
14 5 34
5 18 38
18 5 35
5 1 41
1 5 28
5 11 19
11 5 18
5 15 32
15 5 32
5 16 32
16 5 25
5 17 12
17 5 15
5 19 22
19 5 38
5 20 39
20 5 41
5 21 14
21 5 23
5 22 16
22 5 11
5 23 7
23 5 14
5 24 10
24 5 16
5 25 21
25 5 22
6 7 7
7 6 14
6 8 62
8 6 46
6 9 64
9 6 54
6 10 29
10 6 33
6 12 38
12 6 40
6 13 21
13 6 22
6 14 60
14 6 51
6 18 33
18 6 50
6 1 23
1 6 35
6 11 31
11 6 34
6 15 28
15 6 41
6 16 21
16 6 41
6 17 33
17 6 30
6 19 22
19 6 40
6 20 50
20 6 50
6 21 34
21 6 26
6 22 3
22 6 6
6 23 20
23 6 14
6 24 22
24 6 27
6 25 6
25 6 11
7 8 47
8 7 36
7 9 39
9 7 46
7 10 23
10 7 24
7 12 58
12 7 45
7 13 17
13 7 28
7 14 36
14 7 46
7 18 63
18 7 52
7 1 20
1 7 22
7 11 37
11 7 30
7 15 17
15 7 30
7 16 42
16 7 39
7 17 25
17 7 32
7 19 17
19 7 26
7 20 44
20 7 37
7 21 11
21 7 12
7 22 16
22 7 16
7 23 31
23 7 25
7 24 22
24 7 34
7 25 8
25 7 7
8 9 7
9 8 12
8 10 18
10 8 13
8 12 46
12 8 48
8 13 47
13 8 41
8 14 30
14 8 23
8 18 33
18 8 44
8 1 13
1 8 16
8 11 11
11 8 21
8 15 5
15 8 8
8 16 17
16 8 27
8 17 24
17 8 35
8 19 26
19 8 25
8 20 8
20 8 13
8 21 31
21 8 26
8 22 34
22 8 43
8 23 50
23 8 48
8 24 61
24 8 45
8 25 32
25 8 43
9 10 21
10 9 22
9 12 61
12 9 46
9 13 23
13 9 44
9 14 9
14 9 16
9 18 32
18 9 39
9 1 19
1 9 28
9 11 24
11 9 23
9 15 19
15 9 20
9 16 27
16 9 24
9 17 31
17 9 36
9 19 38
19 9 37
9 20 24
20 9 24
9 21 30
21 9 37
9 22 29
22 9 50
9 23 55
23 9 53
9 24 50
24 9 47
9 25 49
25 9 53
10 12 28
12 10 40
10 13 22
13 10 30
10 14 31
14 10 26
10 18 22
18 10 40
10 1 6
1 10 11
10 11 11
11 10 14
10 15 9
15 10 10
10 16 27
16 10 23
10 17 16
17 10 26
10 19 24
19 10 23
10 20 28
20 10 20
10 21 21
21 10 16
10 22 43
22 10 31
10 23 38
23 10 36
10 24 40
24 10 35
10 25 27
25 10 31
12 13 23
13 12 18
12 14 47
14 12 32
12 18 10
18 12 14
12 1 48
1 12 50
12 11 34
11 12 27
12 15 28
15 12 50
12 16 26
16 12 22
12 17 10
17 12 14
12 19 44
19 12 61
12 20 83
20 12 59
12 21 55
21 12 49
12 22 28
22 12 34
12 23 17
23 12 27
12 24 16
24 12 13
12 25 67
25 12 48
13 14 24
14 13 35
13 18 32
18 13 29
13 1 46
1 13 38
13 11 25
11 13 21
13 15 35
15 13 40
13 16 23
16 13 24
13 17 11
17 13 10
13 19 26
19 13 48
13 20 46
20 13 50
13 21 37
21 13 34
13 22 19
22 13 16
13 23 12
23 13 11
13 24 8
24 13 6
13 25 25
25 13 30
14 18 22
18 14 23
14 1 33
1 14 35
14 11 15
11 14 17
14 15 21
15 14 30
14 16 15
16 14 11
14 17 27
17 14 25
14 19 57
19 14 47
14 20 21
20 14 37
14 21 37
21 14 41
14 22 26
22 14 46
14 23 40
23 14 46
14 24 25
24 14 36
14 25 39
25 14 53
18 1 47
1 18 51
18 11 32
11 18 26
18 15 43
15 18 48
18 16 15
16 18 17
18 17 12
17 18 20
18 19 85
19 18 63
18 20 84
20 18 57
18 21 78
21 18 53
18 22 55
22 18 44
18 23 53
23 18 39
18 24 15
24 18 26
18 25 67
25 18 57
1 11 25
11 1 25
1 15 8
15 1 9
1 16 37
16 1 34
1 17 31
17 1 36
1 19 11
19 1 12
1 20 11
20 1 15
1 21 10
21 1 11
1 22 28
22 1 34
1 23 61
23 1 41
1 24 22
24 1 43
1 25 38
25 1 29
11 15 28
15 11 23
11 16 8
16 11 10
11 17 8
17 11 14
11 19 50
19 11 37
11 20 48
20 11 33
11 21 38
21 11 27
11 22 17
22 11 29
11 23 21
23 11 30
11 24 14
24 11 25
11 25 48
25 11 36
15 16 27
16 15 31
15 17 19
17 15 36
15 19 17
19 15 18
15 20 12
20 15 10
15 21 16
21 15 19
15 22 22
22 15 39
15 23 56
23 15 45
15 24 42
24 15 45
15 25 29
25 15 37
16 17 15
17 16 14
16 19 24
19 16 46
16 20 44
20 16 40
16 21 50
21 16 37
16 22 19
22 16 36
16 23 45
23 16 35
16 24 20
24 16 25
16 25 34
25 16 45
17 19 33
19 17 47
17 20 52
20 17 46
17 21 36
21 17 35
17 22 30
22 17 24
17 23 30
23 17 21
17 24 15
24 17 11
17 25 35
25 17 36
19 20 20
20 19 17
19 21 18
21 19 15
19 22 50
22 19 41
19 23 58
23 19 49
19 24 70
24 19 54
19 25 21
25 19 32
20 21 19
21 20 25
20 22 24
22 20 48
20 23 60
23 20 55
20 24 69
24 20 55
20 25 47
25 20 44
21 22 30
22 21 26
21 23 35
23 21 34
21 24 31
24 21 40
21 25 28
25 21 19
22 23 11
23 22 9
22 24 20
24 22 21
22 25 16
25 22 16
23 24 14
24 23 14
23 25 31
25 23 25
24 25 27
25 24 36
