1 18 57 0 5700

312 384

1 5 9 22 22

2 9 36 26
3 9 21 45
5 8 55 20
13 9 62 35
22 12 26 13
30 9 43 26
37 11 60 15
39 12 30 60
40 10 30 50
44 12 21 48
50 11 15 56
53 11 55 57
60 12 64 4
62 10 30 20
69 11 50 4
70 9 66 8
74 9 40 20
76 10 40 40
4 11 45 35
6 9 33 34
7 12 50 50
8 12 55 45
9 10 26 59
10 8 40 66
11 12 55 65
12 11 35 51
14 9 62 57
15 8 62 24
16 8 21 36
17 10 33 44
18 10 9 56
19 9 62 48
20 10 66 14
21 11 44 13
23 10 11 28
24 12 7 43
25 12 17 64
26 10 41 46
27 10 55 34
28 12 35 16
29 12 52 26
31 11 31 76
32 10 22 53
33 12 26 29
34 10 50 40
35 9 55 50
36 12 54 10
38 9 47 66
41 10 12 17
42 12 15 14
43 12 16 19
45 12 50 30
46 9 51 42
47 10 50 15
48 10 48 21
49 10 12 38
51 11 29 39
52 9 54 38
54 10 67 41
55 12 10 70
56 10 6 25
57 9 65 27
58 10 40 60
59 9 70 64
61 9 36 6
63 11 20 30
64 10 15 5
65 12 50 70
66 10 57 72
67 10 45 42
68 8 38 33
71 9 59 5
72 12 35 60
73 9 27 24
75 8 40 37


1 2 19
2 1 15
1 3 21
3 1 23
1 5 46
5 1 33
1 13 33
13 1 42
1 22 7
22 1 10
1 30 25
30 1 21
1 37 57
37 1 39
1 39 36
39 1 39
1 40 23
40 1 29
1 44 30
44 1 26
1 50 34
50 1 35
1 53 38
53 1 48
1 60 45
60 1 45
1 62 9
62 1 8
1 69 34
69 1 33
1 70 42
70 1 46
1 74 20
74 1 18
1 76 32
76 1 25
1 4 18
4 1 26
1 6 19
6 1 16
1 7 58
7 1 39
1 8 22
8 1 40
1 9 43
9 1 37
1 10 45
10 1 48
1 11 38
11 1 54
1 12 27
12 1 32
1 14 41
14 1 53
1 15 57
15 1 40
1 16 8
16 1 14
1 17 17
17 1 25
1 18 22
18 1 36
1 19 30
19 1 47
1 20 41
20 1 45
1 21 28
21 1 24
1 23 18
23 1 13
1 24 29
24 1 26
1 25 35
25 1 42
1 26 25
26 1 30
1 27 44
27 1 35
1 28 12
28 1 14
1 29 24
29 1 30
1 31 77
31 1 55
1 32 17
32 1 31
1 33 10
33 1 8
1 34 22
34 1 33
1 35 24
35 1 43
1 36 27
36 1 34
1 38 55
38 1 51
1 41 9
41 1 11
1 42 11
42 1 11
1 43 7
43 1 7
1 45 43
45 1 29
1 46 42
46 1 35
1 47 43
47 1 29
1 48 18
48 1 26
1 49 15
49 1 19
1 51 23
51 1 18
1 52 23
52 1 35
1 54 65
54 1 48
1 55 26
55 1 49
1 56 10
56 1 16
1 57 24
57 1 43
1 58 32
58 1 42
1 59 62
59 1 63
1 61 31
61 1 21
1 63 10
63 1 8
1 64 12
64 1 18
1 65 79
65 1 55
1 66 89
66 1 61
1 67 22
67 1 30
1 68 20
68 1 19
1 71 53
71 1 40
1 72 45
72 1 40
1 73 7
73 1 5
1 75 14
75 1 23
2 3 26
3 2 24
2 5 16
5 2 20
2 13 19
13 2 28
2 22 12
22 2 16
2 30 6
30 2 7
2 37 29
37 2 26
2 39 33
39 2 34
2 40 36
40 2 25
2 44 15
44 2 27
2 50 32
50 2 37
2 53 49
53 2 36
2 60 32
60 2 36
2 62 8
62 2 8
2 69 35
69 2 26
2 70 51
70 2 35
2 74 4
74 2 7
2 76 18
76 2 14
2 4 9
4 2 13
2 6 11
6 2 9
2 7 25
7 2 28
2 8 16
8 2 27
2 9 49
9 2 34
2 10 27
10 2 40
2 11 56
11 2 43
2 12 26
12 2 25
2 14 49
14 2 40
2 15 20
15 2 26
2 16 17
16 2 18
2 17 22
17 2 18
2 18 58
18 2 40
2 19 19
19 2 34
2 20 36
20 2 32
2 21 12
21 2 15
2 23 33
23 2 25
2 24 50
24 2 34
2 25 52
25 2 42
2 26 30
26 2 21
2 27 25
27 2 21
2 28 13
28 2 10
2 29 12
29 2 16
2 31 73
31 2 50
2 32 44
32 2 30
2 33 14
33 2 10
2 34 22
34 2 20
2 35 16
35 2 31
2 36 26
36 2 24
2 38 48
38 2 41
2 41 15
41 2 26
2 42 27
42 2 24
2 43 15
43 2 21
2 45 10
45 2 15
2 46 17
46 2 22
2 47 15
47 2 18
2 48 18
48 2 13
2 49 16
49 2 27
2 51 12
51 2 15
2 52 29
52 2 22
2 54 36
54 2 34
2 55 46
55 2 51
2 56 16
56 2 30
2 57 34
57 2 29
2 58 29
58 2 34
2 59 52
59 2 51
2 61 10
61 2 20
2 63 19
63 2 16
2 64 41
64 2 29
2 65 38
65 2 46
2 66 30
66 2 50
2 67 25
67 2 18
2 68 8
68 2 7
2 71 41
71 2 31
2 72 40
72 2 34
2 73 9
73 2 9
2 75 6
75 2 11
3 5 38
5 3 42
3 13 47
13 3 42
3 22 16
22 3 32
3 30 38
30 3 29
3 37 29
37 3 49
3 39 21
39 3 17
3 40 10
40 3 10
3 44 3
44 3 3
3 50 13
50 3 13
3 53 25
53 3 36
3 60 79
60 3 59
3 62 18
62 3 27
3 69 41
69 3 50
3 70 48
70 3 58
3 74 27
74 3 31
3 76 16
76 3 20
3 4 35
4 3 26
3 6 15
6 3 16
3 7 33
7 3 29
3 8 19
8 3 34
3 9 19
9 3 15
3 10 15
10 3 28
3 11 44
11 3 39
3 12 20
12 3 15
3 14 48
14 3 43
3 15 58
15 3 46
3 16 12
16 3 9
3 17 12
17 3 12
3 18 9
18 3 16
3 19 52
19 3 41
3 20 62
20 3 55
3 21 56
21 3 39
3 23 23
23 3 20
3 24 11
24 3 14
3 25 25
25 3 19
3 26 23
26 3 20
3 27 36
27 3 36
3 28 25
28 3 32
3 29 28
29 3 36
3 31 36
31 3 33
3 32 4
32 3 8
3 33 11
33 3 17
3 34 22
34 3 29
3 35 19
35 3 34
3 36 53
36 3 48
3 38 25
38 3 33
3 41 30
41 3 29
3 42 36
42 3 32
3 43 16
43 3 26
3 45 46
45 3 33
3 46 33
46 3 30
3 47 41
47 3 41
3 48 53
48 3 36
3 49 16
49 3 11
3 51 7
51 3 10
3 52 25
52 3 33
3 54 41
54 3 46
3 55 31
55 3 27
3 56 31
56 3 25
3 57 55
57 3 48
3 58 17
58 3 24
3 59 37
59 3 52
3 61 54
61 3 42
3 63 8
63 3 15
3 64 32
64 3 40
3 65 27
65 3 38
3 66 37
66 3 45
3 67 23
67 3 24
3 68 17
68 3 21
3 71 41
71 3 54
3 72 15
72 3 21
3 73 32
73 3 22
3 75 28
75 3 21
5 13 18
13 5 17
5 22 35
22 5 30
5 30 11
30 5 13
5 37 9
37 5 7
5 39 45
39 5 47
5 40 58
40 5 39
5 44 57
44 5 44
5 50 61
50 5 54
5 53 42
53 5 37
5 60 19
60 5 18
5 62 32
62 5 25
5 69 21
69 5 17
5 70 12
70 5 16
5 74 18
74 5 15
5 76 33
76 5 25
5 4 9
4 5 18
5 6 18
6 5 26
5 7 39
7 5 30
5 8 20
8 5 25
5 9 43
9 5 49
5 10 33
10 5 48
5 11 38
11 5 45
5 12 24
12 5 37
5 14 20
14 5 38
5 15 10
15 5 8
5 16 28
16 5 38
5 17 25
17 5 33
5 18 74
18 5 58
5 19 32
19 5 29
5 20 8
20 5 13
5 21 19
21 5 13
5 23 54
23 5 45
5 24 78
24 5 53
5 25 70
25 5 58
5 26 15
26 5 30
5 27 11
27 5 14
5 28 10
28 5 20
5 29 4
29 5 7
5 31 65
31 5 61
5 32 41
32 5 47
5 33 40
33 5 30
5 34 22
34 5 21
5 35 33
35 5 30
5 36 8
36 5 10
5 38 60
38 5 46
5 41 49
41 5 43
5 42 53
42 5 40
5 43 48
43 5 39
5 45 12
45 5 11
5 46 24
46 5 22
5 47 5
47 5 7
5 48 7
48 5 7
5 49 24
49 5 46
5 51 40
51 5 32
5 52 22
52 5 18
5 54 24
54 5 24
5 55 52
55 5 67
5 56 25
56 5 49
5 57 15
57 5 12
5 58 26
58 5 43
5 59 39
59 5 46
5 61 13
61 5 24
5 63 27
63 5 36
5 64 40
64 5 43
5 65 48
65 5 50
5 66 75
66 5 52
5 67 19
67 5 24
5 68 26
68 5 21
5 71 13
71 5 16
5 72 52
72 5 45
5 73 32
73 5 28
5 75 33
75 5 23
13 22 41
22 13 42
13 30 14
30 13 21
13 37 21
37 13 20
13 39 43
39 13 41
13 40 38
40 13 35
13 44 52
44 13 43
13 50 65
50 13 51
13 53 29
53 13 23
13 60 23
60 13 31
13 62 19
62 13 35
13 69 26
69 13 33
13 70 18
70 13 27
13 74 21
74 13 26
13 76 27
76 13 23
13 4 13
4 13 17
13 6 28
6 13 29
13 7 18
7 13 19
13 8 6
8 13 12
13 9 61
9 13 43
13 10 54
10 13 38
13 11 45
11 13 31
13 12 31
12 13 31
13 14 19
14 13 22
13 15 7
15 13 11
13 16 27
16 13 41
13 17 27
17 13 30
13 18 53
18 13 57
13 19 11
19 13 13
13 20 25
20 13 21
13 21 36
21 13 28
13 23 74
23 13 51
13 24 28
24 13 56
13 25 74
25 13 54
13 26 12
26 13 24
13 27 10
27 13 7
13 28 44
28 13 33
13 29 10
29 13 13
13 31 50
31 13 51
13 32 61
32 13 44
13 33 30
33 13 36
13 34 17
34 13 13
13 35 15
35 13 17
13 36 31
36 13 26
13 38 28
38 13 34
13 41 58
41 13 53
13 42 44
42 13 51
13 43 32
43 13 49
13 45 10
45 13 13
13 46 13
46 13 13
13 47 13
47 13 23
13 48 26
48 13 19
13 49 26
49 13 50
13 51 36
51 13 33
13 52 10
52 13 9
13 54 4
54 13 8
13 55 51
55 13 63
13 56 66
56 13 56
13 57 6
57 13 9
13 58 27
58 13 33
13 59 33
59 13 30
13 61 36
61 13 38
13 63 33
63 13 42
13 64 81
64 13 56
13 65 27
65 13 37
13 66 38
66 13 37
13 67 12
67 13 18
13 68 32
68 13 24
13 71 44
71 13 30
13 72 25
72 13 37
13 73 54
73 13 37
13 75 13
75 13 22
22 30 30
30 22 21
22 37 48
37 22 34
22 39 66
39 22 47
22 40 24
40 22 37
22 44 49
44 22 35
22 50 55
50 22 44
22 53 54
53 22 53
22 60 55
60 22 39
22 62 5
62 22 8
22 69 30
69 22 26
22 70 29
70 22 40
22 74 8
74 22 15
22 76 40
76 22 30
22 4 29
4 22 29
22 6 20
6 22 22
22 7 34
7 22 44
22 8 41
8 22 43
22 9 27
9 22 46
22 10 64
10 22 55
22 11 53
11 22 60
22 12 37
12 22 39
22 14 79
14 22 57
22 15 47
15 22 38
22 16 15
16 22 24
22 17 47
17 22 32
22 18 30
18 22 46
22 19 74
19 22 50
22 20 48
20 22 40
22 21 23
21 22 18
22 23 22
23 22 21
22 24 20
24 22 36
22 25 28
25 22 52
22 26 47
26 22 36
22 27 28
27 22 36
22 28 6
28 22 9
22 29 27
29 22 29
22 31 49
31 22 63
22 32 45
32 22 40
22 33 21
33 22 16
22 34 46
34 22 36
22 35 66
35 22 47
22 36 15
36 22 28
22 38 71
38 22 57
22 41 16
41 22 15
22 42 7
42 22 11
22 43 9
43 22 12
22 45 31
45 22 29
22 46 21
46 22 38
22 47 24
47 22 24
22 48 14
48 22 23
22 49 33
49 22 29
22 51 17
51 22 26
22 52 21
52 22 37
22 54 32
54 22 49
22 55 43
55 22 59
22 56 30
56 22 23
22 57 44
57 22 41
22 58 28
58 22 49
22 59 97
59 22 67
22 61 16
61 22 12
22 63 21
63 22 18
22 64 17
64 22 14
22 65 53
65 22 62
22 66 78
66 22 67
22 67 48
67 22 35
22 68 32
68 22 23
22 71 48
71 22 34
22 72 34
72 22 48
22 73 14
73 22 11
22 75 26
75 22 27
30 37 26
37 30 20
30 39 22
39 30 36
30 40 26
40 30 27
30 44 44
44 30 31
30 50 43
50 30 41
30 53 33
53 30 33
30 60 32
60 30 30
30 62 12
62 30 14
30 69 25
69 30 23
30 70 18
70 30 29
30 74 9
74 30 7
30 76 8
76 30 14
30 4 10
4 30 9
30 6 10
6 30 13
30 7 15
7 30 25
30 8 32
8 30 22
30 9 43
9 30 37
30 10 54
10 30 40
30 11 52
11 30 41
30 12 22
12 30 26
30 14 44
14 30 36
30 15 18
15 30 19
30 16 31
16 30 24
30 17 11
17 30 21
30 18 67
18 30 45
30 19 17
19 30 29
30 20 29
20 30 26
30 21 15
21 30 13
30 23 45
23 30 32
30 24 41
24 30 40
30 25 65
25 30 46
30 26 29
26 30 20
30 27 10
27 30 14
30 28 10
28 30 13
30 29 9
29 30 9
30 31 74
31 30 51
30 32 38
32 30 34
30 33 16
33 30 17
30 34 18
34 30 16
30 35 40
35 30 27
30 36 10
36 30 19
30 38 25
38 30 40
30 41 20
41 30 32
30 42 25
42 30 30
30 43 37
43 30 28
30 45 7
45 30 8
30 46 19
46 30 18
30 47 18
47 30 13
30 48 6
48 30 7
30 49 42
49 30 33
30 51 17
51 30 19
30 52 21
52 30 16
30 54 29
54 30 28
30 55 56
55 30 55
30 56 44
56 30 37
30 57 22
57 30 22
30 58 27
58 30 34
30 59 30
59 30 47
30 61 19
61 30 21
30 63 26
63 30 23
30 64 34
64 30 35
30 65 53
65 30 45
30 66 69
66 30 48
30 67 22
67 30 16
30 68 5
68 30 9
30 71 30
71 30 26
30 72 27
72 30 35
30 73 21
73 30 16
30 75 10
75 30 11
37 39 37
39 37 54
37 40 31
40 37 46
37 44 65
44 37 51
37 50 90
50 37 61
37 53 36
53 37 42
37 60 15
60 37 12
37 62 44
62 37 30
37 69 15
69 37 15
37 70 11
70 37 9
37 74 17
74 37 21
37 76 23
76 37 32
37 4 19
4 37 25
37 6 29
6 37 33
37 7 29
7 37 36
37 8 36
8 37 30
37 9 52
9 37 56
37 10 52
10 37 55
37 11 59
11 37 50
37 12 36
12 37 44
37 14 29
14 37 42
37 15 6
15 37 9
37 16 34
16 37 44
37 17 31
17 37 40
37 18 94
18 37 65
37 19 22
19 37 33
37 20 5
20 37 6
37 21 11
21 37 16
37 23 50
23 37 51
37 24 88
24 37 60
37 25 66
25 37 65
37 26 37
26 37 36
37 27 16
27 37 20
37 28 25
28 37 25
37 29 13
29 37 14
37 31 92
31 37 68
37 32 50
32 37 54
37 33 47
33 37 37
37 34 28
34 37 27
37 35 21
35 37 35
37 36 8
36 37 8
37 38 44
38 37 53
37 41 40
41 37 48
37 42 45
42 37 45
37 43 45
43 37 44
37 45 23
45 37 18
37 46 34
46 37 28
37 47 13
47 37 10
37 48 17
48 37 13
37 49 78
49 37 53
37 51 23
51 37 39
37 52 22
52 37 24
37 54 18
54 37 27
37 55 71
55 37 74
37 56 55
56 37 55
37 57 12
57 37 13
37 58 42
58 37 49
37 59 73
59 37 50
37 61 17
61 37 26
37 63 41
63 37 42
37 64 59
64 37 46
37 65 39
65 37 56
37 66 36
66 37 57
37 67 38
67 37 31
37 68 32
68 37 28
37 71 10
71 37 10
37 72 50
72 37 51
37 73 34
73 37 34
37 75 24
75 37 30
39 40 5
40 39 10
39 44 8
44 39 15
39 50 21
50 39 16
39 53 25
53 39 25
39 60 88
60 39 66
39 62 53
62 39 40
39 69 64
69 39 59
39 70 60
70 39 63
39 74 50
74 39 41
39 76 16
76 39 22
39 4 25
4 39 29
39 6 25
6 39 26
39 7 11
7 39 22
39 8 40
8 39 29
39 9 2
9 39 4
39 10 14
10 39 12
39 11 14
11 39 25
39 12 11
12 39 10
39 14 25
14 39 32
39 15 62
15 39 48
39 16 20
16 39 26
39 17 13
17 39 16
39 18 30
18 39 21
39 19 48
19 39 34
39 20 63
20 39 58
39 21 72
21 39 49
39 23 20
23 39 37
39 24 30
24 39 29
39 25 20
25 39 14
39 26 12
26 39 18
39 27 19
27 39 36
39 28 42
28 39 44
39 29 58
29 39 40
39 31 20
31 39 16
39 32 15
32 39 11
39 33 38
33 39 31
39 34 40
34 39 28
39 35 38
35 39 27
39 36 68
36 39 55
39 38 19
38 39 18
39 41 27
41 39 47
39 42 68
42 39 48
39 43 28
43 39 43
39 45 40
45 39 36
39 46 31
46 39 28
39 47 52
47 39 49
39 48 53
48 39 43
39 49 33
49 39 28
39 51 14
51 39 21
39 52 40
52 39 33
39 54 51
54 39 42
39 55 27
55 39 22
39 56 27
56 39 42
39 57 60
57 39 48
39 58 14
58 39 10
39 59 24
59 39 40
39 61 80
61 39 54
39 63 41
63 39 32
39 64 44
64 39 57
39 65 26
65 39 22
39 66 23
66 39 29
39 67 24
67 39 23
39 68 17
68 39 28
39 71 86
71 39 62
39 72 4
72 39 5
39 73 53
73 39 36
39 75 36
75 39 25
40 44 9
44 40 9
40 50 12
50 40 16
40 53 33
53 40 26
40 60 82
60 40 57
40 62 19
62 40 30
40 69 52
69 40 50
40 70 66
70 40 55
40 74 45
74 40 32
40 76 9
76 40 14
40 4 14
4 40 21
40 6 20
6 40 16
40 7 16
7 40 20
40 8 35
8 40 25
40 9 8
9 40 10
40 10 18
10 40 19
40 11 40
11 40 29
40 12 6
12 40 5
40 14 27
14 40 33
40 15 54
15 40 41
40 16 11
16 40 17
40 17 8
17 40 7
40 18 27
18 40 22
40 19 45
19 40 32
40 20 53
20 40 51
40 21 53
21 40 40
40 23 31
23 40 29
40 24 32
24 40 24
40 25 21
25 40 19
40 26 11
26 40 12
40 27 15
27 40 30
40 28 33
28 40 34
40 29 41
29 40 33
40 31 14
31 40 26
40 32 9
32 40 9
40 33 20
33 40 21
40 34 19
34 40 22
40 35 20
35 40 25
40 36 54
36 40 47
40 38 26
38 40 23
40 41 46
41 40 38
40 42 57
42 40 39
40 43 28
43 40 34
40 45 40
45 40 28
40 46 17
46 40 22
40 47 54
47 40 40
40 48 29
48 40 34
40 49 28
49 40 22
40 51 10
51 40 11
40 52 37
52 40 27
40 54 19
54 40 38
40 55 24
55 40 28
40 56 41
56 40 35
40 57 38
57 40 42
40 58 8
58 40 14
40 59 44
59 40 42
40 61 40
61 40 44
40 63 12
63 40 22
40 64 53
64 40 47
40 65 38
65 40 28
40 66 26
66 40 35
40 67 9
67 40 17
40 68 22
68 40 19
40 71 45
71 40 53
40 72 11
72 40 11
40 73 37
73 40 26
40 75 20
75 40 16
44 50 13
50 44 10
44 53 45
53 44 35
44 60 50
60 44 61
44 62 31
62 44 29
44 69 56
69 44 53
44 70 85
70 44 60
44 74 36
74 44 34
44 76 20
76 44 21
44 4 33
4 44 27
44 6 21
6 44 18
44 7 36
7 44 29
44 8 49
8 44 34
44 9 11
9 44 12
44 10 35
10 44 26
44 11 30
11 44 38
44 12 15
12 44 14
44 14 38
14 44 42
44 15 59
15 44 48
44 16 10
16 44 12
44 17 10
17 44 13
44 18 13
18 44 14
44 19 57
19 44 41
44 20 69
20 44 56
44 21 61
21 44 42
44 23 26
23 44 22
44 24 18
24 44 15
44 25 18
25 44 16
44 26 21
26 44 20
44 27 55
27 44 37
44 28 28
28 44 35
44 29 51
29 44 38
44 31 35
31 44 30
44 32 6
32 44 5
44 33 28
33 44 20
44 34 24
34 44 30
44 35 21
35 44 34
44 36 55
36 44 50
44 38 47
38 44 32
44 41 29
41 44 32
44 42 19
42 44 34
44 43 30
43 44 29
44 45 37
45 44 34
44 46 32
46 44 31
44 47 34
47 44 44
44 48 22
48 44 38
44 49 8
49 44 13
44 51 6
51 44 12
44 52 41
52 44 34
44 54 66
54 44 47
44 55 23
55 44 25
44 56 37
56 44 27
44 57 71
57 44 49
44 58 13
58 44 22
44 59 61
59 44 52
44 61 63
61 44 45
44 63 23
63 44 18
44 64 48
64 44 43
44 65 31
65 44 36
44 66 46
66 44 43
44 67 34
67 44 25
44 68 17
68 44 23
44 71 32
71 44 57
44 72 16
72 44 18
44 73 15
73 44 25
44 75 26
75 44 22
50 53 21
53 50 40
50 60 87
60 50 71
50 62 44
62 50 39
50 69 35
69 50 63
50 70 48
70 50 70
50 74 34
74 50 44
50 76 34
76 50 30
50 4 49
4 50 37
50 6 33
6 50 28
50 7 48
7 50 36
50 8 55
8 50 41
50 9 16
9 50 11
50 10 28
10 50 27
50 11 54
11 50 41
50 12 26
12 50 21
50 14 30
14 50 47
50 15 81
15 50 57
50 16 30
16 50 21
50 17 32
17 50 22
50 18 3
18 50 6
50 19 25
19 50 47
50 20 82
20 50 66
50 21 56
21 50 52
50 23 41
23 50 28
50 24 8
24 50 15
50 25 5
25 50 8
50 26 35
26 50 28
50 27 43
27 50 46
50 28 26
28 50 45
50 29 27
29 50 48
50 31 14
31 50 26
50 32 11
32 50 8
50 33 28
33 50 29
50 34 46
34 50 38
50 35 34
35 50 40
50 36 37
36 50 60
50 38 39
38 50 34
50 41 33
41 50 39
50 42 37
42 50 42
50 43 35
43 50 37
50 45 39
45 50 44
50 46 23
46 50 39
50 47 58
47 50 54
50 48 40
48 50 48
50 49 19
49 50 18
50 51 16
51 50 22
50 52 39
52 50 43
50 54 80
54 50 54
50 55 12
55 50 15
50 56 21
56 50 32
50 57 57
57 50 58
50 58 24
58 50 25
50 59 70
59 50 55
50 61 76
61 50 54
50 63 29
63 50 26
50 64 33
64 50 51
50 65 48
65 50 38
50 66 40
66 50 45
50 67 20
67 50 33
50 68 41
68 50 33
50 71 78
71 50 67
50 72 24
72 50 20
50 73 37
73 50 34
50 75 16
75 50 31
53 60 80
60 53 54
53 62 45
62 53 45
53 69 78
69 53 53
53 70 25
70 53 50
53 74 21
74 53 40
53 76 29
76 53 23
53 4 16
4 53 24
53 6 25
6 53 32
53 7 7
7 53 9
53 8 8
8 53 12
53 9 36
9 53 29
53 10 22
10 53 17
53 11 7
11 53 8
53 12 22
12 53 21
53 14 10
14 53 7
53 15 29
15 53 34
53 16 27
16 53 40
53 17 18
17 53 26
53 18 57
18 53 46
53 19 13
19 53 11
53 20 43
20 53 44
53 21 51
21 53 45
53 23 61
23 53 53
53 24 73
24 53 50
53 25 47
25 53 39
53 26 21
26 53 18
53 27 28
27 53 23
53 28 50
28 53 46
53 29 24
29 53 31
53 31 19
31 53 31
53 32 19
32 53 33
53 33 46
33 53 40
53 34 15
34 53 18
53 35 4
35 53 7
53 36 36
36 53 47
53 38 13
38 53 12
53 41 73
41 53 58
53 42 60
42 53 59
53 43 46
43 53 54
53 45 24
45 53 27
53 46 22
46 53 16
53 47 50
47 53 42
53 48 44
48 53 37
53 49 39
49 53 47
53 51 24
51 53 32
53 52 21
52 53 19
53 54 22
54 53 20
53 55 46
55 53 47
53 56 32
56 53 59
53 57 31
57 53 32
53 58 10
58 53 15
53 59 25
59 53 17
53 61 54
61 53 54
53 63 36
63 53 44
53 64 41
64 53 66
53 65 12
65 53 14
53 66 20
66 53 15
53 67 16
67 53 18
53 68 40
68 53 29
53 71 31
71 53 52
53 72 11
72 53 20
53 73 57
73 53 43
53 75 16
75 53 25
60 62 55
62 60 38
60 69 8
69 60 14
60 70 2
70 60 4
60 74 15
74 60 29
60 76 23
76 60 43
60 4 39
4 60 36
60 6 63
6 60 43
60 7 27
7 60 48
60 8 31
8 60 42
60 9 48
9 60 67
60 10 91
10 60 66
60 11 66
11 60 62
60 12 47
12 60 55
60 14 43
14 60 53
60 15 26
15 60 20
60 16 38
16 60 54
60 17 45
17 60 50
60 18 68
18 60 75
60 19 41
19 60 44
60 20 6
20 60 10
60 21 18
21 60 22
60 23 63
23 60 58
60 24 74
24 60 69
60 25 41
25 60 76
60 26 61
26 60 48
60 27 16
27 60 31
60 28 25
28 60 31
60 29 21
29 60 25
60 31 87
31 60 79
60 32 66
32 60 64
60 33 23
33 60 45
60 34 58
34 60 39
60 35 39
35 60 47
60 36 13
36 60 12
60 38 72
38 60 64
60 41 32
41 60 54
60 42 66
42 60 50
60 43 56
43 60 50
60 45 40
45 60 30
60 46 45
46 60 40
60 47 25
47 60 18
60 48 13
48 60 23
60 49 88
49 60 62
60 51 46
51 60 49
60 52 30
52 60 35
60 54 26
54 60 37
60 55 45
55 60 85
60 56 73
56 60 62
60 57 12
57 60 23
60 58 89
58 60 61
60 59 53
59 60 60
60 61 41
61 60 28
60 63 61
63 60 51
60 64 66
64 60 49
60 65 68
65 60 67
60 66 63
66 60 68
60 67 48
67 60 42
60 68 26
68 60 39
60 71 3
71 60 5
60 72 53
72 60 63
60 73 46
73 60 42
60 75 50
75 60 41
62 69 24
69 62 26
62 70 52
70 62 38
62 74 9
74 62 10
62 76 27
76 62 22
62 4 19
4 62 21
62 6 14
6 62 14
62 7 26
7 62 36
62 8 29
8 62 35
62 9 30
9 62 39
62 10 44
10 62 47
62 11 62
11 62 51
62 12 26
12 62 31
62 14 57
14 62 49
62 15 47
15 62 32
62 16 26
16 62 18
62 17 35
17 62 24
62 18 54
18 62 42
62 19 35
19 62 42
62 20 39
20 62 36
62 21 10
21 62 15
62 23 13
23 62 21
62 24 47
24 62 32
62 25 61
25 62 45
62 26 31
26 62 28
62 27 32
27 62 28
62 28 7
28 62 6
62 29 18
29 62 23
62 31 45
31 62 56
62 32 43
32 62 34
62 33 6
33 62 10
62 34 39
34 62 28
62 35 57
35 62 39
62 36 38
36 62 26
62 38 53
38 62 49
62 41 24
41 62 18
62 42 10
42 62 16
62 43 18
43 62 14
62 45 11
45 62 22
62 46 20
46 62 30
62 47 23
47 62 21
62 48 24
48 62 18
62 49 21
49 62 25
62 51 13
51 62 19
62 52 20
52 62 30
62 54 37
54 62 43
62 55 46
55 62 54
62 56 17
56 62 25
62 57 31
57 62 36
62 58 56
58 62 41
62 59 59
59 62 59
62 61 16
61 62 15
62 63 17
63 62 14
62 64 21
64 62 21
62 65 40
65 62 54
62 66 57
66 62 59
62 67 28
67 62 27
62 68 18
68 62 15
62 71 18
71 62 33
62 72 44
72 62 40
62 73 5
73 62 5
62 75 10
75 62 19
69 70 13
70 69 16
69 74 18
74 69 19
69 76 32
76 69 37
69 4 16
4 69 31
69 6 43
6 69 34
69 7 48
7 69 46
69 8 23
8 69 41
69 9 69
9 69 60
69 10 35
10 69 63
69 11 61
11 69 61
69 12 71
12 69 49
69 14 70
14 69 54
69 15 31
15 69 23
69 16 24
16 69 43
69 17 43
17 69 43
69 18 48
18 69 66
69 19 43
19 69 46
69 20 27
20 69 19
69 21 15
21 69 11
69 23 48
23 69 46
69 24 31
24 69 58
69 25 53
25 69 68
69 26 58
26 69 43
69 27 17
27 69 30
69 28 20
28 69 19
69 29 19
29 69 22
69 31 56
31 69 74
69 32 67
32 69 56
69 33 21
33 69 35
69 34 38
34 69 36
69 35 62
35 69 46
69 36 6
36 69 7
69 38 34
38 69 62
69 41 55
41 69 40
69 42 23
42 69 36
69 43 53
43 69 37
69 45 37
45 69 26
69 46 22
46 69 38
69 47 6
47 69 11
69 48 24
48 69 17
69 49 40
49 69 51
69 51 58
51 69 41
69 52 17
52 69 34
69 54 48
54 69 41
69 55 68
55 69 77
69 56 63
56 69 49
69 57 15
57 69 27
69 58 81
58 69 57
69 59 52
59 69 63
69 61 18
61 69 14
69 63 40
63 69 40
69 64 18
64 69 35
69 65 56
65 69 66
69 66 65
66 69 68
69 67 39
67 69 38
69 68 35
68 69 31
69 71 8
71 69 9
69 72 32
72 69 58
69 73 34
73 69 30
69 75 24
75 69 34
70 74 38
74 70 29
70 76 59
76 70 41
70 4 39
4 70 34
70 6 39
6 70 42
70 7 63
7 70 45
70 8 53
8 70 38
70 9 39
9 70 65
70 10 34
10 70 63
70 11 52
11 70 58
70 12 36
12 70 53
70 14 62
14 70 49
70 15 23
15 70 16
70 16 76
16 70 53
70 17 27
17 70 49
70 18 93
18 70 74
70 19 43
19 70 40
70 20 8
20 70 6
70 21 18
21 70 22
70 23 61
23 70 58
70 24 83
24 70 68
70 25 62
25 70 74
70 26 28
26 70 45
70 27 32
27 70 28
70 28 18
28 70 32
70 29 27
29 70 23
70 31 52
31 70 76
70 32 43
32 70 63
70 33 35
33 70 45
70 34 29
34 70 36
70 35 25
35 70 43
70 36 12
36 70 12
70 38 61
38 70 61
70 41 58
41 70 55
70 42 45
42 70 51
70 43 35
43 70 51
70 45 36
45 70 27
70 46 28
46 70 37
70 47 14
47 70 17
70 48 22
48 70 22
70 49 71
49 70 62
70 51 60
51 70 48
70 52 45
52 70 32
70 54 26
54 70 33
70 55 96
55 70 84
70 56 47
56 70 62
70 57 15
57 70 19
70 58 29
58 70 58
70 59 81
59 70 56
70 61 39
61 70 30
70 63 70
63 70 51
70 64 70
64 70 51
70 65 64
65 70 64
70 66 43
66 70 65
70 67 47
67 70 40
70 68 36
68 70 38
70 71 6
71 70 8
70 72 55
72 70 61
70 73 60
73 70 42
70 75 34
75 70 39
74 76 13
76 74 20
74 4 18
4 74 16
74 6 16
6 74 16
74 7 36
7 74 32
74 8 30
8 74 29
74 9 44
9 74 41
74 10 65
10 74 46
74 11 69
11 74 47
74 12 30
12 74 31
74 14 52
14 74 43
74 15 12
15 74 22
74 16 15
16 74 25
74 17 33
17 74 25
74 18 38
18 74 48
74 19 47
19 74 36
74 20 39
20 74 27
74 21 9
21 74 8
74 23 33
23 74 30
74 24 49
24 74 40
74 25 64
25 74 50
74 26 22
26 74 26
74 27 13
27 74 20
74 28 5
28 74 6
74 29 10
29 74 13
74 31 66
31 74 56
74 32 47
32 74 38
74 33 13
33 74 17
74 34 14
34 74 22
74 35 39
35 74 34
74 36 21
36 74 17
74 38 44
38 74 47
74 41 26
41 74 28
74 42 36
42 74 26
74 43 34
43 74 24
74 45 8
45 74 14
74 46 16
46 74 25
74 47 13
47 74 11
74 48 7
48 74 8
74 49 49
49 74 33
74 51 13
51 74 22
74 52 28
52 74 23
74 54 41
54 74 34
74 55 84
55 74 58
74 56 38
56 74 34
74 57 34
57 74 26
74 58 21
58 74 40
74 59 64
59 74 53
74 61 21
61 74 15
74 63 29
63 74 22
74 64 16
64 74 29
74 65 38
65 74 51
74 66 80
66 74 55
74 67 27
67 74 23
74 68 13
68 74 13
74 71 14
71 74 24
74 72 58
72 74 40
74 73 15
73 74 14
74 75 22
75 74 17
76 4 10
4 76 7
76 6 13
6 76 9
76 7 16
7 76 14
76 8 15
8 76 15
76 9 24
9 76 24
76 10 37
10 76 26
76 11 29
11 76 29
76 12 14
12 76 12
76 14 39
14 76 28
76 15 34
15 76 27
76 16 12
16 76 19
76 17 11
17 76 8
76 18 44
18 76 35
76 19 33
19 76 23
76 20 43
20 76 36
76 21 17
21 76 27
76 23 27
23 76 31
76 24 25
24 76 33
76 25 44
25 76 33
76 26 5
26 76 6
76 27 11
27 76 16
76 28 17
28 76 24
76 29 18
29 76 18
76 31 31
31 76 37
76 32 20
32 76 22
76 33 11
33 76 18
76 34 11
34 76 10
76 35 26
35 76 18
76 36 32
36 76 33
76 38 33
38 76 27
76 41 43
41 76 36
76 42 34
42 76 36
76 43 16
43 76 32
76 45 20
45 76 14
76 46 14
46 76 11
76 47 26
47 76 27
76 48 21
48 76 21
76 49 28
49 76 28
76 51 9
51 76 11
76 52 16
52 76 14
76 54 25
54 76 27
76 55 31
55 76 42
76 56 44
56 76 37
76 57 19
57 76 28
76 58 19
58 76 20
76 59 28
59 76 38
76 61 27
61 76 34
76 63 12
63 76 22
76 64 42
64 76 43
76 65 34
65 76 32
76 66 18
66 76 36
76 67 4
67 76 5
76 68 8
68 76 7
76 71 31
71 76 40
76 72 29
72 76 21
76 73 12
73 76 21
76 75 4
75 76 3
4 6 9
6 4 12
4 7 8
7 4 16
4 8 8
8 4 14
4 9 28
9 4 31
4 10 44
10 4 31
4 11 21
11 4 32
4 12 25
12 4 19
4 14 24
14 4 28
4 15 15
15 4 20
4 16 24
16 4 24
4 17 11
17 4 15
4 18 58
18 4 42
4 19 23
19 4 21
4 20 39
20 4 30
4 21 26
21 4 22
4 23 42
23 4 35
4 24 27
24 4 39
4 25 34
25 4 40
4 26 10
26 4 12
4 27 5
27 4 10
4 28 26
28 4 21
4 29 16
29 4 11
4 31 50
31 4 43
4 32 31
32 4 29
4 33 15
33 4 20
4 34 6
34 4 7
4 35 18
35 4 18
4 36 25
36 4 27
4 38 22
38 4 31
4 41 22
41 4 38
4 42 54
42 4 37
4 43 45
43 4 33
4 45 7
45 4 7
4 46 5
46 4 9
4 47 16
47 4 21
4 48 9
48 4 14
4 49 19
49 4 33
4 51 16
51 4 16
4 52 8
52 4 9
4 54 15
54 4 22
4 55 38
55 4 49
4 56 29
56 4 40
4 57 11
57 4 22
4 58 26
58 4 25
4 59 19
59 4 38
4 61 42
61 4 30
4 63 37
63 4 25
4 64 43
64 4 42
4 65 40
65 4 35
4 66 21
66 4 39
4 67 9
67 4 7
4 68 7
68 4 7
4 71 18
71 4 33
4 72 15
72 4 27
4 73 13
73 4 21
4 75 6
75 4 5
6 7 17
7 6 23
6 8 20
8 6 25
6 9 38
9 6 26
6 10 23
10 6 33
6 11 35
11 6 38
6 12 17
12 6 17
6 14 22
14 6 37
6 15 31
15 6 31
6 16 10
16 6 12
6 17 8
17 6 10
6 18 32
18 6 33
6 19 27
19 6 32
6 20 20
20 6 39
6 21 22
21 6 24
6 23 12
23 6 23
6 24 32
24 6 28
6 25 40
25 6 34
6 26 16
26 6 14
6 27 26
27 6 22
6 28 15
28 6 18
6 29 29
29 6 21
6 31 25
31 6 42
6 32 14
32 6 22
6 33 8
33 6 9
6 34 11
34 6 18
6 35 20
35 6 27
6 36 29
36 6 32
6 38 32
38 6 35
6 41 36
41 6 27
6 42 14
42 6 27
6 43 16
43 6 23
6 45 13
45 6 17
6 46 24
46 6 20
6 47 21
47 6 25
6 48 23
48 6 20
6 49 14
49 6 21
6 51 5
51 6 6
6 52 15
52 6 21
6 54 29
54 6 34
6 55 22
55 6 42
6 56 34
56 6 28
6 57 22
57 6 32
6 58 31
58 6 27
6 59 39
59 6 47
6 61 33
61 6 28
6 63 7
63 6 14
6 64 19
64 6 34
6 65 22
65 6 40
6 66 67
66 6 45
6 67 7
67 6 14
6 68 6
68 6 5
6 71 20
71 6 38
6 72 29
72 6 26
6 73 15
73 6 12
6 75 6
75 6 8
7 8 10
8 7 7
7 9 14
9 7 26
7 10 19
10 7 19
7 11 15
11 7 16
7 12 17
12 7 15
7 14 19
14 7 14
7 15 29
15 7 29
7 16 39
16 7 32
7 17 9
17 7 18
7 18 28
18 7 41
7 19 9
19 7 12
7 20 51
20 7 39
7 21 41
21 7 37
7 23 29
23 7 45
7 24 51
24 7 44
7 25 41
25 7 36
7 26 8
26 7 10
7 27 13
27 7 17
7 28 20
28 7 37
7 29 14
29 7 24
7 31 27
31 7 32
7 32 14
32 7 28
7 33 45
33 7 32
7 34 14
34 7 10
7 35 5
35 7 5
7 36 53
36 7 40
7 38 18
38 7 16
7 41 47
41 7 50
7 42 69
42 7 50
7 43 35
43 7 46
7 45 12
45 7 20
7 46 11
46 7 8
7 47 38
47 7 35
7 48 21
48 7 29
7 49 47
49 7 40
7 51 15
51 7 24
7 52 15
52 7 13
7 54 18
54 7 19
7 55 34
55 7 44
7 56 61
56 7 51
7 57 31
57 7 27
7 58 19
58 7 14
7 59 21
59 7 24
7 61 40
61 7 46
7 63 25
63 7 36
7 64 71
64 7 57
7 65 15
65 7 20
7 66 14
66 7 23
7 67 9
67 7 9
7 68 23
68 7 20
7 71 32
71 7 46
7 72 15
72 7 18
7 73 21
73 7 34
7 75 18
75 7 16
8 9 45
9 8 32
8 10 24
10 8 26
8 11 12
11 8 20
8 12 17
12 8 21
8 14 17
14 8 14
8 15 32
15 8 22
8 16 45
16 8 35
8 17 15
17 8 22
8 18 59
18 8 47
8 19 10
19 8 8
8 20 31
20 8 33
8 21 39
21 8 34
8 23 43
23 8 47
8 24 64
24 8 48
8 25 43
25 8 42
8 26 9
26 8 14
8 27 6
27 8 11
8 28 41
28 8 35
8 29 18
29 8 19
8 31 56
31 8 39
8 32 27
32 8 34
8 33 43
33 8 33
8 34 4
34 8 7
8 35 6
35 8 5
8 36 30
36 8 35
8 38 30
38 8 22
8 41 71
41 8 51
8 42 42
42 8 51
8 43 56
43 8 47
8 45 12
45 8 16
8 46 5
46 8 5
8 47 26
47 8 30
8 48 24
48 8 25
8 49 52
49 8 44
8 51 25
51 8 27
8 52 8
52 8 7
8 54 10
54 8 13
8 55 40
55 8 51
8 56 27
56 8 53
8 57 25
57 8 21
8 58 11
58 8 21
8 59 17
59 8 24
8 61 60
61 8 43
8 63 40
63 8 38
8 64 37
64 8 56
8 65 18
65 8 25
8 66 21
66 8 27
8 67 5
67 8 10
8 68 23
68 8 21
8 71 57
71 8 40
8 72 27
72 8 25
8 73 39
73 8 35
8 75 12
75 8 17
9 10 23
10 9 16
9 11 40
11 9 30
9 12 13
12 9 12
9 14 42
14 9 36
9 15 50
15 9 50
9 16 26
16 9 24
9 17 25
17 9 17
9 18 23
18 9 17
9 19 42
19 9 38
9 20 78
20 9 60
9 21 25
21 9 49
9 23 18
23 9 34
9 24 22
24 9 25
9 25 14
25 9 10
9 26 10
26 9 20
9 27 38
27 9 38
9 28 40
28 9 44
9 29 41
29 9 42
9 31 13
31 9 18
9 32 5
32 9 7
9 33 39
33 9 30
9 34 38
34 9 31
9 35 16
35 9 30
9 36 59
36 9 56
9 38 18
38 9 22
9 41 64
41 9 44
9 42 28
42 9 46
9 43 53
43 9 41
9 45 41
45 9 38
9 46 27
46 9 30
9 47 31
47 9 50
9 48 33
48 9 44
9 49 25
49 9 25
9 51 19
51 9 20
9 52 23
52 9 35
9 54 44
54 9 45
9 55 10
55 9 19
9 56 36
56 9 39
9 57 28
57 9 50
9 58 15
58 9 14
9 59 45
59 9 44
9 61 77
61 9 54
9 63 35
63 9 30
9 64 40
64 9 55
9 65 29
65 9 26
9 66 31
66 9 33
9 67 30
67 9 25
9 68 21
68 9 29
9 71 94
71 9 63
9 72 11
72 9 9
9 73 32
73 9 35
9 75 24
75 9 26
10 11 12
11 10 15
10 12 14
12 10 16
10 14 12
14 10 24
10 15 65
15 10 47
10 16 48
16 10 36
10 17 24
17 10 23
10 18 43
18 10 33
10 19 25
19 10 28
10 20 52
20 10 58
10 21 48
21 10 53
10 23 26
23 10 48
10 24 46
24 10 40
10 25 25
25 10 23
10 26 14
26 10 20
10 27 27
27 10 35
10 28 52
28 10 50
10 29 37
29 10 42
10 31 15
31 10 13
10 32 24
32 10 22
10 33 42
33 10 40
10 34 22
34 10 28
10 35 15
35 10 22
10 36 60
36 10 58
10 38 4
38 10 7
10 41 37
41 10 56
10 42 29
42 10 58
10 43 72
43 10 53
10 45 24
45 10 37
10 46 35
46 10 26
10 47 43
47 10 52
10 48 62
48 10 46
10 49 50
49 10 39
10 51 43
51 10 29
10 52 17
52 10 31
10 54 33
54 10 37
10 55 35
55 10 30
10 56 47
56 10 53
10 57 61
57 10 46
10 58 6
58 10 6
10 59 31
59 10 30
10 61 32
61 10 60
10 63 43
63 10 41
10 64 77
64 10 66
10 65 9
65 10 11
10 66 19
66 10 18
10 67 20
67 10 25
10 68 44
68 10 33
10 71 68
71 10 64
10 72 7
72 10 8
10 73 50
73 10 44
10 75 19
75 10 29
11 12 14
12 11 24
11 14 16
14 11 11
11 15 42
15 11 42
11 16 53
16 11 45
11 17 44
17 11 30
11 18 56
18 11 47
11 19 17
19 11 18
11 20 59
20 11 52
11 21 46
21 11 53
11 23 70
23 11 57
11 24 39
24 11 53
11 25 30
25 11 38
11 26 31
26 11 24
11 27 45
27 11 31
11 28 50
28 11 53
11 29 40
29 11 39
11 31 23
31 11 26
11 32 34
32 11 35
11 33 52
33 11 46
11 34 15
34 11 25
11 35 11
35 11 15
11 36 68
36 11 55
11 38 11
38 11 8
11 41 35
41 11 64
11 42 53
42 11 65
11 43 48
43 11 60
11 45 18
45 11 35
11 46 23
46 11 23
11 47 43
47 11 50
11 48 23
48 11 44
11 49 73
49 11 50
11 51 50
51 11 36
11 52 35
52 11 27
11 54 32
54 11 27
11 55 44
55 11 45
11 56 63
56 11 63
11 57 24
57 11 39
11 58 15
58 11 16
11 59 11
59 11 15
11 61 62
61 11 62
11 63 57
63 11 49
11 64 67
64 11 72
11 65 5
65 11 7
11 66 9
66 11 7
11 67 22
67 11 25
11 68 20
68 11 36
11 71 61
71 11 60
11 72 25
72 11 21
11 73 44
73 11 50
11 75 24
75 11 32
12 14 41
14 12 28
12 15 31
15 12 38
12 16 16
16 12 21
12 17 8
17 12 7
12 18 17
18 12 26
12 19 34
19 12 27
12 20 26
20 12 48
12 21 43
21 12 39
12 23 24
23 12 33
12 24 43
24 12 29
12 25 26
25 12 22
12 26 11
26 12 8
12 27 21
27 12 26
12 28 52
28 12 35
12 29 33
29 12 30
12 31 23
31 12 25
12 32 19
32 12 13
12 33 27
33 12 24
12 34 23
34 12 19
12 35 26
35 12 20
12 36 49
36 12 45
12 38 28
38 12 19
12 41 55
41 12 41
12 42 47
42 12 42
12 43 33
43 12 37
12 45 23
45 12 26
12 46 12
46 12 18
12 47 40
47 12 39
12 48 35
48 12 33
12 49 23
49 12 26
12 51 7
51 12 13
12 52 31
52 12 23
12 54 45
54 12 34
12 55 31
55 12 31
12 56 56
56 12 39
12 57 56
57 12 38
12 58 5
58 12 10
12 59 33
59 12 37
12 61 47
61 12 45
12 63 29
63 12 26
12 64 46
64 12 50
12 65 33
65 12 24
12 66 22
66 12 30
12 67 11
67 12 13
12 68 10
68 12 18
12 71 67
71 12 52
12 72 12
72 12 9
12 73 36
73 12 28
12 75 22
75 12 15
14 15 45
15 14 33
14 16 53
16 14 46
14 17 18
17 14 32
14 18 29
18 14 53
14 19 10
19 14 9
14 20 33
20 14 43
14 21 43
21 14 48
14 23 76
23 14 59
14 24 75
24 14 57
14 25 50
25 14 46
14 26 17
26 14 24
14 27 17
27 14 24
14 28 25
28 14 49
14 29 20
29 14 33
14 31 26
31 14 36
14 32 21
32 14 40
14 33 33
33 14 46
14 34 15
34 14 21
14 35 6
35 14 10
14 36 54
36 14 48
14 38 20
38 14 17
14 41 57
41 14 64
14 42 80
42 14 64
14 43 34
43 14 60
14 45 24
45 14 30
14 46 24
46 14 19
14 47 38
47 14 44
14 48 36
48 14 39
14 49 69
49 14 53
14 51 22
51 14 38
14 52 14
52 14 21
14 54 18
54 14 17
14 55 63
55 14 54
14 56 69
56 14 64
14 57 32
57 14 30
14 58 17
58 14 22
14 59 13
59 14 11
14 61 45
61 14 57
14 63 46
63 14 50
14 64 88
64 14 70
14 65 15
65 14 18
14 66 12
66 14 16
14 67 30
67 14 23
14 68 18
68 14 34
14 71 64
71 14 52
14 72 27
72 14 27
14 73 69
73 14 48
14 75 34
75 14 30
15 16 48
16 15 43
15 17 42
17 15 35
15 18 50
18 15 62
15 19 34
19 15 24
15 20 14
20 15 11
15 21 30
21 15 21
15 23 62
23 15 51
15 24 54
24 15 58
15 25 56
25 15 60
15 26 23
26 15 30
15 27 12
27 15 12
15 28 29
28 15 28
15 29 13
29 15 10
15 31 53
31 15 60
15 32 62
32 15 49
15 33 50
33 15 36
15 34 21
34 15 20
15 35 31
35 15 27
15 36 9
36 15 16
15 38 39
38 15 45
15 41 35
41 15 50
15 42 35
42 15 48
15 43 37
43 15 46
15 45 13
45 15 13
15 46 15
46 15 21
15 47 8
47 15 15
15 48 10
48 15 14
15 49 70
49 15 52
15 51 42
51 15 36
15 52 11
52 15 16
15 54 13
54 15 18
15 55 45
55 15 69
15 56 47
56 15 56
15 57 3
57 15 4
15 58 29
58 15 42
15 59 59
59 15 41
15 61 33
61 15 32
15 63 43
63 15 42
15 64 54
64 15 51
15 65 64
65 15 48
15 66 61
66 15 48
15 67 14
67 15 25
15 68 23
68 15 25
15 71 13
71 15 19
15 72 64
72 15 45
15 73 33
73 15 35
15 75 35
75 15 25
16 17 17
17 16 14
16 18 28
18 16 23
16 19 35
19 16 43
16 20 64
20 16 50
16 21 17
21 16 33
16 23 13
23 16 13
16 24 20
24 16 16
16 25 32
25 16 28
16 26 22
26 16 22
16 27 32
27 16 34
16 28 33
28 16 24
16 29 29
29 16 33
16 31 61
31 16 41
16 32 19
32 16 17
16 33 8
33 16 9
16 34 25
34 16 29
16 35 25
35 16 37
16 36 51
36 16 42
16 38 49
38 16 40
16 41 25
41 16 21
16 42 22
42 16 23
16 43 17
43 16 18
16 45 20
45 16 30
16 46 20
46 16 31
16 47 35
47 16 36
16 48 30
48 16 31
16 49 8
49 16 9
16 51 10
51 16 9
16 52 40
52 16 33
16 54 68
54 16 46
16 55 52
55 16 36
16 56 27
56 16 19
16 57 61
57 16 45
16 58 26
58 16 31
16 59 57
59 16 56
16 61 39
61 16 34
16 63 8
63 16 6
16 64 22
64 16 31
16 65 26
65 16 45
16 66 42
66 16 51
16 67 14
67 16 25
16 68 10
68 16 17
16 71 63
71 16 49
16 72 37
72 16 28
16 73 18
73 16 13
16 75 14
75 16 19
17 18 36
18 17 27
17 19 40
19 17 29
17 20 32
20 17 45
17 21 21
21 17 33
17 23 29
23 17 27
17 24 35
24 17 26
17 25 23
25 17 26
17 26 8
26 17 8
17 27 19
27 17 24
17 28 39
28 17 28
17 29 31
29 17 26
17 31 17
31 17 32
17 32 17
32 17 14
17 33 14
33 17 17
17 34 13
34 17 17
17 35 19
35 17 23
17 36 44
36 17 40
17 38 17
38 17 26
17 41 26
41 17 34
17 42 25
42 17 35
17 43 29
43 17 30
17 45 25
45 17 22
17 46 20
46 17 18
17 47 47
47 17 34
17 48 26
48 17 27
17 49 14
49 17 22
17 51 4
51 17 6
17 52 15
52 17 21
17 54 19
54 17 34
17 55 23
55 17 35
17 56 45
56 17 33
17 57 23
57 17 36
17 58 12
58 17 17
17 59 29
59 17 42
17 61 45
61 17 38
17 63 10
63 17 19
17 64 24
64 17 43
17 65 16
65 17 31
17 66 34
66 17 37
17 67 15
67 17 12
17 68 12
68 17 12
17 71 26
71 17 46
17 72 9
72 17 16
17 73 25
73 17 21
17 75 11
75 17 10
18 19 66
19 18 54
18 20 57
20 18 71
18 21 65
21 18 55
18 23 27
23 18 28
18 24 13
24 18 13
18 25 9
25 18 11
18 26 47
26 18 34
18 27 37
27 18 51
18 28 24
28 18 48
18 29 34
29 18 52
18 31 21
31 18 29
18 32 9
32 18 13
18 33 37
33 18 32
18 34 48
34 18 44
18 35 58
35 18 46
18 36 36
36 18 64
18 38 38
38 18 39
18 41 53
41 18 39
18 42 59
42 18 42
18 43 51
43 18 38
18 45 48
45 18 48
18 46 22
46 18 44
18 47 85
47 18 58
18 48 61
48 18 52
18 49 16
49 18 18
18 51 29
51 18 26
18 52 35
52 18 48
18 54 31
54 18 60
18 55 16
55 18 14
18 56 21
56 18 31
18 57 65
57 18 63
18 58 45
58 18 31
18 59 78
59 18 61
18 61 48
61 18 57
18 63 16
63 18 28
18 64 29
64 18 51
18 65 38
65 18 43
18 66 42
66 18 50
18 67 45
67 18 38
18 68 48
68 18 37
18 71 39
71 18 71
18 72 24
72 18 26
18 73 45
73 18 37
18 75 32
75 18 36
19 20 45
20 19 34
19 21 35
21 19 39
19 23 55
23 19 55
19 24 57
24 19 55
19 25 50
25 19 48
19 26 26
26 19 21
19 27 9
27 19 16
19 28 35
28 19 42
19 29 28
29 19 24
19 31 22
31 19 42
19 32 28
32 19 40
19 33 48
33 19 41
19 34 19
34 19 14
19 35 8
35 19 7
19 36 36
36 19 39
19 38 24
38 19 23
19 41 62
41 19 58
19 42 77
42 19 58
19 43 45
43 19 54
19 45 18
45 19 22
19 46 14
46 19 13
19 47 19
47 19 35
19 48 22
48 19 30
19 49 30
49 19 51
19 51 36
51 19 34
19 52 11
52 19 13
19 54 11
54 19 9
19 55 39
55 19 56
19 56 77
56 19 60
19 57 13
57 19 21
19 58 28
58 19 25
19 59 21
59 19 18
19 61 28
61 19 49
19 63 66
63 19 46
19 64 47
64 19 63
19 65 27
65 19 25
19 66 25
66 19 25
19 67 24
67 19 18
19 68 40
68 19 28
19 71 50
71 19 43
19 72 27
72 19 29
19 73 25
73 19 42
19 75 28
75 19 24
20 21 29
21 20 22
20 23 84
23 20 57
20 24 77
24 20 66
20 25 40
25 20 70
20 26 21
26 20 41
20 27 29
27 20 23
20 28 30
28 20 31
20 29 15
29 20 18
20 31 95
31 20 71
20 32 43
32 20 58
20 33 63
33 20 43
20 34 34
34 20 31
20 35 26
35 20 38
20 36 17
36 20 13
20 38 30
38 20 55
20 41 73
41 20 54
20 42 56
42 20 51
20 43 69
43 20 50
20 45 19
45 20 22
20 46 20
46 20 32
20 47 13
47 20 16
20 48 26
48 20 19
20 49 43
49 20 59
20 51 53
51 20 44
20 52 35
52 20 27
20 54 32
54 20 27
20 55 49
55 20 79
20 56 60
56 20 61
20 57 10
57 20 13
20 58 27
58 20 53
20 59 57
59 20 50
20 61 17
61 20 31
20 63 27
63 20 48
20 64 51
64 20 52
20 65 66
65 20 58
20 66 32
66 20 59
20 67 28
67 20 35
20 68 22
68 20 34
20 71 9
71 20 11
20 72 31
72 20 55
20 73 32
73 20 40
20 75 35
75 20 34
21 23 46
23 21 36
21 24 30
24 21 48
21 25 78
25 21 58
21 26 42
26 21 33
21 27 16
27 21 24
21 28 12
28 21 9
21 29 22
29 21 15
21 31 66
31 21 64
21 32 39
32 21 46
21 33 12
33 21 24
21 34 15
34 21 28
21 35 54
35 21 39
21 36 13
36 21 10
21 38 37
38 21 53
21 41 34
41 21 32
21 42 42
42 21 29
21 43 32
43 21 28
21 45 12
45 21 18
21 46 15
46 21 30
21 47 6
47 21 6
21 48 12
48 21 9
21 49 24
49 21 41
21 51 38
51 21 30
21 52 20
52 21 27
21 54 37
54 21 36
21 55 56
55 21 66
21 56 26
56 21 39
21 57 26
57 21 25
21 58 51
58 21 47
21 59 54
59 21 57
21 61 10
61 21 11
21 63 27
63 21 29
21 64 19
64 21 30
21 65 76
65 21 57
21 66 79
66 21 60
21 67 31
67 21 29
21 68 28
68 21 21
21 71 15
71 21 17
21 72 59
72 21 48
21 73 28
73 21 20
21 75 22
75 21 24
23 24 10
24 23 16
23 25 46
25 23 36
23 26 49
26 23 35
23 27 39
27 23 44
23 28 33
28 23 27
23 29 59
29 23 41
23 31 33
31 23 52
23 32 32
32 23 27
23 33 20
33 23 15
23 34 39
34 23 41
23 35 31
35 23 49
23 36 42
36 23 47
23 38 36
38 23 52
23 41 10
41 23 11
23 42 21
42 23 15
23 43 7
43 23 10
23 45 26
45 23 39
23 46 21
46 23 42
23 47 23
47 23 41
23 48 50
48 23 38
23 49 14
49 23 10
23 51 15
51 23 21
23 52 26
52 23 44
23 54 39
54 23 57
23 55 34
55 23 42
23 56 8
56 23 6
23 57 38
57 23 54
23 58 29
58 23 43
23 59 46
59 23 69
23 61 38
61 23 33
23 63 8
63 23 9
23 64 33
64 23 23
23 65 68
65 23 57
23 66 55
66 23 64
23 67 54
67 23 37
23 68 17
68 23 27
23 71 50
71 23 53
23 72 49
72 23 40
23 73 18
73 23 16
23 75 18
75 23 30
24 25 13
25 24 23
24 26 44
26 24 34
24 27 55
27 24 49
24 28 23
28 24 39
24 29 31
29 24 48
24 31 60
31 24 41
24 32 19
32 24 18
24 33 16
33 24 24
24 34 48
34 24 43
24 35 52
35 24 49
24 36 52
36 24 57
24 38 44
38 24 46
24 41 29
41 24 26
24 42 35
42 24 30
24 43 35
43 24 26
24 45 51
45 24 45
24 46 52
46 24 44
24 47 39
47 24 51
24 48 49
48 24 47
24 49 9
49 24 7
24 51 26
51 24 22
24 52 41
52 24 47
24 54 83
54 24 60
24 55 38
55 24 27
24 56 25
56 24 18
24 57 31
57 24 60
24 58 53
58 24 37
24 59 59
59 24 66
24 61 62
61 24 47
24 63 24
63 24 18
24 64 44
64 24 38
24 65 57
65 24 51
24 66 79
66 24 58
24 67 26
67 24 38
24 68 26
68 24 33
24 71 55
71 24 64
24 72 24
72 24 33
24 73 24
73 24 27
24 75 18
75 24 33
25 26 21
26 25 30
25 27 38
27 25 48
25 28 55
28 25 51
25 29 26
29 25 52
25 31 20
31 25 18
25 32 12
32 25 12
25 33 34
33 25 36
25 34 46
34 25 41
25 35 58
35 25 40
25 36 96
36 25 65
25 38 20
38 25 30
25 41 57
41 25 47
25 42 33
42 25 50
25 43 29
43 25 45
25 45 65
45 25 47
25 46 21
46 25 40
25 47 70
47 25 59
25 48 64
48 25 53
25 49 33
49 25 26
25 51 21
51 25 28
25 52 40
52 25 45
25 54 77
54 25 55
25 55 13
55 25 9
25 56 40
56 25 40
25 57 72
57 25 60
25 58 17
58 25 23
25 59 62
59 25 53
25 61 72
61 25 61
25 63 34
63 25 34
25 64 80
64 25 59
25 65 18
65 25 34
25 66 31
66 25 41
25 67 25
67 25 36
25 68 22
68 25 37
25 71 92
71 25 72
25 72 19
72 25 18
25 73 56
73 25 41
25 75 39
75 25 35
26 27 20
27 26 18
26 28 24
28 26 31
26 29 16
29 26 23
26 31 24
31 26 32
26 32 21
32 26 20
26 33 15
33 26 23
26 34 9
34 26 11
26 35 20
35 26 15
26 36 56
36 26 38
26 38 21
38 26 21
26 41 47
41 26 41
26 42 28
42 26 41
26 43 28
43 26 37
26 45 11
45 26 18
26 46 7
46 26 11
26 47 33
47 26 32
26 48 33
48 26 26
26 49 30
49 26 30
26 51 19
51 26 14
26 52 15
52 26 15
26 54 29
54 26 26
26 55 58
55 26 39
26 56 23
56 26 41
26 57 21
57 26 30
26 58 16
58 26 14
26 59 29
59 26 34
26 61 25
61 26 40
26 63 19
63 26 26
26 64 62
64 26 49
26 65 29
65 26 26
26 66 21
66 26 31
26 67 3
67 26 6
26 68 9
68 26 13
26 71 27
71 26 45
26 72 11
72 26 15
26 73 30
73 26 26
26 75 11
75 26 9
27 28 39
28 27 27
27 29 13
29 27 9
27 31 26
31 27 48
27 32 26
32 27 38
27 33 20
33 27 29
27 34 8
34 27 8
27 35 19
35 27 16
27 36 22
36 27 24
27 38 28
38 27 33
27 41 44
41 27 46
27 42 41
42 27 44
27 43 57
43 27 42
27 45 5
45 27 6
27 46 12
46 27 9
27 47 25
47 27 20
27 48 12
48 27 15
27 49 46
49 27 43
27 51 34
51 27 26
27 52 5
52 27 4
27 54 10
54 27 14
27 55 58
55 27 58
27 56 61
56 27 49
27 57 9
57 27 12
27 58 38
58 27 30
27 59 31
59 27 34
27 61 50
61 27 34
27 63 44
63 27 35
27 64 70
64 27 49
27 65 50
65 27 36
27 66 36
66 27 38
27 67 11
67 27 13
27 68 15
68 27 17
27 71 19
71 27 29
27 72 38
72 27 33
27 73 22
73 27 30
27 75 20
75 27 15
28 29 29
29 28 20
28 31 45
31 28 60
28 32 48
32 28 39
28 33 9
33 28 16
28 34 25
34 28 28
28 35 25
35 28 39
28 36 15
36 28 20
28 38 68
38 28 51
28 41 15
41 28 23
28 42 18
42 28 20
28 43 28
43 28 19
28 45 26
45 28 21
28 46 33
46 28 30
28 47 18
47 28 15
28 48 19
48 28 14
28 49 32
49 28 32
28 51 21
51 28 24
28 52 25
52 28 29
28 54 53
54 28 41
28 55 88
55 28 60
28 56 33
56 28 30
28 57 42
57 28 32
28 58 49
58 28 44
28 59 79
59 28 59
28 61 5
61 28 10
28 63 18
63 28 20
28 64 31
64 28 23
28 65 46
65 28 56
28 66 51
66 28 60
28 67 30
67 28 28
28 68 18
68 28 17
28 71 17
71 28 26
28 72 45
72 28 44
28 73 16
73 28 11
28 75 29
75 28 21
29 31 42
31 29 54
29 32 44
32 29 40
29 33 31
33 29 26
29 34 16
34 29 14
29 35 23
35 29 24
29 36 8
36 29 16
29 38 39
38 29 40
29 41 24
41 29 41
29 42 39
42 29 39
29 43 33
43 29 37
29 45 4
45 29 4
29 46 8
46 29 16
29 47 14
47 29 11
29 48 7
48 29 6
29 49 60
49 29 42
29 51 15
51 29 26
29 52 14
52 29 12
29 54 11
54 29 21
29 55 74
55 29 61
29 56 53
56 29 46
29 57 7
57 29 13
29 58 28
58 29 36
29 59 50
59 29 42
29 61 32
61 29 25
29 63 22
63 29 32
29 64 34
64 29 43
29 65 39
65 29 44
29 66 36
66 29 46
29 67 21
67 29 17
29 68 9
68 29 16
29 71 16
71 29 22
29 72 22
72 29 38
29 73 24
73 29 25
29 75 18
75 29 16
31 32 21
32 31 25
31 33 47
33 31 47
31 34 32
34 31 41
31 35 29
35 31 35
31 36 37
36 31 70
31 38 13
38 31 19
31 41 51
41 31 62
31 42 78
42 31 64
31 43 69
43 31 59
31 45 67
45 31 50
31 46 56
46 31 39
31 47 68
47 31 64
31 48 85
48 31 58
31 49 22
49 31 42
31 51 48
51 31 37
31 52 37
52 31 44
31 54 42
54 31 50
31 55 23
55 31 22
31 56 76
56 31 56
31 57 72
57 31 60
31 58 10
58 31 18
31 59 53
59 31 41
31 61 68
61 31 70
31 63 38
63 31 47
31 64 45
64 31 72
31 65 12
65 31 20
31 66 30
66 31 26
31 67 25
67 31 37
31 68 22
68 31 44
31 71 66
71 31 76
31 72 9
72 31 16
31 73 60
73 31 52
31 75 56
75 31 40
32 33 12
33 32 24
32 34 26
34 32 31
32 35 30
35 32 33
32 36 36
36 32 54
32 38 16
38 32 28
32 41 19
41 32 37
32 42 34
42 32 40
32 43 22
43 32 35
32 45 52
45 32 36
32 46 18
46 32 31
32 47 60
47 32 47
32 48 33
48 32 41
32 49 12
49 32 18
32 51 21
51 32 16
32 52 28
52 32 35
32 54 27
54 32 47
32 55 30
55 32 21
32 56 35
56 32 32
32 57 47
57 32 50
32 58 11
58 32 19
32 59 65
59 32 49
32 61 25
61 32 49
32 63 23
63 32 23
32 64 44
64 32 48
32 65 25
65 32 33
32 66 49
66 32 40
32 67 34
67 32 25
32 68 29
68 32 26
32 71 56
71 32 60
32 72 18
72 32 15
32 73 43
73 32 29
32 75 22
75 32 24
33 34 21
34 33 26
33 35 31
35 33 36
33 36 21
36 33 34
33 38 39
38 33 43
33 41 16
41 33 18
33 42 13
42 33 19
33 43 10
43 33 14
33 45 30
45 33 24
33 46 41
46 33 28
33 47 31
47 33 28
33 48 27
48 33 23
33 49 24
49 33 17
33 51 7
51 33 10
33 52 43
52 33 29
33 54 50
54 33 42
33 55 31
55 33 44
33 56 19
56 33 20
33 57 44
57 33 39
33 58 29
58 33 34
33 59 75
59 33 56
33 61 28
61 33 25
33 63 5
63 33 6
33 64 32
64 33 26
33 65 43
65 33 47
33 66 44
66 33 53
33 67 33
67 33 23
33 68 9
68 33 13
33 71 30
71 33 41
33 72 18
72 33 32
33 73 4
73 33 5
33 75 9
75 33 16
34 35 15
35 34 11
34 36 40
36 34 30
34 38 23
38 34 26
34 41 38
41 34 44
34 42 58
42 34 44
34 43 38
43 34 40
34 45 10
45 34 10
34 46 2
46 34 2
34 47 25
47 34 25
34 48 20
48 34 19
34 49 32
49 34 38
34 51 24
51 34 21
34 52 5
52 34 4
34 54 10
54 34 17
34 55 28
55 34 50
34 56 25
56 34 46
34 57 13
57 34 20
34 58 17
58 34 22
34 59 43
59 34 31
34 61 49
61 34 37
34 63 17
63 34 32
34 64 39
64 34 49
34 65 22
65 34 30
34 66 39
66 34 33
34 67 3
67 34 5
34 68 10
68 34 14
34 71 34
71 34 36
34 72 15
72 34 25
34 73 36
73 34 28
34 75 6
75 34 10
35 36 30
36 35 40
35 38 21
38 35 18
35 41 43
41 35 54
35 42 52
42 35 54
35 43 62
43 35 50
35 45 27
45 35 21
35 46 5
46 35 9
35 47 33
47 35 35
35 48 42
48 35 30
35 49 32
49 35 45
35 51 40
51 35 28
35 52 14
52 35 12
35 54 12
54 35 15
35 55 46
55 35 49
35 56 64
56 35 55
35 57 31
57 35 25
35 58 26
58 35 18
35 59 23
59 35 21
35 61 70
61 35 48
35 63 25
63 35 40
35 64 84
64 35 60
35 65 16
65 35 21
35 66 19
66 35 22
35 67 14
67 35 13
35 68 25
68 35 24
35 71 50
71 35 45
35 72 22
72 35 22
35 73 24
73 35 38
35 75 26
75 35 20
36 38 52
38 36 56
36 41 33
41 36 43
36 42 48
42 36 39
36 43 39
43 36 39
36 45 11
45 36 20
36 46 24
46 36 32
36 47 7
47 36 6
36 48 9
48 36 12
36 49 32
49 36 50
36 51 39
51 36 38
36 52 26
52 36 28
36 54 43
54 36 34
36 55 55
55 36 74
36 56 41
56 36 50
36 57 19
57 36 20
36 58 69
58 36 52
36 59 75
59 36 56
36 61 10
61 36 18
36 63 44
63 36 39
36 64 54
64 36 39
36 65 47
65 36 60
36 66 54
66 36 62
36 67 44
67 36 33
36 68 24
68 36 28
36 71 9
71 36 7
36 72 63
72 36 53
36 73 26
73 36 30
36 75 39
75 36 30
38 41 56
41 38 60
38 42 84
42 38 61
38 43 38
43 38 56
38 45 50
45 38 36
38 46 17
46 38 24
38 47 53
47 38 51
38 48 52
48 38 45
38 49 64
49 38 45
38 51 27
51 38 32
38 52 41
52 38 29
38 54 43
54 38 32
38 55 42
55 38 37
38 56 35
56 38 58
38 57 47
57 38 43
38 58 12
58 38 9
38 59 34
59 38 23
38 61 76
61 38 61
38 63 59
63 38 45
38 64 40
64 38 69
38 65 4
65 38 5
38 66 11
66 38 12
38 67 33
67 38 24
38 68 31
68 38 34
38 71 80
71 38 62
38 72 13
72 38 13
38 73 29
73 38 47
38 75 15
75 38 30
41 42 3
42 41 4
41 43 3
43 41 4
41 45 45
45 41 40
41 46 51
46 41 46
41 47 37
47 41 38
41 48 39
48 41 36
41 49 15
49 41 21
41 51 33
51 41 28
41 52 27
52 41 46
41 54 48
54 41 59
41 55 41
55 41 53
41 56 8
56 41 10
41 57 72
57 41 54
41 58 61
58 41 51
41 59 62
59 41 74
41 61 36
61 41 26
41 63 10
63 41 15
41 64 17
64 41 12
41 65 90
65 41 65
41 66 83
66 41 71
41 67 47
67 41 41
41 68 31
68 41 30
41 71 67
71 41 49
41 72 32
72 41 49
41 73 8
73 41 16
41 75 27
75 41 34
42 43 7
43 42 5
42 45 37
45 42 38
42 46 30
46 42 46
42 47 44
47 42 35
42 48 38
48 42 34
42 49 27
49 42 24
42 51 23
51 42 29
42 52 29
52 42 46
42 54 73
54 42 58
42 55 81
55 42 56
42 56 9
56 42 14
42 57 67
57 42 52
42 58 69
58 42 52
42 59 87
59 42 74
42 61 27
61 42 22
42 63 22
63 42 17
42 64 9
64 42 9
42 65 46
65 42 66
42 66 96
66 42 72
42 67 60
67 42 41
42 68 33
68 42 30
42 71 47
71 42 45
42 72 36
72 42 50
42 73 13
73 42 16
42 75 29
75 42 34
43 45 26
45 43 36
43 46 29
46 43 42
43 47 43
47 43 34
43 48 35
48 43 32
43 49 27
49 43 19
43 51 30
51 43 24
43 52 55
52 43 42
43 54 74
54 43 55
43 55 41
55 43 51
43 56 16
56 43 12
43 57 37
57 43 50
43 58 30
58 43 48
43 59 37
59 43 70
43 61 28
61 43 24
43 63 11
63 43 12
43 64 7
64 43 14
43 65 61
65 43 61
43 66 94
66 43 67
43 67 41
67 43 37
43 68 30
68 43 26
43 71 36
71 43 45
43 72 56
72 43 45
43 73 11
73 43 12
43 75 30
75 43 30
45 46 12
46 45 12
45 47 22
47 45 15
45 48 7
48 45 9
45 49 35
49 45 39
45 51 24
51 45 23
45 52 7
52 45 9
45 54 27
54 45 20
45 55 29
55 45 57
45 56 37
56 45 44
45 57 22
57 45 15
45 58 26
58 45 32
45 59 23
59 45 39
45 61 34
61 45 28
45 63 44
63 45 30
45 64 63
64 45 43
45 65 25
65 45 40
45 66 29
66 45 42
45 67 7
67 45 13
45 68 16
68 45 12
45 71 21
71 45 27
45 72 40
72 45 34
45 73 17
73 45 24
45 75 7
75 45 12
46 47 28
47 46 27
46 48 14
48 46 21
46 49 28
49 46 39
46 51 28
51 46 22
46 52 3
52 46 5
46 54 20
54 46 16
46 55 65
55 46 50
46 56 55
56 46 48
46 57 18
57 46 21
46 58 27
58 46 21
46 59 16
59 46 29
46 61 27
61 46 39
46 63 30
63 46 33
46 64 54
64 46 51
46 65 38
65 46 28
46 66 27
66 46 31
46 67 7
67 46 6
46 68 14
68 46 16
46 71 23
71 46 38
46 72 18
72 46 24
46 73 25
73 46 30
46 75 13
75 46 12
47 48 6
48 47 6
47 49 30
49 47 44
47 51 33
51 47 32
47 52 28
52 47 23
47 54 46
54 47 31
47 55 84
55 47 68
47 56 28
56 47 45
47 57 21
57 47 19
47 58 54
58 47 46
47 59 74
59 47 53
47 61 24
61 47 17
47 63 33
63 47 34
47 64 22
64 47 36
47 65 36
65 47 55
47 66 80
66 47 57
47 67 34
67 47 27
47 68 31
68 47 22
47 71 11
71 47 13
47 72 32
72 47 47
47 73 14
73 47 25
47 75 26
75 47 24
48 49 27
49 48 40
48 51 25
51 48 26
48 52 26
52 48 18
48 54 25
54 48 28
48 55 38
55 48 62
48 56 59
56 48 42
48 57 22
57 48 18
48 58 29
58 48 40
48 59 66
59 48 48
48 61 23
61 48 19
48 63 42
63 48 29
48 64 22
64 48 37
48 65 73
65 48 49
48 66 45
66 48 52
48 67 22
67 48 21
48 68 22
68 48 16
48 71 21
71 48 19
48 72 34
72 48 41
48 73 22
73 48 21
48 75 17
75 48 18
49 51 15
51 49 17
49 52 52
52 49 42
49 54 68
54 49 55
49 55 38
55 49 32
49 56 17
56 49 14
49 57 47
57 49 54
49 58 22
58 49 36
49 59 93
59 49 64
49 61 43
61 49 40
49 63 6
63 49 11
49 64 33
64 49 33
49 65 37
65 49 50
49 66 68
66 49 56
49 67 19
67 49 33
49 68 14
68 49 26
49 71 45
71 49 57
49 72 26
72 49 32
49 73 26
73 49 20
49 75 32
75 49 28
51 52 28
52 51 25
51 54 55
54 51 38
51 55 31
55 51 36
51 56 18
56 51 27
51 57 22
57 51 38
51 58 22
58 51 24
51 59 50
59 51 48
51 61 36
61 51 34
51 63 18
63 51 13
51 64 36
64 51 37
51 65 42
65 51 37
51 66 50
66 51 43
51 67 14
67 51 16
51 68 15
68 51 11
51 71 23
71 51 45
51 72 28
72 51 22
51 73 13
73 51 15
51 75 14
75 51 11
52 54 11
54 52 13
52 55 73
55 52 54
52 56 74
56 52 50
52 57 13
57 52 16
52 58 34
58 52 26
52 59 23
59 52 31
52 61 37
61 52 37
52 63 23
63 52 35
52 64 37
64 52 51
52 65 22
65 52 32
52 66 45
66 52 34
52 67 11
67 52 10
52 68 14
68 52 17
52 71 24
71 52 33
52 72 22
72 52 29
52 73 20
73 52 30
52 75 18
75 52 14
54 55 55
55 54 64
54 56 82
56 54 63
54 57 16
57 54 14
54 58 28
58 54 33
54 59 29
59 54 23
54 61 35
61 54 47
54 63 52
63 54 48
54 64 60
64 54 63
54 65 29
65 54 34
54 66 37
66 54 33
54 67 12
67 54 22
54 68 44
68 54 30
54 71 49
71 54 37
54 72 49
72 54 37
54 73 27
73 54 43
54 75 25
75 54 27
55 56 27
56 55 45
55 57 35
57 55 70
55 58 20
58 55 32
55 59 60
59 55 60
55 61 35
61 55 69
55 63 33
63 55 41
55 64 34
64 55 65
55 65 27
65 55 40
55 66 47
66 55 47
55 67 32
67 55 45
55 68 27
68 55 46
55 71 108
71 55 81
55 72 28
72 55 27
55 73 57
73 55 49
55 75 59
75 55 45
56 57 87
57 56 59
56 58 72
58 56 49
56 59 91
59 56 75
56 61 38
61 56 36
56 63 18
63 56 15
56 64 29
64 56 22
56 65 76
65 56 63
56 66 82
66 56 69
56 67 45
67 56 43
56 68 40
68 56 33
56 71 57
71 56 57
56 72 65
72 56 45
56 73 25
73 56 21
56 75 52
75 56 36
57 58 61
58 57 41
57 59 51
59 57 37
57 61 42
61 57 36
57 63 53
63 57 45
57 64 35
64 57 55
57 65 58
65 57 46
57 66 35
66 57 46
57 67 22
67 57 25
57 68 25
68 57 28
57 71 15
71 57 23
57 72 66
72 57 45
57 73 47
73 57 38
57 75 26
75 57 27
58 59 18
59 58 30
58 61 50
61 58 54
58 63 26
63 58 36
58 64 51
64 58 60
58 65 9
65 58 14
58 66 22
66 58 21
58 67 23
67 58 19
58 68 38
68 58 27
58 71 42
71 58 58
58 72 5
72 58 5
58 73 30
73 58 38
58 75 34
75 58 23
59 61 78
61 59 67
59 63 89
63 59 60
59 64 63
64 59 80
59 65 28
65 59 21
59 66 13
66 59 15
59 67 23
67 59 33
59 68 65
68 59 44
59 71 83
71 59 60
59 72 41
72 59 35
59 73 42
73 59 58
59 75 31
75 59 40
61 63 32
63 61 29
61 64 16
64 61 21
61 65 91
65 61 66
61 66 42
66 61 69
61 67 42
67 61 37
61 68 34
68 61 27
61 71 23
71 61 23
61 72 37
72 61 54
61 73 24
73 61 20
61 75 41
75 61 31
63 64 25
64 63 25
63 65 36
65 63 50
63 66 73
66 63 56
63 67 25
67 63 28
63 68 15
68 63 18
63 71 41
71 63 46
63 72 35
72 63 34
63 73 8
73 63 9
63 75 23
75 63 21
64 65 95
65 64 74
64 66 54
66 64 79
64 67 25
67 64 48
64 68 26
68 64 36
64 71 41
71 64 44
64 72 46
72 64 59
64 73 18
73 64 22
64 75 35
75 64 40
65 66 8
66 65 7
65 67 22
67 65 28
65 68 35
68 65 39
65 71 50
71 65 66
65 72 22
72 65 18
65 73 34
73 65 51
65 75 42
75 65 34
66 67 43
67 66 32
66 68 25
68 66 43
66 71 76
71 66 67
66 72 32
72 66 25
66 73 41
73 66 57
66 75 45
75 66 39
67 68 8
68 67 11
67 71 52
71 67 40
67 72 31
72 67 21
67 73 30
73 67 25
67 75 9
75 67 7
68 71 45
71 68 35
68 72 24
72 68 27
68 73 9
73 68 14
68 75 5
75 68 4
71 72 37
72 71 60
71 73 50
73 71 37
71 75 45
75 71 37
72 73 31
73 72 37
72 75 25
75 72 24
73 75 17
75 73 18
