1 18 57 0 5700

287 286

1 4 12 22 22

5 6 55 20
10 7 40 66
15 9 62 24
18 8 9 56
20 7 66 14
23 9 11 28
27 8 55 34
37 9 60 15
44 6 21 48
45 7 50 30
48 8 48 21
49 8 12 38
52 8 54 38
54 6 67 41
56 6 6 25
65 6 50 70
66 9 57 72
69 9 50 4
2 9 36 26
3 9 21 45
4 8 45 35
6 9 33 34
7 9 50 50
8 7 55 45
9 9 26 59
11 6 55 65
12 7 35 51
13 7 62 35
14 9 62 57
16 6 21 36
17 6 33 44
19 6 62 48
21 9 44 13
22 9 26 13
24 9 7 43
25 9 17 64
26 8 41 46
28 9 35 16
29 6 52 26
30 8 43 26
31 7 31 76
32 7 22 53
33 7 26 29
34 8 50 40
35 6 55 50
36 9 54 10
38 7 47 66
39 8 30 60
40 9 30 50
41 9 12 17
42 7 15 14
43 8 16 19
46 6 51 42
47 6 50 15
50 9 15 56
51 7 29 39
53 9 55 57
55 9 10 70
57 8 65 27
58 7 40 60
59 9 70 64
60 7 64 4
61 6 36 6
62 6 30 20
63 8 20 30
64 9 15 5
67 7 45 42
68 8 38 33
70 6 66 8
71 8 59 5
72 7 35 60
73 6 27 24
74 6 40 20
75 7 40 37
76 9 40 40


1 5 25
5 1 33
1 10 70
10 1 48
1 15 29
15 1 40
1 18 48
18 1 36
1 20 30
20 1 45
1 23 18
23 1 13
1 27 24
27 1 35
1 37 36
37 1 39
1 44 18
44 1 26
1 45 28
45 1 29
1 48 34
48 1 26
1 49 17
49 1 19
1 52 30
52 1 35
1 54 69
54 1 48
1 56 14
56 1 16
1 65 30
65 1 55
1 66 40
66 1 61
1 69 38
69 1 33
1 2 10
2 1 15
1 3 27
3 1 23
1 4 38
4 1 26
1 6 18
6 1 16
1 7 26
7 1 39
1 8 41
8 1 40
1 9 41
9 1 37
1 11 32
11 1 54
1 12 38
12 1 32
1 13 24
13 1 42
1 14 58
14 1 53
1 16 12
16 1 14
1 17 29
17 1 25
1 19 30
19 1 47
1 21 12
21 1 24
1 22 5
22 1 10
1 24 37
24 1 26
1 25 41
25 1 42
1 26 35
26 1 30
1 28 17
28 1 14
1 29 21
29 1 30
1 30 23
30 1 21
1 31 77
31 1 55
1 32 44
32 1 31
1 33 8
33 1 8
1 34 33
34 1 33
1 35 64
35 1 43
1 36 29
36 1 34
1 38 70
38 1 51
1 39 58
39 1 39
1 40 38
40 1 29
1 41 11
41 1 11
1 42 10
42 1 11
1 43 9
43 1 7
1 46 42
46 1 35
1 47 43
47 1 29
1 50 51
50 1 35
1 51 26
51 1 18
1 53 68
53 1 48
1 55 72
55 1 49
1 57 53
57 1 43
1 58 36
58 1 42
1 59 78
59 1 63
1 60 49
60 1 45
1 61 22
61 1 21
1 62 11
62 1 8
1 63 11
63 1 8
1 64 17
64 1 18
1 67 36
67 1 30
1 68 11
68 1 19
1 70 34
70 1 46
1 71 27
71 1 40
1 72 37
72 1 40
1 73 6
73 1 5
1 74 14
74 1 18
1 75 21
75 1 23
1 76 34
76 1 25
5 10 62
10 5 48
5 15 6
15 5 8
5 18 86
18 5 58
5 20 10
20 5 13
5 23 65
23 5 45
5 27 15
27 5 14
5 37 6
37 5 7
5 44 54
44 5 44
5 45 13
45 5 11
5 48 8
48 5 7
5 49 56
49 5 46
5 52 23
52 5 18
5 54 24
54 5 24
5 56 31
56 5 49
5 65 43
65 5 50
5 66 39
66 5 52
5 69 11
69 5 17
5 2 28
2 5 20
5 3 33
3 5 42
5 4 10
4 5 18
5 6 23
6 5 26
5 7 33
7 5 30
5 8 20
8 5 25
5 9 27
9 5 49
5 11 66
11 5 45
5 12 46
12 5 37
5 13 23
13 5 17
5 14 23
14 5 38
5 16 46
16 5 38
5 17 45
17 5 33
5 19 33
19 5 29
5 21 14
21 5 13
5 22 34
22 5 30
5 24 42
24 5 53
5 25 48
25 5 58
5 26 28
26 5 30
5 28 24
28 5 20
5 29 4
29 5 7
5 30 10
30 5 13
5 31 54
31 5 61
5 32 64
32 5 47
5 33 44
33 5 30
5 34 27
34 5 21
5 35 27
35 5 30
5 36 13
36 5 10
5 38 35
38 5 46
5 39 25
39 5 47
5 40 22
40 5 39
5 41 57
41 5 43
5 42 56
42 5 40
5 43 37
43 5 39
5 46 17
46 5 22
5 47 4
47 5 7
5 50 37
50 5 54
5 51 43
51 5 32
5 53 29
53 5 37
5 55 93
55 5 67
5 57 11
57 5 12
5 58 24
58 5 43
5 59 62
59 5 46
5 60 20
60 5 18
5 61 16
61 5 24
5 62 13
62 5 25
5 63 26
63 5 36
5 64 41
64 5 43
5 67 17
67 5 24
5 68 14
68 5 21
5 70 15
70 5 16
5 71 18
71 5 16
5 72 40
72 5 45
5 73 26
73 5 28
5 74 20
74 5 15
5 75 23
75 5 23
5 76 32
76 5 25
10 15 36
15 10 47
10 18 28
18 10 33
10 20 77
20 10 58
10 23 41
23 10 48
10 27 22
27 10 35
10 37 44
37 10 55
10 44 24
44 10 26
10 45 55
45 10 37
10 48 62
48 10 46
10 49 36
49 10 39
10 52 25
52 10 31
10 54 35
54 10 37
10 56 71
56 10 53
10 65 12
65 10 11
10 66 12
66 10 18
10 69 94
69 10 63
10 2 28
2 10 40
10 3 37
3 10 28
10 4 26
4 10 31
10 6 49
6 10 33
10 7 20
7 10 19
10 8 36
8 10 26
10 9 9
9 10 16
10 11 20
11 10 15
10 12 16
12 10 16
10 13 38
13 10 38
10 14 13
14 10 24
10 16 48
16 10 36
10 17 33
17 10 23
10 19 26
19 10 28
10 21 54
21 10 53
10 22 63
22 10 55
10 24 33
24 10 40
10 25 27
25 10 23
10 26 22
26 10 20
10 28 28
28 10 50
10 29 51
29 10 42
10 30 45
30 10 40
10 31 11
31 10 13
10 32 19
32 10 22
10 33 28
33 10 40
10 34 41
34 10 28
10 35 17
35 10 22
10 36 81
36 10 58
10 38 7
38 10 7
10 39 8
39 10 12
10 40 27
40 10 19
10 41 40
41 10 56
10 42 30
42 10 58
10 43 41
43 10 53
10 46 17
46 10 26
10 47 67
47 10 52
10 50 22
50 10 27
10 51 39
51 10 29
10 53 17
53 10 17
10 55 38
55 10 30
10 57 41
57 10 46
10 58 8
58 10 6
10 59 28
59 10 30
10 60 34
60 10 66
10 61 71
61 10 60
10 62 54
62 10 47
10 63 60
63 10 41
10 64 54
64 10 66
10 67 30
67 10 25
10 68 46
68 10 33
10 70 55
70 10 63
10 71 83
71 10 64
10 72 9
72 10 8
10 73 36
73 10 44
10 74 28
74 10 46
10 75 35
75 10 29
10 76 33
76 10 26
15 18 62
18 15 62
15 20 14
20 15 11
15 23 69
23 15 51
15 27 17
27 15 12
15 37 13
37 15 9
15 44 26
44 15 48
15 45 10
45 15 13
15 48 9
48 15 14
15 49 61
49 15 52
15 52 18
52 15 16
15 54 14
54 15 18
15 56 28
56 15 56
15 65 28
65 15 48
15 66 58
66 15 48
15 69 28
69 15 23
15 2 21
2 15 26
15 3 60
3 15 46
15 4 14
4 15 20
15 6 24
6 15 31
15 7 29
7 15 29
15 8 20
8 15 22
15 9 50
9 15 50
15 11 22
11 15 42
15 12 20
12 15 38
15 13 11
13 15 11
15 14 41
14 15 33
15 16 61
16 15 43
15 17 28
17 15 35
15 19 28
19 15 24
15 21 18
21 15 21
15 22 33
22 15 38
15 24 40
24 15 58
15 25 81
25 15 60
15 26 18
26 15 30
15 28 40
28 15 28
15 29 13
29 15 10
15 30 10
30 15 19
15 31 32
31 15 60
15 32 55
32 15 49
15 33 40
33 15 36
15 34 15
34 15 20
15 35 16
35 15 27
15 36 18
36 15 16
15 38 31
38 15 45
15 39 37
39 15 48
15 40 61
40 15 41
15 41 38
41 15 50
15 42 49
42 15 48
15 43 39
43 15 46
15 46 26
46 15 21
15 47 18
47 15 15
15 50 75
50 15 57
15 51 37
51 15 36
15 53 37
53 15 34
15 55 90
55 15 69
15 57 2
57 15 4
15 58 51
58 15 42
15 59 60
59 15 41
15 60 27
60 15 20
15 61 45
61 15 32
15 62 16
62 15 32
15 63 28
63 15 42
15 64 44
64 15 51
15 67 23
67 15 25
15 68 36
68 15 25
15 70 13
70 15 16
15 71 14
71 15 19
15 72 44
72 15 45
15 73 31
73 15 35
15 74 31
74 15 22
15 75 17
75 15 25
15 76 33
76 15 27
18 20 61
20 18 71
18 23 17
23 18 28
18 27 70
27 18 51
18 37 90
37 18 65
18 44 20
44 18 14
18 45 39
45 18 48
18 48 68
48 18 52
18 49 16
49 18 18
18 52 27
52 18 48
18 54 71
54 18 60
18 56 30
56 18 31
18 65 48
65 18 43
18 66 25
66 18 50
18 69 70
69 18 66
18 2 53
2 18 40
18 3 13
3 18 16
18 4 33
4 18 42
18 6 29
6 18 33
18 7 54
7 18 41
18 8 66
8 18 47
18 9 23
9 18 17
18 11 45
11 18 47
18 12 25
12 18 26
18 13 52
13 18 57
18 14 46
14 18 53
18 16 16
16 18 23
18 17 14
17 18 27
18 19 77
19 18 54
18 21 78
21 18 55
18 22 53
22 18 46
18 24 10
24 18 13
18 25 13
25 18 11
18 26 28
26 18 34
18 28 48
28 18 48
18 29 59
29 18 52
18 30 35
30 18 45
18 31 21
31 18 29
18 32 16
32 18 13
18 33 43
33 18 32
18 34 22
34 18 44
18 35 36
35 18 46
18 36 88
36 18 64
18 38 51
38 18 39
18 39 17
39 18 21
18 40 26
40 18 22
18 41 23
41 18 39
18 42 56
42 18 42
18 43 44
43 18 38
18 46 65
46 18 44
18 47 58
47 18 58
18 50 6
50 18 6
18 51 22
51 18 26
18 53 44
53 18 46
18 55 16
55 18 14
18 57 89
57 18 63
18 58 34
58 18 31
18 59 78
59 18 61
18 60 90
60 18 75
18 61 72
61 18 57
18 62 21
62 18 42
18 63 29
63 18 28
18 64 41
64 18 51
18 67 36
67 18 38
18 68 27
68 18 37
18 70 93
70 18 74
18 71 48
71 18 71
18 72 35
72 18 26
18 73 53
73 18 37
18 74 31
74 18 48
18 75 48
75 18 36
18 76 33
76 18 35
20 23 45
23 20 57
20 27 16
27 20 23
20 37 5
37 20 6
20 44 60
44 20 56
20 45 12
45 20 22
20 48 28
48 20 19
20 49 40
49 20 59
20 52 37
52 20 27
20 54 28
54 20 27
20 56 71
56 20 61
20 65 72
65 20 58
20 66 63
66 20 59
20 69 18
69 20 19
20 2 46
2 20 32
20 3 59
3 20 55
20 4 27
4 20 30
20 6 28
6 20 39
20 7 42
7 20 39
20 8 20
8 20 33
20 9 53
9 20 60
20 11 30
11 20 52
20 12 71
12 20 48
20 13 18
13 20 21
20 14 42
14 20 43
20 16 68
16 20 50
20 17 67
17 20 45
20 19 34
19 20 34
20 21 15
21 20 22
20 22 28
22 20 40
20 24 68
24 20 66
20 25 99
25 20 70
20 26 22
26 20 41
20 28 29
28 20 31
20 29 19
29 20 18
20 30 33
30 20 26
20 31 99
31 20 71
20 32 84
32 20 58
20 33 28
33 20 43
20 34 42
34 20 31
20 35 33
35 20 38
20 36 14
36 20 13
20 38 55
38 20 55
20 39 43
39 20 58
20 40 37
40 20 51
20 41 58
41 20 54
20 42 32
42 20 51
20 43 74
43 20 50
20 46 40
46 20 32
20 47 20
47 20 16
20 50 56
50 20 66
20 51 60
51 20 44
20 53 58
53 20 44
20 55 84
55 20 79
20 57 11
57 20 13
20 58 48
58 20 53
20 59 51
59 20 50
20 60 10
60 20 10
20 61 27
61 20 31
20 62 30
62 20 36
20 63 70
63 20 48
20 64 66
64 20 52
20 67 49
67 20 35
20 68 31
68 20 34
20 70 6
70 20 6
20 71 9
71 20 11
20 72 78
72 20 55
20 73 57
73 20 40
20 74 21
74 20 27
20 75 35
75 20 34
20 76 39
76 20 36
23 27 54
27 23 44
23 37 60
37 23 51
23 44 24
44 23 22
23 45 21
45 23 39
23 48 26
48 23 38
23 49 13
49 23 10
23 52 63
52 23 44
23 54 63
54 23 57
23 56 7
56 23 6
23 65 29
65 23 57
23 66 82
66 23 64
23 69 58
69 23 46
23 2 16
2 23 25
23 3 13
3 23 20
23 4 45
4 23 35
23 6 27
6 23 23
23 7 45
7 23 45
23 8 54
8 23 47
23 9 47
9 23 34
23 11 41
11 23 57
23 12 34
12 23 33
23 13 62
13 23 51
23 14 47
14 23 59
23 16 8
16 23 13
23 17 31
17 23 27
23 19 43
19 23 55
23 21 20
21 23 36
23 22 28
22 23 21
23 24 21
24 23 16
23 25 51
25 23 36
23 26 31
26 23 35
23 28 31
28 23 27
23 29 60
29 23 41
23 30 25
30 23 32
23 31 32
31 23 52
23 32 26
32 23 27
23 33 20
33 23 15
23 34 58
34 23 41
23 35 29
35 23 49
23 36 62
36 23 47
23 38 28
38 23 52
23 39 46
39 23 37
23 40 23
40 23 29
23 41 15
41 23 11
23 42 9
42 23 15
23 43 10
43 23 10
23 46 37
46 23 42
23 47 52
47 23 41
23 50 23
50 23 28
23 51 21
51 23 21
23 53 64
53 23 53
23 55 26
55 23 42
23 57 76
57 23 54
23 58 50
58 23 43
23 59 42
59 23 69
23 60 54
60 23 58
23 61 46
61 23 33
23 62 25
62 23 21
23 63 13
63 23 9
23 64 26
64 23 23
23 67 38
67 23 37
23 68 17
68 23 27
23 70 32
70 23 58
23 71 49
71 23 53
23 72 56
72 23 40
23 73 19
73 23 16
23 74 24
74 23 30
23 75 36
75 23 30
23 76 38
76 23 31
27 37 26
37 27 20
27 44 47
44 27 37
27 45 6
45 27 6
27 48 13
48 27 15
27 49 23
49 27 43
27 52 3
52 27 4
27 54 14
54 27 14
27 56 42
56 27 49
27 65 42
65 27 36
27 66 46
66 27 38
27 69 28
69 27 30
27 2 29
2 27 21
27 3 48
3 27 36
27 4 12
4 27 10
27 6 18
6 27 22
27 7 14
7 27 17
27 8 8
8 27 11
27 9 37
9 27 38
27 11 30
11 27 31
27 12 31
12 27 26
27 13 8
13 27 7
27 14 32
14 27 24
27 16 28
16 27 34
27 17 31
17 27 24
27 19 15
19 27 16
27 21 14
21 27 24
27 22 29
22 27 36
27 24 59
24 27 49
27 25 70
25 27 48
27 26 9
26 27 18
27 28 15
28 27 27
27 29 6
29 27 9
27 30 7
30 27 14
27 31 38
31 27 48
27 32 25
32 27 38
27 33 31
33 27 29
27 34 11
34 27 8
27 35 18
35 27 16
27 36 30
36 27 24
27 38 38
38 27 33
27 39 24
39 27 36
27 40 37
40 27 30
27 41 59
41 27 46
27 42 45
42 27 44
27 43 47
43 27 42
27 46 12
46 27 9
27 47 28
47 27 20
27 50 45
50 27 46
27 51 23
51 27 26
27 53 22
53 27 23
27 55 49
55 27 58
27 57 10
57 27 12
27 58 25
58 27 30
27 59 19
59 27 34
27 60 45
60 27 31
27 61 40
61 27 34
27 62 32
62 27 28
27 63 52
63 27 35
27 64 45
64 27 49
27 67 13
67 27 13
27 68 22
68 27 17
27 70 27
70 27 28
27 71 28
71 27 29
27 72 18
72 27 33
27 73 20
73 27 30
27 74 27
74 27 20
27 75 9
75 27 15
27 76 13
76 27 16
37 44 50
44 37 51
37 45 9
45 37 18
37 48 13
48 37 13
37 49 48
49 37 53
37 52 13
52 37 24
37 54 14
54 37 27
37 56 52
56 37 55
37 65 35
65 37 56
37 66 69
66 37 57
37 69 10
69 37 15
37 2 22
2 37 26
37 3 73
3 37 49
37 4 21
4 37 25
37 6 26
6 37 33
37 7 26
7 37 36
37 8 17
8 37 30
37 9 48
9 37 56
37 11 71
11 37 50
37 12 23
12 37 44
37 13 24
13 37 20
37 14 40
14 37 42
37 16 27
16 37 44
37 17 39
17 37 40
37 19 27
19 37 33
37 21 16
21 37 16
37 22 34
22 37 34
37 24 54
24 37 60
37 25 91
25 37 65
37 26 27
26 37 36
37 28 33
28 37 25
37 29 14
29 37 14
37 30 22
30 37 20
37 31 56
31 37 68
37 32 51
32 37 54
37 33 39
33 37 37
37 34 35
34 37 27
37 35 23
35 37 35
37 36 10
36 37 8
37 38 46
38 37 53
37 39 37
39 37 54
37 40 67
40 37 46
37 41 68
41 37 48
37 42 65
42 37 45
37 43 52
43 37 44
37 46 31
46 37 28
37 47 10
47 37 10
37 50 53
50 37 61
37 51 22
51 37 39
37 53 24
53 37 42
37 55 91
55 37 74
37 57 19
57 37 13
37 58 36
58 37 49
37 59 33
59 37 50
37 60 6
60 37 12
37 61 20
61 37 26
37 62 29
62 37 30
37 63 56
63 37 42
37 64 34
64 37 46
37 67 29
67 37 31
37 68 41
68 37 28
37 70 12
70 37 9
37 71 11
71 37 10
37 72 56
72 37 51
37 73 42
73 37 34
37 74 26
74 37 21
37 75 38
75 37 30
37 76 35
76 37 32
44 45 37
45 44 34
44 48 43
48 44 38
44 49 14
49 44 13
44 52 25
52 44 34
44 54 24
54 44 47
44 56 35
56 44 27
44 65 33
65 44 36
44 66 47
66 44 43
44 69 37
69 44 53
44 2 26
2 44 27
44 3 3
3 44 3
44 4 37
4 44 27
44 6 14
6 44 18
44 7 42
7 44 29
44 8 35
8 44 34
44 9 10
9 44 12
44 11 47
11 44 38
44 12 18
12 44 14
44 13 34
13 44 43
44 14 33
14 44 42
44 16 16
16 44 12
44 17 19
17 44 13
44 19 23
19 44 41
44 21 60
21 44 42
44 22 21
22 44 35
44 24 12
24 44 15
44 25 20
25 44 16
44 26 11
26 44 20
44 28 50
28 44 35
44 29 25
29 44 38
44 30 27
30 44 31
44 31 15
31 44 30
44 32 5
32 44 5
44 33 29
33 44 20
44 34 24
34 44 30
44 35 23
35 44 34
44 36 57
36 44 50
44 38 38
38 44 32
44 39 13
39 44 15
44 40 13
40 44 9
44 41 29
41 44 32
44 42 28
42 44 34
44 43 31
43 44 29
44 46 24
46 44 31
44 47 64
47 44 44
44 50 13
50 44 10
44 51 17
51 44 12
44 53 36
53 44 35
44 55 20
55 44 25
44 57 72
57 44 49
44 58 23
58 44 22
44 59 37
59 44 52
44 60 37
60 44 61
44 61 27
61 44 45
44 62 29
62 44 29
44 63 17
63 44 18
44 64 29
64 44 43
44 67 18
67 44 25
44 68 16
68 44 23
44 70 43
70 44 60
44 71 69
71 44 57
44 72 19
72 44 18
44 73 25
73 44 25
44 74 39
74 44 34
44 75 15
75 44 22
44 76 28
76 44 21
45 48 7
48 45 9
45 49 45
49 45 39
45 52 9
52 45 9
45 54 14
54 45 20
45 56 33
56 45 44
45 65 35
65 45 40
45 66 42
66 45 42
45 69 13
69 45 26
45 2 21
2 45 15
45 3 38
3 45 33
45 4 5
4 45 7
45 6 24
6 45 17
45 7 27
7 45 20
45 8 12
8 45 16
45 9 30
9 45 38
45 11 33
11 45 35
45 12 28
12 45 26
45 13 14
13 45 13
45 14 37
14 45 30
45 16 37
16 45 30
45 17 31
17 45 22
45 19 25
19 45 22
45 21 22
21 45 18
45 22 32
22 45 29
45 24 59
24 45 45
45 25 27
25 45 47
45 26 23
26 45 18
45 28 28
28 45 21
45 29 3
29 45 4
45 30 8
30 45 8
45 31 51
31 45 50
45 32 44
32 45 36
45 33 30
33 45 24
45 34 13
34 45 10
45 35 23
35 45 21
45 36 14
36 45 20
45 38 30
38 45 36
45 39 49
39 45 36
45 40 23
40 45 28
45 41 30
41 45 40
45 42 41
42 45 38
45 43 24
43 45 36
45 46 17
46 45 12
45 47 9
47 45 15
45 50 33
50 45 44
45 51 20
51 45 23
45 53 32
53 45 27
45 55 81
55 45 57
45 57 20
57 45 15
45 58 20
58 45 32
45 59 43
59 45 39
45 60 21
60 45 30
45 61 28
61 45 28
45 62 32
62 45 22
45 63 25
63 45 30
45 64 43
64 45 43
45 67 14
67 45 13
45 68 7
68 45 12
45 70 20
70 45 27
45 71 16
71 45 27
45 72 37
72 45 34
45 73 18
73 45 24
45 74 20
74 45 14
45 75 7
75 45 12
45 76 14
76 45 14
48 49 21
49 48 40
48 52 23
52 48 18
48 54 19
54 48 28
48 56 45
56 48 42
48 65 31
65 48 49
48 66 62
66 48 52
48 69 18
69 48 17
48 2 9
2 48 13
48 3 49
3 48 36
48 4 11
4 48 14
48 6 21
6 48 20
48 7 42
7 48 29
48 8 15
8 48 25
48 9 43
9 48 44
48 11 44
11 48 44
48 12 42
12 48 33
48 13 24
13 48 19
48 14 24
14 48 39
48 16 26
16 48 31
48 17 26
17 48 27
48 19 41
19 48 30
48 21 6
21 48 9
48 22 22
22 48 23
48 24 36
24 48 47
48 25 50
25 48 53
48 26 36
26 48 26
48 28 14
28 48 14
48 29 5
29 48 6
48 30 5
30 48 7
48 31 58
31 48 58
48 32 47
32 48 41
48 33 18
33 48 23
48 34 22
34 48 19
48 35 18
35 48 30
48 36 8
36 48 12
48 38 30
38 48 45
48 39 60
39 48 43
48 40 47
40 48 34
48 41 40
41 48 36
48 42 40
42 48 34
48 43 33
43 48 32
48 46 11
46 48 21
48 47 4
47 48 6
48 50 40
50 48 48
48 51 33
51 48 26
48 53 53
53 48 37
48 55 45
55 48 62
48 57 26
57 48 18
48 58 34
58 48 40
48 59 45
59 48 48
48 60 34
60 48 23
48 61 22
61 48 19
48 62 21
62 48 18
48 63 31
63 48 29
48 64 39
64 48 37
48 67 24
67 48 21
48 68 13
68 48 16
48 70 30
70 48 22
48 71 12
71 48 19
48 72 40
72 48 41
48 73 29
73 48 21
48 74 6
74 48 8
48 75 19
75 48 18
48 76 16
76 48 21
49 52 26
52 49 42
49 54 45
54 49 55
49 56 11
56 49 14
49 65 25
65 49 50
49 66 69
66 49 56
49 69 73
69 49 51
49 2 33
2 49 27
49 3 8
3 49 11
49 4 22
4 49 33
49 6 28
6 49 21
49 7 41
7 49 40
49 8 37
8 49 44
49 9 31
9 49 25
49 11 47
11 49 50
49 12 36
12 49 26
49 13 51
13 49 50
49 14 59
14 49 53
49 16 8
16 49 9
49 17 21
17 49 22
49 19 37
19 49 51
49 21 21
21 49 41
49 22 16
22 49 29
49 24 4
24 49 7
49 25 35
25 49 26
49 26 36
26 49 30
49 28 20
28 49 32
49 29 45
29 49 42
49 30 36
30 49 33
49 31 58
31 49 42
49 32 26
32 49 18
49 33 19
33 49 17
49 34 39
34 49 38
49 35 56
35 49 45
49 36 53
36 49 50
49 38 61
38 49 45
49 39 37
39 49 28
49 40 21
40 49 22
49 41 20
41 49 21
49 42 19
42 49 24
49 43 27
43 49 19
49 46 26
46 49 39
49 47 33
47 49 44
49 50 26
50 49 18
49 51 24
51 49 17
49 53 60
53 49 47
49 55 26
55 49 32
49 57 51
57 49 54
49 58 26
58 49 36
49 59 77
59 49 64
49 60 32
60 49 62
49 61 57
61 49 40
49 62 31
62 49 25
49 63 15
63 49 11
49 64 31
64 49 33
49 67 25
67 49 33
49 68 36
68 49 26
49 70 58
70 49 62
49 71 69
71 49 57
49 72 27
72 49 32
49 73 23
73 49 20
49 74 47
74 49 33
49 75 33
75 49 28
49 76 15
76 49 28
52 54 11
54 52 13
52 56 50
56 52 50
52 65 44
65 52 32
52 66 27
66 52 34
52 69 35
69 52 34
52 2 32
2 52 22
52 3 26
3 52 33
52 4 5
4 52 9
52 6 21
6 52 21
52 7 14
7 52 13
52 8 9
8 52 7
52 9 49
9 52 35
52 11 33
11 52 27
52 12 12
12 52 23
52 13 5
13 52 9
52 14 16
14 52 21
52 16 48
16 52 33
52 17 29
17 52 21
52 19 15
19 52 13
52 21 35
21 52 27
52 22 36
22 52 37
52 24 33
24 52 47
52 25 53
25 52 45
52 26 18
26 52 15
52 28 19
28 52 29
52 29 14
29 52 12
52 30 21
30 52 16
52 31 58
31 52 44
52 32 38
32 52 35
52 33 25
33 52 29
52 34 2
34 52 4
52 35 8
35 52 12
52 36 15
36 52 28
52 38 34
38 52 29
52 39 20
39 52 33
52 40 19
40 52 27
52 41 24
41 52 46
52 42 38
42 52 46
52 43 28
43 52 42
52 46 3
46 52 5
52 47 13
47 52 23
52 50 39
50 52 43
52 51 31
51 52 25
52 53 12
53 52 19
52 55 77
55 52 54
52 57 10
57 52 16
52 58 18
58 52 26
52 59 27
59 52 31
52 60 28
60 52 35
52 61 43
61 52 37
52 62 38
62 52 30
52 63 52
63 52 35
52 64 61
64 52 51
52 67 6
67 52 10
52 68 23
68 52 17
52 70 17
70 52 32
52 71 32
71 52 33
52 72 23
72 52 29
52 73 35
73 52 30
52 74 24
74 52 23
52 75 18
75 52 14
52 76 9
76 52 14
54 56 76
56 54 63
54 65 28
65 54 34
54 66 27
66 54 33
54 69 34
69 54 41
54 2 22
2 54 34
54 3 66
3 54 46
54 4 17
4 54 22
54 6 48
6 54 34
54 7 28
7 54 19
54 8 14
8 54 13
54 9 38
9 54 45
54 11 34
11 54 27
54 12 19
12 54 34
54 13 11
13 54 8
54 14 23
14 54 17
54 16 32
16 54 46
54 17 30
17 54 34
54 19 10
19 54 9
54 21 39
21 54 36
54 22 72
22 54 49
54 24 59
24 54 60
54 25 29
25 54 55
54 26 37
26 54 26
54 28 47
28 54 41
54 29 29
29 54 21
54 30 22
30 54 28
54 31 53
31 54 50
54 32 61
32 54 47
54 33 29
33 54 42
54 34 24
34 54 17
54 35 15
35 54 15
54 36 34
36 54 34
54 38 37
38 54 32
54 39 56
39 54 42
54 40 36
40 54 38
54 41 55
41 54 59
54 42 66
42 54 58
54 43 50
43 54 55
54 46 15
46 54 16
54 47 30
47 54 31
54 50 78
50 54 54
54 51 31
51 54 38
54 53 12
53 54 20
54 55 85
55 54 64
54 57 11
57 54 14
54 58 39
58 54 33
54 59 29
59 54 23
54 60 44
60 54 37
54 61 34
61 54 47
54 62 30
62 54 43
54 63 71
63 54 48
54 64 56
64 54 63
54 67 26
67 54 22
54 68 40
68 54 30
54 70 25
70 54 33
54 71 51
71 54 37
54 72 34
72 54 37
54 73 24
73 54 43
54 74 19
74 54 34
54 75 21
75 54 27
54 76 20
76 54 27
56 65 56
65 56 63
56 66 76
66 56 69
56 69 64
69 56 49
56 2 39
2 56 30
56 3 20
3 56 25
56 4 41
4 56 40
56 6 30
6 56 28
56 7 65
7 56 51
56 8 77
8 56 53
56 9 43
9 56 39
56 11 43
11 56 63
56 12 42
12 56 39
56 13 69
13 56 56
56 14 44
14 56 64
56 16 15
16 56 19
56 17 32
17 56 33
56 19 66
19 56 60
56 21 36
21 56 39
56 22 13
22 56 23
56 24 16
24 56 18
56 25 56
25 56 40
56 26 51
26 56 41
56 28 15
28 56 30
56 29 49
29 56 46
56 30 35
30 56 37
56 31 46
31 56 56
56 32 29
32 56 32
56 33 13
33 56 20
56 34 28
34 56 46
56 35 59
35 56 55
56 36 70
36 56 50
56 38 75
38 56 58
56 39 62
39 56 42
56 40 28
40 56 35
56 41 8
41 56 10
56 42 7
42 56 14
56 43 6
43 56 12
56 46 39
46 56 48
56 47 34
47 56 45
56 50 47
50 56 32
56 51 28
51 56 27
56 53 77
53 56 59
56 55 50
55 56 45
56 57 38
57 56 59
56 58 40
58 56 49
56 59 76
59 56 75
56 60 31
60 56 62
56 61 40
61 56 36
56 62 14
62 56 25
56 63 10
63 56 15
56 64 25
64 56 22
56 67 24
67 56 43
56 68 40
68 56 33
56 70 48
70 56 62
56 71 30
71 56 57
56 72 26
72 56 45
56 73 11
73 56 21
56 74 40
74 56 34
56 75 31
75 56 36
56 76 21
76 56 37
65 66 7
66 65 7
65 69 90
69 65 66
65 2 45
2 65 46
65 3 47
3 65 38
65 4 48
4 65 35
65 6 38
6 65 40
65 7 26
7 65 20
65 8 19
8 65 25
65 9 26
9 65 26
65 11 4
11 65 7
65 12 19
12 65 24
65 13 48
13 65 37
65 14 13
14 65 18
65 16 48
16 65 45
65 17 26
17 65 31
65 19 21
19 65 25
65 21 37
21 65 57
65 22 40
22 65 62
65 24 28
24 65 51
65 25 32
25 65 34
65 26 22
26 65 26
65 28 46
28 65 56
65 29 64
29 65 44
65 30 35
30 65 45
65 31 21
31 65 20
65 32 28
32 65 33
65 33 64
33 65 47
65 34 27
34 65 30
65 35 28
35 65 21
65 36 73
36 65 60
65 38 5
38 65 5
65 39 11
39 65 22
65 40 17
40 65 28
65 41 44
41 65 65
65 42 51
42 65 66
65 43 39
43 65 61
65 46 24
46 65 28
65 47 44
47 65 55
65 50 40
50 65 38
65 51 33
51 65 37
65 53 19
53 65 14
65 55 41
55 65 40
65 57 40
57 65 46
65 58 19
58 65 14
65 59 15
59 65 21
65 60 96
60 65 67
65 61 37
61 65 66
65 62 60
62 65 54
65 63 69
63 65 50
65 64 62
64 65 74
65 67 27
67 65 28
65 68 33
68 65 39
65 70 70
70 65 64
65 71 48
71 65 66
65 72 10
72 65 18
65 73 69
73 65 51
65 74 42
74 65 51
65 75 20
75 65 34
65 76 42
76 65 32
66 69 101
69 66 68
66 2 25
2 66 50
66 3 63
3 66 45
66 4 35
4 66 39
66 6 28
6 66 45
66 7 28
7 66 23
66 8 22
8 66 27
66 9 46
9 66 33
66 11 6
11 66 7
66 12 30
12 66 30
66 13 53
13 66 37
66 14 14
14 66 16
66 16 66
16 66 51
66 17 23
17 66 37
66 19 29
19 66 25
66 21 58
21 66 60
66 22 60
22 66 67
66 24 39
24 66 58
66 25 44
25 66 41
66 26 20
26 66 31
66 28 89
28 66 60
66 29 48
29 66 46
66 30 44
30 66 48
66 31 16
31 66 26
66 32 50
32 66 40
66 33 69
33 66 53
66 34 36
34 66 33
66 35 14
35 66 22
66 36 43
36 66 62
66 38 9
38 66 12
66 39 36
39 66 29
66 40 23
40 66 35
66 41 93
41 66 71
66 42 58
42 66 72
66 43 96
43 66 67
66 46 41
46 66 31
66 47 54
47 66 57
66 50 55
50 66 45
66 51 41
51 66 43
66 53 18
53 66 15
66 55 37
55 66 47
66 57 23
57 66 46
66 58 26
58 66 21
66 59 13
59 66 15
66 60 45
60 66 68
66 61 40
61 66 69
66 62 70
62 66 59
66 63 39
63 66 56
66 64 86
64 66 79
66 67 31
67 66 32
66 68 63
68 66 43
66 70 95
70 66 65
66 71 76
71 66 67
66 72 26
72 66 25
66 73 46
73 66 57
66 74 46
74 66 55
66 75 33
75 66 39
66 76 33
76 66 36
69 2 33
2 69 26
69 3 73
3 69 50
69 4 19
4 69 31
69 6 34
6 69 34
69 7 53
7 69 46
69 8 59
8 69 41
69 9 80
9 69 60
69 11 35
11 69 61
69 12 50
12 69 49
69 13 46
13 69 33
69 14 69
14 69 54
69 16 27
16 69 43
69 17 60
17 69 43
69 19 67
19 69 46
69 21 15
21 69 11
69 22 38
22 69 26
69 24 40
24 69 58
69 25 47
25 69 68
69 26 57
26 69 43
69 28 24
28 69 19
69 29 12
29 69 22
69 30 12
30 69 23
69 31 68
31 69 74
69 32 33
32 69 56
69 33 22
33 69 35
69 34 20
34 69 36
69 35 67
35 69 46
69 36 9
36 69 7
69 38 88
38 69 62
69 39 58
39 69 59
69 40 60
40 69 50
69 41 36
41 69 40
69 42 18
42 69 36
69 43 40
43 69 37
69 46 46
46 69 38
69 47 9
47 69 11
69 50 63
50 69 63
69 51 52
51 69 41
69 53 72
53 69 53
69 55 76
55 69 77
69 57 25
57 69 27
69 58 30
58 69 57
69 59 34
59 69 63
69 60 12
60 69 14
69 61 12
61 69 14
69 62 20
62 69 26
69 63 38
63 69 40
69 64 38
64 69 35
69 67 28
67 69 38
69 68 43
68 69 31
69 70 16
70 69 16
69 71 11
71 69 9
69 72 76
72 69 58
69 73 26
73 69 30
69 74 27
74 69 19
69 75 22
75 69 34
69 76 41
76 69 37
2 3 15
3 2 24
2 4 16
4 2 13
2 6 9
6 2 9
2 7 34
7 2 28
2 8 25
8 2 27
2 9 30
9 2 34
2 11 46
11 2 43
2 12 16
12 2 25
2 13 19
13 2 28
2 14 40
14 2 40
2 16 15
16 2 18
2 17 22
17 2 18
2 19 24
19 2 34
2 21 17
21 2 15
2 22 11
22 2 16
2 24 31
24 2 34
2 25 28
25 2 42
2 26 21
26 2 21
2 28 11
28 2 10
2 29 8
29 2 16
2 30 5
30 2 7
2 31 50
31 2 50
2 32 28
32 2 30
2 33 12
33 2 10
2 34 15
34 2 20
2 35 28
35 2 31
2 36 15
36 2 24
2 38 61
38 2 41
2 39 22
39 2 34
2 40 27
40 2 25
2 41 16
41 2 26
2 42 22
42 2 24
2 43 21
43 2 21
2 46 26
46 2 22
2 47 23
47 2 18
2 50 20
50 2 37
2 51 10
51 2 15
2 53 34
53 2 36
2 55 47
55 2 51
2 57 23
57 2 29
2 58 17
58 2 34
2 59 50
59 2 51
2 60 28
60 2 36
2 61 28
61 2 20
2 62 6
62 2 8
2 63 21
63 2 16
2 64 40
64 2 29
2 67 25
67 2 18
2 68 5
68 2 7
2 70 21
70 2 35
2 71 18
71 2 31
2 72 24
72 2 34
2 73 12
73 2 9
2 74 8
74 2 7
2 75 13
75 2 11
2 76 10
76 2 14
3 4 30
4 3 26
3 6 9
6 3 16
3 7 32
7 3 29
3 8 42
8 3 34
3 9 10
9 3 15
3 11 42
11 3 39
3 12 13
12 3 15
3 13 26
13 3 42
3 14 34
14 3 43
3 16 13
16 3 9
3 17 15
17 3 12
3 19 41
19 3 41
3 21 20
21 3 39
3 22 34
22 3 32
3 24 16
24 3 14
3 25 20
25 3 19
3 26 19
26 3 20
3 28 21
28 3 32
3 29 29
29 3 36
3 30 38
30 3 29
3 31 20
31 3 33
3 32 8
32 3 8
3 33 13
33 3 17
3 34 20
34 3 29
3 35 41
35 3 34
3 36 66
36 3 48
3 38 44
38 3 33
3 39 16
39 3 17
3 40 7
40 3 10
3 41 32
41 3 29
3 42 21
42 3 32
3 43 16
43 3 26
3 46 29
46 3 30
3 47 48
47 3 41
3 50 7
50 3 13
3 51 11
51 3 10
3 53 44
53 3 36
3 55 33
55 3 27
3 57 58
57 3 48
3 58 31
58 3 24
3 59 42
59 3 52
3 60 32
60 3 59
3 61 32
61 3 42
3 62 35
62 3 27
3 63 20
63 3 15
3 64 48
64 3 40
3 67 34
67 3 24
3 68 29
68 3 21
3 70 31
70 3 58
3 71 63
71 3 54
3 72 24
72 3 21
3 73 16
73 3 22
3 74 25
74 3 31
3 75 20
75 3 21
3 76 12
76 3 20
4 6 15
6 4 12
4 7 15
7 4 16
4 8 18
8 4 14
4 9 28
9 4 31
4 11 30
11 4 32
4 12 20
12 4 19
4 13 14
13 4 17
4 14 17
14 4 28
4 16 30
16 4 24
4 17 17
17 4 15
4 19 17
19 4 21
4 21 28
21 4 22
4 22 33
22 4 29
4 24 56
24 4 39
4 25 33
25 4 40
4 26 17
26 4 12
4 28 27
28 4 21
4 29 9
29 4 11
4 30 12
30 4 9
4 31 53
31 4 43
4 32 36
32 4 29
4 33 22
33 4 20
4 34 6
34 4 7
4 35 14
35 4 18
4 36 15
36 4 27
4 38 20
38 4 31
4 39 23
39 4 29
4 40 16
40 4 21
4 41 55
41 4 38
4 42 43
42 4 37
4 43 23
43 4 33
4 46 10
46 4 9
4 47 24
47 4 21
4 50 53
50 4 37
4 51 19
51 4 16
4 53 15
53 4 24
4 55 73
55 4 49
4 57 12
57 4 22
4 58 20
58 4 25
4 59 32
59 4 38
4 60 44
60 4 36
4 61 15
61 4 30
4 62 20
62 4 21
4 63 22
63 4 25
4 64 40
64 4 42
4 67 4
67 4 7
4 68 6
68 4 7
4 70 43
70 4 34
4 71 36
71 4 33
4 72 21
72 4 27
4 73 29
73 4 21
4 74 10
74 4 16
4 75 4
75 4 5
4 76 7
76 4 7
6 7 24
7 6 23
6 8 32
8 6 25
6 9 37
9 6 26
6 11 32
11 6 38
6 12 21
12 6 17
6 13 33
13 6 29
6 14 51
14 6 37
6 16 14
16 6 12
6 17 11
17 6 10
6 19 38
19 6 32
6 21 23
21 6 24
6 22 21
22 6 22
6 24 36
24 6 28
6 25 47
25 6 34
6 26 15
26 6 14
6 28 13
28 6 18
6 29 14
29 6 21
6 30 17
30 6 13
6 31 30
31 6 42
6 32 22
32 6 22
6 33 9
33 6 9
6 34 14
34 6 18
6 35 19
35 6 27
6 36 32
36 6 32
6 38 30
38 6 35
6 39 14
39 6 26
6 40 18
40 6 16
6 41 27
41 6 27
6 42 33
42 6 27
6 43 20
43 6 23
6 46 22
46 6 20
6 47 24
47 6 25
6 50 31
50 6 28
6 51 7
51 6 6
6 53 27
53 6 32
6 55 46
55 6 42
6 57 29
57 6 32
6 58 16
58 6 27
6 59 38
59 6 47
6 60 41
60 6 43
6 61 35
61 6 28
6 62 12
62 6 14
6 63 18
63 6 14
6 64 30
64 6 34
6 67 16
67 6 14
6 68 3
68 6 5
6 70 58
70 6 42
6 71 45
71 6 38
6 72 34
72 6 26
6 73 15
73 6 12
6 74 20
74 6 16
6 75 11
75 6 8
6 76 11
76 6 9
7 8 8
8 7 7
7 9 14
9 7 26
7 11 11
11 7 16
7 12 8
12 7 15
7 13 24
13 7 19
7 14 9
14 7 14
7 16 38
16 7 32
7 17 13
17 7 18
7 19 17
19 7 12
7 21 45
21 7 37
7 22 40
22 7 44
7 24 65
24 7 44
7 25 47
25 7 36
7 26 14
26 7 10
7 28 29
28 7 37
7 29 17
29 7 24
7 30 18
30 7 25
7 31 38
31 7 32
7 32 28
32 7 28
7 33 32
33 7 32
7 34 9
34 7 10
7 35 4
35 7 5
7 36 51
36 7 40
7 38 23
38 7 16
7 39 18
39 7 22
7 40 16
40 7 20
7 41 60
41 7 50
7 42 54
42 7 50
7 43 67
43 7 46
7 46 10
46 7 8
7 47 44
47 7 35
7 50 45
50 7 36
7 51 27
51 7 24
7 53 11
53 7 9
7 55 50
55 7 44
7 57 17
57 7 27
7 58 20
58 7 14
7 59 25
59 7 24
7 60 61
60 7 48
7 61 45
61 7 46
7 62 41
62 7 36
7 63 32
63 7 36
7 64 43
64 7 57
7 67 9
67 7 9
7 68 22
68 7 20
7 70 34
70 7 45
7 71 36
71 7 46
7 72 25
72 7 18
7 73 41
73 7 34
7 74 32
74 7 32
7 75 13
75 7 16
7 76 20
76 7 14
8 9 16
9 8 32
8 11 12
11 8 20
8 12 20
12 8 21
8 13 10
13 8 12
8 14 11
14 8 14
8 16 50
16 8 35
8 17 26
17 8 22
8 19 7
19 8 8
8 21 46
21 8 34
8 22 38
22 8 43
8 24 26
24 8 48
8 25 45
25 8 42
8 26 19
26 8 14
8 28 42
28 8 35
8 29 22
29 8 19
8 30 16
30 8 22
8 31 24
31 8 39
8 32 48
32 8 34
8 33 41
33 8 33
8 34 10
34 8 7
8 35 3
35 8 5
8 36 39
36 8 35
8 38 12
38 8 22
8 39 17
39 8 29
8 40 25
40 8 25
8 41 47
41 8 51
8 42 56
42 8 51
8 43 67
43 8 47
8 46 3
46 8 5
8 47 38
47 8 30
8 50 60
50 8 41
8 51 35
51 8 27
8 53 13
53 8 12
8 55 65
55 8 51
8 57 20
57 8 21
8 58 22
58 8 21
8 59 28
59 8 24
8 60 43
60 8 42
8 61 56
61 8 43
8 62 39
62 8 35
8 63 23
63 8 38
8 64 71
64 8 56
8 67 9
67 8 10
8 68 21
68 8 21
8 70 49
70 8 38
8 71 42
71 8 40
8 72 31
72 8 25
8 73 40
73 8 35
8 74 40
74 8 29
8 75 22
75 8 17
8 76 19
76 8 15
9 11 23
11 9 30
9 12 9
12 9 12
9 13 33
13 9 43
9 14 21
14 9 36
9 16 23
16 9 24
9 17 23
17 9 17
9 19 43
19 9 38
9 21 63
21 9 49
9 22 54
22 9 46
9 24 17
24 9 25
9 25 12
25 9 10
9 26 25
26 9 20
9 28 29
28 9 44
9 29 27
29 9 42
9 30 35
30 9 37
9 31 14
31 9 18
9 32 4
32 9 7
9 33 26
33 9 30
9 34 24
34 9 31
9 35 37
35 9 30
9 36 48
36 9 56
9 38 18
38 9 22
9 39 5
39 9 4
9 40 10
40 9 10
9 41 59
41 9 44
9 42 61
42 9 46
9 43 49
43 9 41
9 46 40
46 9 30
9 47 43
47 9 50
9 50 7
50 9 11
9 51 18
51 9 20
9 53 38
53 9 29
9 55 14
55 9 19
9 57 57
57 9 50
9 58 7
58 9 14
9 59 62
59 9 44
9 60 81
60 9 67
9 61 54
61 9 54
9 62 56
62 9 39
9 63 26
63 9 30
9 64 40
64 9 55
9 67 17
67 9 25
9 68 27
68 9 29
9 70 43
70 9 65
9 71 82
71 9 63
9 72 7
72 9 9
9 73 29
73 9 35
9 74 59
74 9 41
9 75 24
75 9 26
9 76 28
76 9 24
11 12 15
12 11 24
11 13 24
13 11 31
11 14 7
14 11 11
11 16 23
16 11 45
11 17 31
17 11 30
11 19 11
19 11 18
11 21 34
21 11 53
11 22 68
22 11 60
11 24 56
24 11 53
11 25 55
25 11 38
11 26 31
26 11 24
11 28 76
28 11 53
11 29 54
29 11 39
11 30 43
30 11 41
11 31 15
31 11 26
11 32 43
32 11 35
11 33 60
33 11 46
11 34 36
34 11 25
11 35 11
35 11 15
11 36 54
36 11 55
11 38 10
38 11 8
11 39 34
39 11 25
11 40 43
40 11 29
11 41 56
41 11 64
11 42 66
42 11 65
11 43 40
43 11 60
11 46 21
46 11 23
11 47 38
47 11 50
11 50 60
50 11 41
11 51 24
51 11 36
11 53 5
53 11 8
11 55 58
55 11 45
11 57 35
57 11 39
11 58 15
58 11 16
11 59 17
59 11 15
11 60 58
60 11 62
11 61 83
61 11 62
11 62 71
62 11 51
11 63 64
63 11 49
11 64 68
64 11 72
11 67 34
67 11 25
11 68 39
68 11 36
11 70 32
70 11 58
11 71 73
71 11 60
11 72 24
72 11 21
11 73 50
73 11 50
11 74 27
74 11 47
11 75 18
75 11 32
11 76 40
76 11 29
12 13 17
13 12 31
12 14 38
14 12 28
12 16 21
16 12 21
12 17 7
17 12 7
12 19 19
19 12 27
12 21 35
21 12 39
12 22 54
22 12 39
12 24 27
24 12 29
12 25 22
25 12 22
12 26 11
26 12 8
12 28 30
28 12 35
12 29 38
29 12 30
12 30 30
30 12 26
12 31 30
31 12 25
12 32 16
32 12 13
12 33 13
33 12 24
12 34 24
34 12 19
12 35 18
35 12 20
12 36 24
36 12 45
12 38 24
38 12 19
12 39 9
39 12 10
12 40 3
40 12 5
12 41 57
41 12 41
12 42 43
42 12 42
12 43 33
43 12 37
12 46 16
46 12 18
12 47 21
47 12 39
12 50 15
50 12 21
12 51 11
51 12 13
12 53 12
53 12 21
12 55 17
55 12 31
12 57 55
57 12 38
12 58 7
58 12 10
12 59 23
59 12 37
12 60 65
60 12 55
12 61 42
61 12 45
12 62 17
62 12 31
12 63 26
63 12 26
12 64 46
64 12 50
12 67 16
67 12 13
12 68 15
68 12 18
12 70 34
70 12 53
12 71 29
71 12 52
12 72 11
72 12 9
12 73 36
73 12 28
12 74 31
74 12 31
12 75 11
75 12 15
12 76 7
76 12 12
13 14 19
14 13 22
13 16 23
16 13 41
13 17 30
17 13 30
13 19 9
19 13 13
13 21 22
21 13 28
13 22 61
22 13 42
13 24 44
24 13 56
13 25 48
25 13 54
13 26 14
26 13 24
13 28 43
28 13 33
13 29 16
29 13 13
13 30 19
30 13 21
13 31 57
31 13 51
13 32 57
32 13 44
13 33 40
33 13 36
13 34 9
34 13 13
13 35 18
35 13 17
13 36 33
36 13 26
13 38 40
38 13 34
13 39 34
39 13 41
13 40 48
40 13 35
13 41 50
41 13 53
13 42 75
42 13 51
13 43 73
43 13 49
13 46 12
46 13 13
13 47 28
47 13 23
13 50 74
50 13 51
13 51 28
51 13 33
13 53 32
53 13 23
13 55 85
55 13 63
13 57 9
57 13 9
13 58 48
58 13 33
13 59 24
59 13 30
13 60 43
60 13 31
13 61 19
61 13 38
13 62 43
62 13 35
13 63 62
63 13 42
13 64 50
64 13 56
13 67 25
67 13 18
13 68 28
68 13 24
13 70 39
70 13 27
13 71 41
71 13 30
13 72 39
72 13 37
13 73 31
73 13 37
13 74 30
74 13 26
13 75 28
75 13 22
13 76 19
76 13 23
14 16 23
16 14 46
14 17 23
17 14 32
14 19 8
19 14 9
14 21 51
21 14 48
14 22 59
22 14 57
14 24 49
24 14 57
14 25 47
25 14 46
14 26 14
26 14 24
14 28 59
28 14 49
14 29 18
29 14 33
14 30 39
30 14 36
14 31 51
31 14 36
14 32 42
32 14 40
14 33 50
33 14 46
14 34 17
34 14 21
14 35 10
35 14 10
14 36 38
36 14 48
14 38 16
38 14 17
14 39 37
39 14 32
14 40 31
40 14 33
14 41 57
41 14 64
14 42 68
42 14 64
14 43 65
43 14 60
14 46 25
46 14 19
14 47 39
47 14 44
14 50 53
50 14 47
14 51 52
51 14 38
14 53 5
53 14 7
14 55 68
55 14 54
14 57 38
57 14 30
14 58 23
58 14 22
14 59 11
59 14 11
14 60 57
60 14 53
14 61 57
61 14 57
14 62 33
62 14 49
14 63 29
63 14 50
14 64 82
64 14 70
14 67 22
67 14 23
14 68 50
68 14 34
14 70 38
70 14 49
14 71 37
71 14 52
14 72 33
72 14 27
14 73 64
73 14 48
14 74 55
74 14 43
14 75 43
75 14 30
14 76 30
76 14 28
16 17 16
17 16 14
16 19 32
19 16 43
16 21 44
21 16 33
16 22 25
22 16 24
16 24 16
24 16 16
16 25 38
25 16 28
16 26 19
26 16 22
16 28 24
28 16 24
16 29 30
29 16 33
16 30 13
30 16 24
16 31 48
31 16 41
16 32 22
32 16 17
16 33 11
33 16 9
16 34 32
34 16 29
16 35 38
35 16 37
16 36 31
36 16 42
16 38 44
38 16 40
16 39 17
39 16 26
16 40 18
40 16 17
16 41 11
41 16 21
16 42 17
42 16 23
16 43 9
43 16 18
16 46 38
46 16 31
16 47 40
47 16 36
16 50 26
50 16 21
16 51 13
51 16 9
16 53 45
53 16 40
16 55 43
55 16 36
16 57 53
57 16 45
16 58 40
58 16 31
16 59 48
59 16 56
16 60 68
60 16 54
16 61 20
61 16 34
16 62 11
62 16 18
16 63 7
63 16 6
16 64 37
64 16 31
16 67 19
67 16 25
16 68 13
68 16 17
16 70 71
70 16 53
16 71 57
71 16 49
16 72 16
72 16 28
16 73 13
73 16 13
16 74 22
74 16 25
16 75 17
75 16 19
16 76 19
76 16 19
17 19 32
19 17 29
17 21 49
21 17 33
17 22 16
22 17 32
17 24 30
24 17 26
17 25 19
25 17 26
17 26 6
26 17 8
17 28 28
28 17 28
17 29 35
29 17 26
17 30 29
30 17 21
17 31 24
31 17 32
17 32 10
32 17 14
17 33 24
33 17 17
17 34 16
34 17 17
17 35 20
35 17 23
17 36 25
36 17 40
17 38 19
38 17 26
17 39 9
39 17 16
17 40 6
40 17 7
17 41 49
41 17 34
17 42 34
42 17 35
17 43 39
43 17 30
17 46 15
46 17 18
17 47 33
47 17 34
17 50 32
50 17 22
17 51 4
51 17 6
17 53 29
53 17 26
17 55 51
55 17 35
17 57 31
57 17 36
17 58 25
58 17 17
17 59 37
59 17 42
17 60 32
60 17 50
17 61 24
61 17 38
17 62 27
62 17 24
17 63 10
63 17 19
17 64 25
64 17 43
17 67 12
67 17 12
17 68 7
68 17 12
17 70 72
70 17 49
17 71 23
71 17 46
17 72 14
72 17 16
17 73 18
73 17 21
17 74 33
74 17 25
17 75 9
75 17 10
17 76 6
76 17 8
19 21 51
21 19 39
19 22 54
22 19 50
19 24 55
24 19 55
19 25 68
25 19 48
19 26 31
26 19 21
19 28 57
28 19 42
19 29 13
29 19 24
19 30 32
30 19 29
19 31 37
31 19 42
19 32 27
32 19 40
19 33 26
33 19 41
19 34 15
34 19 14
19 35 9
35 19 7
19 36 42
36 19 39
19 38 18
38 19 23
19 39 18
39 19 34
19 40 37
40 19 32
19 41 77
41 19 58
19 42 43
42 19 58
19 43 36
43 19 54
19 46 14
46 19 13
19 47 19
47 19 35
19 50 32
50 19 47
19 51 21
51 19 34
19 53 11
53 19 11
19 55 52
55 19 56
19 57 11
57 19 21
19 58 17
58 19 25
19 59 26
59 19 18
19 60 51
60 19 44
19 61 40
61 19 49
19 62 33
62 19 42
19 63 46
63 19 46
19 64 84
64 19 63
19 67 24
67 19 18
19 68 38
68 19 28
19 70 32
70 19 40
19 71 23
71 19 43
19 72 19
72 19 29
19 73 40
73 19 42
19 74 19
74 19 36
19 75 22
75 19 24
19 76 27
76 19 23
21 22 17
22 21 18
21 24 43
24 21 48
21 25 57
25 21 58
21 26 24
26 21 33
21 28 13
28 21 9
21 29 22
29 21 15
21 30 12
30 21 13
21 31 90
31 21 64
21 32 46
32 21 46
21 33 16
33 21 24
21 34 38
34 21 28
21 35 22
35 21 39
21 36 10
36 21 10
21 38 37
38 21 53
21 39 69
39 21 49
21 40 56
40 21 40
21 41 38
41 21 32
21 42 39
42 21 29
21 43 32
43 21 28
21 46 41
46 21 30
21 47 8
47 21 6
21 50 53
50 21 52
21 51 40
51 21 30
21 53 39
53 21 45
21 55 39
55 21 66
21 57 29
57 21 25
21 58 31
58 21 47
21 59 70
59 21 57
21 60 31
60 21 22
21 61 8
61 21 11
21 62 15
62 21 15
21 63 29
63 21 29
21 64 18
64 21 30
21 67 16
67 21 29
21 68 16
68 21 21
21 70 14
70 21 22
21 71 10
71 21 17
21 72 41
72 21 48
21 73 26
73 21 20
21 74 5
74 21 8
21 75 24
75 21 24
21 76 34
76 21 27
22 24 46
24 22 36
22 25 68
25 22 52
22 26 25
26 22 36
22 28 12
28 22 9
22 29 17
29 22 29
22 30 12
30 22 21
22 31 67
31 22 63
22 32 30
32 22 40
22 33 14
33 22 16
22 34 42
34 22 36
22 35 68
35 22 47
22 36 40
36 22 28
22 38 33
38 22 57
22 39 59
39 22 47
22 40 31
40 22 37
22 41 9
41 22 15
22 42 6
42 22 11
22 43 15
43 22 12
22 46 45
46 22 38
22 47 27
47 22 24
22 50 55
50 22 44
22 51 36
51 22 26
22 53 67
53 22 53
22 55 65
55 22 59
22 57 25
57 22 41
22 58 73
58 22 49
22 59 87
59 22 67
22 60 30
60 22 39
22 61 14
61 22 12
22 62 9
62 22 8
22 63 13
63 22 18
22 64 8
64 22 14
22 67 32
67 22 35
22 68 31
68 22 23
22 70 49
70 22 40
22 71 37
71 22 34
22 72 62
72 22 48
22 73 14
73 22 11
22 74 10
74 22 15
22 75 33
75 22 27
22 76 37
76 22 30
24 25 23
25 24 23
24 26 33
26 24 34
24 28 38
28 24 39
24 29 57
29 24 48
24 30 44
30 24 40
24 31 59
31 24 41
24 32 18
32 24 18
24 33 18
33 24 24
24 34 63
34 24 43
24 35 38
35 24 49
24 36 58
36 24 57
24 38 44
38 24 46
24 39 18
39 24 29
24 40 19
40 24 24
24 41 25
41 24 26
24 42 17
42 24 30
24 43 32
43 24 26
24 46 50
46 24 44
24 47 72
47 24 51
24 50 17
50 24 15
24 51 32
51 24 22
24 53 45
53 24 50
24 55 28
55 24 27
24 57 82
57 24 60
24 58 33
58 24 37
24 59 50
59 24 66
24 60 79
60 24 69
24 61 53
61 24 47
24 62 33
62 24 32
24 63 21
63 24 18
24 64 34
64 24 38
24 67 42
67 24 38
24 68 26
68 24 33
24 70 101
70 24 68
24 71 36
71 24 64
24 72 44
72 24 33
24 73 29
73 24 27
24 74 49
74 24 40
24 75 23
75 24 33
24 76 47
76 24 33
25 26 40
26 25 30
25 28 36
28 25 51
25 29 27
29 25 52
25 30 28
30 25 46
25 31 22
31 25 18
25 32 13
32 25 12
25 33 28
33 25 36
25 34 23
34 25 41
25 35 59
35 25 40
25 36 73
36 25 65
25 38 17
38 25 30
25 39 10
39 25 14
25 40 27
40 25 19
25 41 67
41 25 47
25 42 35
42 25 50
25 43 51
43 25 45
25 46 50
46 25 40
25 47 42
47 25 59
25 50 6
50 25 8
25 51 40
51 25 28
25 53 57
53 25 39
25 55 13
55 25 9
25 57 83
57 25 60
25 58 34
58 25 23
25 59 52
59 25 53
25 60 55
60 25 76
25 61 63
61 25 61
25 62 34
62 25 45
25 63 33
63 25 34
25 64 66
64 25 59
25 67 53
67 25 36
25 68 50
68 25 37
25 70 73
70 25 74
25 71 69
71 25 72
25 72 15
72 25 18
25 73 24
73 25 41
25 74 33
74 25 50
25 75 29
75 25 35
25 76 18
76 25 33
26 28 26
28 26 31
26 29 31
29 26 23
26 30 13
30 26 20
26 31 24
31 26 32
26 32 25
32 26 20
26 33 21
33 26 23
26 34 16
34 26 11
26 35 9
35 26 15
26 36 41
36 26 38
26 38 22
38 26 21
26 39 14
39 26 18
26 40 8
40 26 12
26 41 34
41 26 41
26 42 36
42 26 41
26 43 51
43 26 37
26 46 16
46 26 11
26 47 40
47 26 32
26 50 18
50 26 28
26 51 7
51 26 14
26 53 26
53 26 18
26 55 49
55 26 39
26 57 24
57 26 30
26 58 14
58 26 14
26 59 43
59 26 34
26 60 42
60 26 48
26 61 49
61 26 40
26 62 22
62 26 28
26 63 26
63 26 26
26 64 27
64 26 49
26 67 3
67 26 6
26 68 17
68 26 13
26 70 31
70 26 45
26 71 48
71 26 45
26 72 19
72 26 15
26 73 17
73 26 26
26 74 23
74 26 26
26 75 13
75 26 9
26 76 3
76 26 6
28 29 29
29 28 20
28 30 19
30 28 13
28 31 48
31 28 60
28 32 43
32 28 39
28 33 11
33 28 16
28 34 29
34 28 28
28 35 56
35 28 39
28 36 12
36 28 20
28 38 47
38 28 51
28 39 35
39 28 44
28 40 41
40 28 34
28 41 28
41 28 23
28 42 28
42 28 20
28 43 11
43 28 19
28 46 26
46 28 30
28 47 21
47 28 15
28 50 54
50 28 45
28 51 27
51 28 24
28 53 47
53 28 46
28 55 82
55 28 60
28 57 46
57 28 32
28 58 33
58 28 44
28 59 43
59 28 59
28 60 27
60 28 31
28 61 12
61 28 10
28 62 5
62 28 6
28 63 15
63 28 20
28 64 14
64 28 23
28 67 30
67 28 28
28 68 15
68 28 17
28 70 24
70 28 32
28 71 35
71 28 26
28 72 28
72 28 44
28 73 8
73 28 11
28 74 6
74 28 6
28 75 20
75 28 21
28 76 21
76 28 24
29 30 12
30 29 9
29 31 35
31 29 54
29 32 22
32 29 40
29 33 34
33 29 26
29 34 12
34 29 14
29 35 16
35 29 24
29 36 19
36 29 16
29 38 46
38 29 40
29 39 43
39 29 40
29 40 47
40 29 33
29 41 38
41 29 41
29 42 38
42 29 39
29 43 33
43 29 37
29 46 16
46 29 16
29 47 12
47 29 11
29 50 28
50 29 48
29 51 15
51 29 26
29 53 24
53 29 31
29 55 51
55 29 61
29 57 12
57 29 13
29 58 43
58 29 36
29 59 43
59 29 42
29 60 25
60 29 25
29 61 26
61 29 25
29 62 33
62 29 23
29 63 39
63 29 32
29 64 63
64 29 43
29 67 17
67 29 17
29 68 8
68 29 16
29 70 16
70 29 23
29 71 26
71 29 22
29 72 27
72 29 38
29 73 23
73 29 25
29 74 9
74 29 13
29 75 11
75 29 16
29 76 12
76 29 18
30 31 72
31 30 51
30 32 20
32 30 34
30 33 10
33 30 17
30 34 9
34 30 16
30 35 25
35 30 27
30 36 28
36 30 19
30 38 45
38 30 40
30 39 33
39 30 36
30 40 25
40 30 27
30 41 20
41 30 32
30 42 43
42 30 30
30 43 22
43 30 28
30 46 9
46 30 18
30 47 14
47 30 13
30 50 53
50 30 41
30 51 24
51 30 19
30 53 23
53 30 33
30 55 34
55 30 55
30 57 26
57 30 22
30 58 23
58 30 34
30 59 33
59 30 47
30 60 27
60 30 30
30 61 26
61 30 21
30 62 13
62 30 14
30 63 31
63 30 23
30 64 31
64 30 35
30 67 22
67 30 16
30 68 13
68 30 9
30 70 32
70 30 29
30 71 23
71 30 26
30 72 41
72 30 35
30 73 12
73 30 16
30 74 4
74 30 7
30 75 16
75 30 11
30 76 18
76 30 14
31 32 21
32 31 25
31 33 28
33 31 47
31 34 35
34 31 41
31 35 48
35 31 35
31 36 38
36 31 70
31 38 26
38 31 19
31 39 19
39 31 16
31 40 25
40 31 26
31 41 77
41 31 62
31 42 87
42 31 64
31 43 79
43 31 59
31 46 56
46 31 39
31 47 73
47 31 64
31 50 33
50 31 26
31 51 27
51 31 37
31 53 21
53 31 31
31 55 17
55 31 22
31 57 30
57 31 60
31 58 17
58 31 18
31 59 52
59 31 41
31 60 105
60 31 79
31 61 69
61 31 70
31 62 57
62 31 56
31 63 64
63 31 47
31 64 66
64 31 72
31 67 44
67 31 37
31 68 39
68 31 44
31 70 63
70 31 76
31 71 94
71 31 76
31 72 9
72 31 16
31 73 53
73 31 52
31 74 83
74 31 56
31 75 56
75 31 40
31 76 37
76 31 37
32 33 14
33 32 24
32 34 35
34 32 31
32 35 25
35 32 33
32 36 73
36 32 54
32 38 16
38 32 28
32 39 11
39 32 11
32 40 9
40 32 9
32 41 37
41 32 37
32 42 24
42 32 40
32 43 20
43 32 35
32 46 21
46 32 31
32 47 61
47 32 47
32 50 10
50 32 8
32 51 15
51 32 16
32 53 25
53 32 33
32 55 17
55 32 21
32 57 42
57 32 50
32 58 11
58 32 19
32 59 38
59 32 49
32 60 38
60 32 64
32 61 29
61 32 49
32 62 44
62 32 34
32 63 12
63 32 23
32 64 47
64 32 48
32 67 23
67 32 25
32 68 19
68 32 26
32 70 85
70 32 63
32 71 50
71 32 60
32 72 16
72 32 15
32 73 39
73 32 29
32 74 28
74 32 38
32 75 26
75 32 24
32 76 21
76 32 22
33 34 19
34 33 26
33 35 48
35 33 36
33 36 32
36 33 34
33 38 30
38 33 43
33 39 31
39 33 31
33 40 19
40 33 21
33 41 9
41 33 18
33 42 16
42 33 19
33 43 17
43 33 14
33 46 41
46 33 28
33 47 26
47 33 28
33 50 25
50 33 29
33 51 12
51 33 10
33 53 33
53 33 40
33 55 37
55 33 44
33 57 57
57 33 39
33 58 30
58 33 34
33 59 39
59 33 56
33 60 40
60 33 45
33 61 30
61 33 25
33 62 13
62 33 10
33 63 4
63 33 6
33 64 14
64 33 26
33 67 25
67 33 23
33 68 16
68 33 13
33 70 27
70 33 45
33 71 29
71 33 41
33 72 16
72 33 32
33 73 4
73 33 5
33 74 20
74 33 17
33 75 19
75 33 16
33 76 19
76 33 18
34 35 15
35 34 11
34 36 28
36 34 30
34 38 13
38 34 26
34 39 26
39 34 28
34 40 22
40 34 22
34 41 34
41 34 44
34 42 49
42 34 44
34 43 46
43 34 40
34 46 2
46 34 2
34 47 29
47 34 25
34 50 20
50 34 38
34 51 28
51 34 21
34 53 17
53 34 18
34 55 37
55 34 50
34 57 11
57 34 20
34 58 20
58 34 22
34 59 39
59 34 31
34 60 44
60 34 39
34 61 46
61 34 37
34 62 33
62 34 28
34 63 32
63 34 32
34 64 25
64 34 49
34 67 3
67 34 5
34 68 7
68 34 14
34 70 38
70 34 36
34 71 29
71 34 36
34 72 14
72 34 25
34 73 25
73 34 28
34 74 21
74 34 22
34 75 11
75 34 10
34 76 10
76 34 10
35 36 32
36 35 40
35 38 16
38 35 18
35 39 33
39 35 27
35 40 20
40 35 25
35 41 45
41 35 54
35 42 29
42 35 54
35 43 70
43 35 50
35 46 9
46 35 9
35 47 45
47 35 35
35 50 29
50 35 40
35 51 17
51 35 28
35 53 10
53 35 7
35 55 50
55 35 49
35 57 24
57 35 25
35 58 12
58 35 18
35 59 17
59 35 21
35 60 24
60 35 47
35 61 44
61 35 48
35 62 56
62 35 39
35 63 52
63 35 40
35 64 47
64 35 60
35 67 9
67 35 13
35 68 25
68 35 24
35 70 59
70 35 43
35 71 48
71 35 45
35 72 28
72 35 22
35 73 27
73 35 38
35 74 27
74 35 34
35 75 12
75 35 20
35 76 12
76 35 18
36 38 30
38 36 56
36 39 57
39 36 55
36 40 32
40 36 47
36 41 40
41 36 43
36 42 36
42 36 39
36 43 54
43 36 39
36 46 24
46 36 32
36 47 4
47 36 6
36 50 87
50 36 60
36 51 22
51 36 38
36 53 36
53 36 47
36 55 89
55 36 74
36 57 29
57 36 20
36 58 36
58 36 52
36 59 39
59 36 56
36 60 15
60 36 12
36 61 26
61 36 18
36 62 33
62 36 26
36 63 42
63 36 39
36 64 55
64 36 39
36 67 41
67 36 33
36 68 40
68 36 28
36 70 16
70 36 12
36 71 5
71 36 7
36 72 69
72 36 53
36 73 42
73 36 30
36 74 9
74 36 17
36 75 36
75 36 30
36 76 29
76 36 33
38 39 11
39 38 18
38 40 28
40 38 23
38 41 43
41 38 60
38 42 53
42 38 61
38 43 69
43 38 56
38 46 20
46 38 24
38 47 36
47 38 51
38 50 40
50 38 34
38 51 35
51 38 32
38 53 8
53 38 12
38 55 51
55 38 37
38 57 50
57 38 43
38 58 8
58 38 9
38 59 18
59 38 23
38 60 53
60 38 64
38 61 40
61 38 61
38 62 51
62 38 49
38 63 33
63 38 45
38 64 95
64 38 69
38 67 34
67 38 24
38 68 22
68 38 34
38 70 83
70 38 61
38 71 78
71 38 62
38 72 8
72 38 13
38 73 24
73 38 47
38 74 64
74 38 47
38 75 26
75 38 30
38 76 29
76 38 27
39 40 11
40 39 10
39 41 35
41 39 47
39 42 50
42 39 48
39 43 47
43 39 43
39 46 27
46 39 28
39 47 66
47 39 49
39 50 13
50 39 16
39 51 22
51 39 21
39 53 27
53 39 25
39 55 18
55 39 22
39 57 51
57 39 48
39 58 7
58 39 10
39 59 30
59 39 40
39 60 69
60 39 66
39 61 70
61 39 54
39 62 47
62 39 40
39 63 24
63 39 32
39 64 74
64 39 57
39 67 17
67 39 23
39 68 40
68 39 28
39 70 61
70 39 63
39 71 48
71 39 62
39 72 4
72 39 5
39 73 45
73 39 36
39 74 23
74 39 41
39 75 32
75 39 25
39 76 15
76 39 22
40 41 56
41 40 38
40 42 48
42 40 39
40 43 28
43 40 34
40 46 19
46 40 22
40 47 54
47 40 40
40 50 21
50 40 16
40 51 9
51 40 11
40 53 26
53 40 26
40 55 36
55 40 28
40 57 25
57 40 42
40 58 12
58 40 14
40 59 24
59 40 42
40 60 47
60 40 57
40 61 24
61 40 44
40 62 26
62 40 30
40 63 26
63 40 22
40 64 30
64 40 47
40 67 14
67 40 17
40 68 27
68 40 19
40 70 49
70 40 55
40 71 66
71 40 53
40 72 14
72 40 11
40 73 38
73 40 26
40 74 38
74 40 32
40 75 8
75 40 16
40 76 11
76 40 14
41 42 5
42 41 4
41 43 2
43 41 4
41 46 30
46 41 46
41 47 44
47 41 38
41 50 47
50 41 39
41 51 25
51 41 28
41 53 66
53 41 58
41 55 72
55 41 53
41 57 79
57 41 54
41 58 71
58 41 51
41 59 83
59 41 74
41 60 44
60 41 54
41 61 30
61 41 26
41 62 15
62 41 18
41 63 22
63 41 15
41 64 14
64 41 12
41 67 61
67 41 41
41 68 28
68 41 30
41 70 54
70 41 55
41 71 52
71 41 49
41 72 62
72 41 49
41 73 20
73 41 16
41 74 41
74 41 28
41 75 42
75 41 34
41 76 40
76 41 36
42 43 3
43 42 5
42 46 23
46 42 46
42 47 18
47 42 35
42 50 30
50 42 42
42 51 35
51 42 29
42 53 76
53 42 59
42 55 48
55 42 56
42 57 30
57 42 52
42 58 74
58 42 52
42 59 79
59 42 74
42 60 37
60 42 50
42 61 21
61 42 22
42 62 20
62 42 16
42 63 15
63 42 17
42 64 13
64 42 9
42 67 31
67 42 41
42 68 20
68 42 30
42 70 64
70 42 51
42 71 57
71 42 45
42 72 54
72 42 50
42 73 19
73 42 16
42 74 31
74 42 26
42 75 42
75 42 34
42 76 21
76 42 36
43 46 27
46 43 42
43 47 24
47 43 34
43 50 20
50 43 37
43 51 27
51 43 24
43 53 67
53 43 54
43 55 70
55 43 51
43 57 62
57 43 50
43 58 69
58 43 48
43 59 66
59 43 70
43 60 69
60 43 50
43 61 22
61 43 24
43 62 20
62 43 14
43 63 6
63 43 12
43 64 8
64 43 14
43 67 34
67 43 37
43 68 26
68 43 26
43 70 73
70 43 51
43 71 38
71 43 45
43 72 24
72 43 45
43 73 7
73 43 12
43 74 27
74 43 24
43 75 44
75 43 30
43 76 45
76 43 32
46 47 28
47 46 27
46 50 56
50 46 39
46 51 25
51 46 22
46 53 21
53 46 16
46 55 55
55 46 50
46 57 30
57 46 21
46 58 27
58 46 21
46 59 33
59 46 29
46 60 41
60 46 40
46 61 36
61 46 39
46 62 18
62 46 30
46 63 33
63 46 33
46 64 39
64 46 51
46 67 7
67 46 6
46 68 16
68 46 16
46 70 24
70 46 37
46 71 49
71 46 38
46 72 26
72 46 24
46 73 17
73 46 30
46 74 19
74 46 25
46 75 16
75 46 12
46 76 14
76 46 11
47 50 72
50 47 54
47 51 24
51 47 32
47 53 44
53 47 42
47 55 67
55 47 68
47 57 17
57 47 19
47 58 49
58 47 46
47 59 78
59 47 53
47 60 13
60 47 18
47 61 18
61 47 17
47 62 11
62 47 21
47 63 49
63 47 34
47 64 26
64 47 36
47 67 27
67 47 27
47 68 30
68 47 22
47 70 14
70 47 17
47 71 9
71 47 13
47 72 53
72 47 47
47 73 28
73 47 25
47 74 9
74 47 11
47 75 17
75 47 24
47 76 16
76 47 27
50 51 32
51 50 22
50 53 46
53 50 40
50 55 22
55 50 15
50 57 36
57 50 58
50 58 19
58 50 25
50 59 80
59 50 55
50 60 103
60 50 71
50 61 78
61 50 54
50 62 38
62 50 39
50 63 23
63 50 26
50 64 43
64 50 51
50 67 41
67 50 33
50 68 31
68 50 33
50 70 40
70 50 70
50 71 90
71 50 67
50 72 12
72 50 20
50 73 40
73 50 34
50 74 57
74 50 44
50 75 46
75 50 31
50 76 23
76 50 30
51 53 40
53 51 32
51 55 37
55 51 36
51 57 39
57 51 38
51 58 26
58 51 24
51 59 46
59 51 48
51 60 35
60 51 49
51 61 17
61 51 34
51 62 16
62 51 19
51 63 9
63 51 13
51 64 20
64 51 37
51 67 15
67 51 16
51 68 13
68 51 11
51 70 32
70 51 48
51 71 58
71 51 45
51 72 18
72 51 22
51 73 18
73 51 15
51 74 29
74 51 22
51 75 15
75 51 11
51 76 10
76 51 11
53 55 47
55 53 47
53 57 32
57 53 32
53 58 9
58 53 15
53 59 19
59 53 17
53 60 46
60 53 54
53 61 79
61 53 54
53 62 34
62 53 45
53 63 41
63 53 44
53 64 87
64 53 66
53 67 12
67 53 18
53 68 37
68 53 29
53 70 71
70 53 50
53 71 44
71 53 52
53 72 22
72 53 20
53 73 62
73 53 43
53 74 25
74 53 40
53 75 33
75 53 25
53 76 32
76 53 23
55 57 76
57 55 70
55 58 44
58 55 32
55 59 69
59 55 60
55 60 67
60 55 85
55 61 47
61 55 69
55 62 63
62 55 54
55 63 48
63 55 41
55 64 38
64 55 65
55 67 34
67 55 45
55 68 29
68 55 46
55 70 106
70 55 84
55 71 46
71 55 81
55 72 20
72 55 27
55 73 40
73 55 49
55 74 36
74 55 58
55 75 28
75 55 45
55 76 32
76 55 42
57 58 48
58 57 41
57 59 30
59 57 37
57 60 32
60 57 23
57 61 41
61 57 36
57 62 44
62 57 36
57 63 27
63 57 45
57 64 58
64 57 55
57 67 24
67 57 25
57 68 34
68 57 28
57 70 15
70 57 19
57 71 33
71 57 23
57 72 37
72 57 45
57 73 48
73 57 38
57 74 16
74 57 26
57 75 38
75 57 27
57 76 29
76 57 28
58 59 34
59 58 30
58 60 64
60 58 61
58 61 57
61 58 54
58 62 33
62 58 41
58 63 51
63 58 36
58 64 39
64 58 60
58 67 10
67 58 19
58 68 36
68 58 27
58 70 58
70 58 58
58 71 54
71 58 58
58 72 7
72 58 5
58 73 51
73 58 38
58 74 30
74 58 40
58 75 25
75 58 23
58 76 21
76 58 20
59 60 55
60 59 60
59 61 63
61 59 67
59 62 69
62 59 59
59 63 62
63 59 60
59 64 40
64 59 80
59 67 46
67 59 33
59 68 38
68 59 44
59 70 72
70 59 56
59 71 35
71 59 60
59 72 31
72 59 35
59 73 64
73 59 58
59 74 37
74 59 53
59 75 54
75 59 40
59 76 53
76 59 38
60 61 27
61 60 28
60 62 29
62 60 38
60 63 26
63 60 51
60 64 70
64 60 49
60 67 30
67 60 42
60 68 40
68 60 39
60 70 2
70 60 4
60 71 7
71 60 5
60 72 78
72 60 63
60 73 51
73 60 42
60 74 35
74 60 29
60 75 58
75 60 41
60 76 62
76 60 43
61 62 11
62 61 15
61 63 21
63 61 29
61 64 19
64 61 21
61 67 40
67 61 37
61 68 35
68 61 27
61 70 17
70 61 30
61 71 12
71 61 23
61 72 51
72 61 54
61 73 27
73 61 20
61 74 10
74 61 15
61 75 42
75 61 31
61 76 37
76 61 34
62 63 15
63 62 14
62 64 28
64 62 21
62 67 17
67 62 27
62 68 16
68 62 15
62 70 53
70 62 38
62 71 23
71 62 33
62 72 27
72 62 40
62 73 6
73 62 5
62 74 8
74 62 10
62 75 10
75 62 19
62 76 12
76 62 22
63 64 19
64 63 25
63 67 33
67 63 28
63 68 19
68 63 18
63 70 48
70 63 51
63 71 63
71 63 46
63 72 41
72 63 34
63 73 9
73 63 9
63 74 25
74 63 22
63 75 16
75 63 21
63 76 28
76 63 22
64 67 70
67 64 48
64 68 53
68 64 36
64 70 40
70 64 51
64 71 65
71 64 44
64 72 51
72 64 59
64 73 13
73 64 22
64 74 24
74 64 29
64 75 40
75 64 40
64 76 45
76 64 43
67 68 7
68 67 11
67 70 39
70 67 40
67 71 37
71 67 40
67 72 28
72 67 21
67 73 33
73 67 25
67 74 32
74 67 23
67 75 4
75 67 7
67 76 3
76 67 5
68 70 46
70 68 38
68 71 33
71 68 35
68 72 14
72 68 27
68 73 20
73 68 14
68 74 17
74 68 13
68 75 2
75 68 4
68 76 4
76 68 7
70 71 7
71 70 8
70 72 59
72 70 61
70 73 40
73 70 42
70 74 31
74 70 29
70 75 53
75 70 39
70 76 61
76 70 41
71 72 59
72 71 60
71 73 40
73 71 37
71 74 35
74 71 24
71 75 40
75 71 37
71 76 55
76 71 40
72 73 53
73 72 37
72 74 36
74 72 40
72 75 18
75 72 24
72 76 21
76 72 21
73 74 12
74 73 14
73 75 12
75 73 18
73 76 22
76 73 21
74 75 9
75 74 17
74 76 23
76 74 20
75 76 4
76 75 3
