1 6 6 13 650

126 136

1 5 2 37 52

5 24 40 30
7 22 17 63
8 19 31 62
11 22 42 41
12 26 31 32
13 17 5 25
2 25 49 49
3 22 52 64
4 22 20 26
6 21 21 47
9 25 52 33
10 26 51 21

14 12 42
15 36 16
16 52 41
17 27 23
18 17 33
19 13 13
20 57 58
21 62 42
22 42 57
23 16 57
24 8 52
25 7 38
26 27 68

1 5 30
5 1 22
1 7 21
7 1 23
1 8 11
8 1 12
1 11 12
11 1 12
1 12 30
12 1 21
1 13 56
13 1 42
1 2 7
2 1 12
1 3 15
3 1 19
1 4 35
4 1 31
1 6 25
6 1 17
1 9 27
9 1 24
1 10 43
10 1 34
1 14 36
14 1 27
1 15 51
15 1 36
1 16 25
16 1 19
1 17 38
17 1 31
1 18 29
18 1 28
1 19 52
19 1 46
1 20 16
20 1 21
1 21 39
21 1 27
1 22 7
22 1 7
1 23 27
23 1 22
1 24 27
24 1 29
1 25 44
25 1 33
1 26 10
26 1 19
5 7 47
7 5 40
5 8 42
8 5 33
5 11 12
11 5 11
5 12 7
12 5 9
5 13 37
13 5 35
5 2 21
2 5 21
5 3 32
3 5 36
5 4 18
4 5 20
5 6 28
6 5 25
5 9 10
9 5 12
5 10 13
10 5 14
5 14 35
14 5 30
5 15 18
15 5 15
5 16 22
16 5 16
5 17 11
17 5 15
5 18 22
18 5 23
5 19 36
19 5 32
5 20 29
20 5 33
5 21 29
21 5 25
5 22 40
22 5 27
5 23 42
23 5 36
5 24 37
24 5 39
5 25 46
25 5 34
5 26 58
26 5 40
7 8 18
8 7 14
7 11 32
11 7 33
7 12 32
12 7 34
7 13 44
13 7 40
7 2 30
2 7 35
7 3 51
3 7 35
7 4 45
4 7 37
7 6 20
6 7 16
7 9 37
9 7 46
7 10 74
10 7 54
7 14 26
14 7 22
7 15 42
15 7 51
7 16 39
16 7 41
7 17 31
17 7 41
7 18 30
18 7 30
7 19 56
19 7 50
7 20 50
20 7 40
7 21 66
21 7 50
7 22 17
22 7 26
7 23 6
23 7 6
7 24 10
24 7 14
7 25 27
25 7 27
7 26 6
26 7 11
8 11 29
11 8 24
8 12 34
12 8 30
8 13 34
13 8 45
8 2 31
2 8 22
8 3 28
3 8 21
8 4 54
4 8 38
8 6 9
6 8 18
8 9 24
9 8 36
8 10 45
10 8 46
8 14 30
14 8 28
8 15 43
15 8 46
8 16 40
16 8 30
8 17 34
17 8 39
8 18 35
18 8 32
8 19 40
19 8 52
8 20 33
20 8 26
8 21 24
21 8 37
8 22 6
22 8 12
8 23 17
23 8 16
8 24 16
24 8 25
8 25 17
25 8 34
8 26 9
26 8 7
11 12 18
12 11 14
11 13 28
13 11 40
11 2 14
2 11 11
11 3 20
3 11 25
11 4 14
4 11 27
11 6 32
6 11 22
11 9 16
9 11 13
11 10 26
10 11 22
11 14 35
14 11 30
11 15 22
15 11 26
11 16 13
16 11 10
11 17 26
17 11 23
11 18 33
18 11 26
11 19 49
19 11 40
11 20 33
20 11 23
11 21 23
21 11 20
11 22 19
22 11 16
11 23 35
23 11 31
11 24 50
24 11 36
11 25 36
25 11 35
11 26 43
26 11 31
12 13 16
13 12 27
12 2 27
2 12 25
12 3 22
3 12 38
12 4 17
4 12 13
12 6 25
6 12 18
12 9 22
9 12 21
12 10 32
10 12 23
12 14 31
14 12 21
12 15 19
15 12 17
12 16 32
16 12 23
12 17 7
17 12 10
12 18 17
18 12 14
12 19 35
19 12 26
12 20 37
20 12 37
12 21 49
21 12 33
12 22 21
22 12 27
12 23 21
23 12 29
12 24 26
24 12 30
12 25 35
25 12 25
12 26 31
26 12 36
13 2 32
2 13 50
13 3 46
3 13 61
13 4 13
4 13 15
13 6 22
6 13 27
13 9 51
9 13 48
13 10 36
10 13 46
13 14 18
14 13 18
13 15 39
15 13 32
13 16 27
16 13 50
13 17 15
17 13 22
13 18 19
18 13 14
13 19 8
19 13 14
13 20 42
20 13 61
13 21 69
21 13 59
13 22 70
22 13 49
13 23 35
23 13 34
13 24 33
24 13 27
13 25 8
25 13 13
13 26 50
26 13 48
2 3 9
3 2 15
2 4 46
4 2 37
2 6 32
6 2 28
2 9 19
9 2 16
2 10 25
10 2 28
2 14 24
14 2 38
2 15 27
15 2 35
2 16 8
16 2 9
2 17 40
17 2 34
2 18 39
18 2 36
2 19 58
19 2 51
2 20 14
20 2 12
2 21 13
21 2 15
2 22 14
22 2 11
2 23 19
23 2 34
2 24 26
24 2 41
2 25 35
25 2 43
2 26 25
26 2 29
3 4 37
4 3 50
3 6 30
6 3 35
3 9 20
9 3 31
3 10 49
10 3 43
3 14 44
14 3 45
3 15 48
15 3 51
3 16 24
16 3 23
3 17 49
17 3 48
3 18 60
18 3 47
3 19 69
19 3 64
3 20 8
20 3 8
3 21 24
21 3 24
3 22 15
22 3 12
3 23 51
23 3 37
3 24 30
24 3 46
3 25 54
25 3 51
3 26 37
26 3 25
4 6 16
6 4 21
4 9 19
9 4 32
4 10 25
10 4 31
4 14 23
14 4 18
4 15 20
15 4 19
4 16 22
16 4 35
4 17 10
17 4 8
4 18 8
18 4 8
4 19 21
19 4 15
4 20 64
20 4 49
4 21 26
21 4 45
4 22 46
22 4 38
4 23 43
23 4 31
4 24 39
24 4 29
4 25 15
25 4 18
4 26 38
26 4 43
6 9 25
9 6 34
6 10 27
10 6 40
6 14 8
14 6 10
6 15 24
15 6 34
6 16 21
16 6 32
6 17 16
17 6 25
6 18 8
18 6 15
6 19 28
19 6 35
6 20 37
20 6 38
6 21 23
21 6 41
6 22 12
22 6 23
6 23 9
23 6 11
6 24 20
24 6 14
6 25 22
25 6 16
6 26 26
26 6 22
9 10 13
10 9 12
9 14 57
14 9 41
9 15 29
15 9 23
9 16 8
16 9 8
9 17 36
17 9 27
9 18 37
18 9 35
9 19 22
19 9 44
9 20 21
20 9 25
9 21 10
21 9 13
9 22 37
22 9 26
9 23 51
23 9 43
9 24 34
24 9 48
9 25 37
25 9 45
9 26 27
26 9 43
10 14 62
14 10 44
10 15 10
15 10 16
10 16 20
16 10 20
10 17 12
17 10 24
10 18 37
18 10 36
10 19 47
19 10 39
10 20 20
20 10 37
10 21 33
21 10 24
10 22 33
22 10 37
10 23 50
23 10 50
10 24 38
24 10 53
10 25 67
25 10 47
10 26 39
26 10 53
14 15 36
15 14 35
14 16 37
16 14 40
14 17 31
17 14 24
14 18 9
18 14 10
14 19 40
19 14 29
14 20 62
20 14 48
14 21 36
21 14 50
14 22 36
22 14 34
14 23 9
23 14 16
14 24 8
24 14 11
14 25 5
25 14 6
14 26 35
26 14 30
15 16 17
16 15 30
15 17 7
17 15 11
15 18 21
18 15 25
15 19 28
19 15 23
15 20 33
20 15 47
15 21 29
21 15 37
15 22 28
22 15 41
15 23 60
23 15 46
15 24 60
24 15 46
15 25 35
25 15 36
15 26 59
26 15 53
16 17 30
17 16 31
16 18 51
18 16 36
16 19 37
19 16 48
16 20 16
20 16 18
16 21 10
21 16 10
16 22 21
22 16 19
16 23 45
23 16 39
16 24 59
24 16 45
16 25 29
25 16 45
16 26 35
26 16 37
17 18 14
18 17 14
17 19 10
19 17 17
17 20 39
20 17 46
17 21 37
21 17 40
17 22 45
22 17 37
17 23 47
23 17 36
17 24 46
24 17 35
17 25 17
25 17 25
17 26 57
26 17 45
18 19 26
19 18 20
18 20 45
20 18 47
18 21 65
21 18 46
18 22 22
22 18 35
18 23 13
23 18 24
18 24 31
24 18 21
18 25 6
25 18 11
18 26 29
26 18 36
19 20 82
20 19 63
19 21 30
21 19 57
19 22 77
22 19 53
19 23 60
23 19 44
19 24 24
24 19 39
19 25 22
25 19 26
19 26 58
26 19 57
20 21 20
21 20 17
20 22 18
22 20 15
20 23 50
23 20 41
20 24 58
24 20 49
20 25 70
25 20 54
20 26 21
26 20 32
21 22 19
22 21 25
21 23 24
23 21 48
21 24 60
24 21 55
21 25 69
25 21 55
21 26 47
26 21 44
22 23 30
23 22 26
22 24 35
24 22 34
22 25 31
25 22 40
22 26 28
26 22 19
23 24 11
24 23 9
23 25 20
25 23 21
23 26 16
26 23 16
24 25 14
25 24 14
24 26 31
26 24 25
25 26 27
26 25 36
