1 18 7 0 650

189 191

26 5 3 37 52

1 12 49 49
4 19 40 30
5 13 21 47
7 19 31 62
9 12 51 21
11 12 31 32
12 17 5 25
13 14 12 42
14 13 36 16
15 17 52 41
16 18 27 23
17 13 17 33
18 13 13 13
20 14 62 42
21 15 42 57
22 16 16 57
23 16 8 52
24 14 7 38
2 19 52 64
3 19 20 26
6 12 17 63
8 17 52 33
10 12 42 41
19 17 57 58
25 19 27 68


26 1 11
1 26 12
26 4 31
4 26 22
26 5 19
5 26 17
26 7 12
7 26 12
26 9 17
9 26 34
26 11 25
11 26 21
26 12 34
12 26 42
26 13 39
13 26 27
26 14 25
14 26 36
26 15 11
15 26 19
26 16 43
16 26 31
26 17 24
17 26 28
26 18 39
18 26 46
26 20 20
20 26 27
26 21 10
21 26 7
26 22 24
22 26 22
26 23 25
23 26 29
26 24 38
24 26 33
26 2 27
2 26 19
26 3 32
3 26 31
26 6 34
6 26 23
26 8 14
8 26 24
26 10 15
10 26 12
26 19 11
19 26 21
26 25 10
25 26 19
1 4 22
4 1 21
1 5 28
5 1 28
1 7 28
7 1 22
1 9 29
9 1 28
1 11 17
11 1 25
1 12 41
12 1 50
1 13 55
13 1 38
1 14 26
14 1 35
1 15 9
15 1 9
1 16 37
16 1 34
1 17 32
17 1 36
1 18 55
18 1 51
1 20 18
20 1 15
1 21 8
21 1 11
1 22 32
22 1 34
1 23 52
23 1 41
1 24 26
24 1 43
1 2 14
2 1 15
1 3 27
3 1 37
1 6 19
6 1 35
1 8 8
8 1 16
1 10 14
10 1 11
1 19 11
19 1 12
1 25 38
25 1 29
4 5 17
5 4 25
4 7 32
7 4 33
4 9 12
9 4 14
4 11 11
11 4 9
4 12 30
12 4 35
4 13 38
13 4 30
4 14 19
14 4 15
4 15 20
15 4 16
4 16 8
16 4 15
4 17 17
17 4 23
4 18 25
18 4 32
4 20 24
20 4 25
4 21 22
21 4 27
4 22 53
22 4 36
4 23 41
23 4 39
4 24 36
24 4 34
4 2 44
2 4 36
4 3 11
3 4 20
4 6 26
6 4 40
4 8 9
8 4 12
4 10 6
10 4 11
4 19 30
19 4 33
4 25 53
25 4 40
5 7 14
7 5 18
5 9 29
9 5 40
5 11 20
11 5 18
5 12 37
12 5 27
5 13 11
13 5 10
5 14 42
14 5 34
5 15 20
15 5 32
5 16 25
16 5 25
5 17 18
17 5 15
5 18 27
18 5 35
5 20 44
20 5 41
5 21 30
21 5 23
5 22 11
22 5 11
5 23 8
23 5 14
5 24 22
24 5 16
5 2 29
2 5 35
5 3 17
3 5 21
5 6 12
6 5 16
5 8 36
8 5 34
5 10 20
10 5 22
5 19 27
19 5 38
5 25 25
25 5 22
7 9 26
9 7 46
7 11 23
11 7 30
7 12 56
12 7 45
7 13 41
13 7 28
7 14 27
14 7 46
7 15 28
15 7 30
7 16 55
16 7 39
7 17 39
17 7 32
7 18 34
18 7 52
7 20 36
20 7 37
7 21 16
21 7 12
7 22 8
22 7 16
7 23 32
23 7 25
7 24 46
24 7 34
7 2 14
2 7 21
7 3 34
3 7 38
7 6 10
6 7 14
7 8 28
8 7 36
7 10 20
10 7 24
7 19 29
19 7 26
7 25 4
25 7 7
9 11 21
11 9 23
9 12 62
12 9 46
9 13 47
13 9 44
9 14 16
14 9 16
9 15 28
15 9 20
9 16 26
16 9 24
9 17 28
17 9 36
9 18 22
18 9 39
9 20 27
20 9 24
9 21 46
21 9 37
9 22 27
22 9 50
9 23 78
23 9 53
9 24 48
24 9 47
9 2 25
2 9 43
9 3 43
3 9 31
9 6 34
6 9 54
9 8 6
8 9 12
9 10 24
10 9 22
9 19 55
19 9 37
9 25 31
25 9 53
11 12 34
12 11 27
11 13 15
13 11 21
11 14 18
14 11 17
11 15 13
15 11 23
11 16 8
16 11 10
11 17 18
17 11 14
11 18 24
18 11 26
11 20 26
20 11 33
11 21 21
21 11 27
11 22 40
22 11 29
11 23 43
23 11 30
11 24 30
24 11 25
11 2 47
2 11 38
11 3 16
3 11 13
11 6 34
6 11 34
11 8 16
8 11 21
11 10 9
10 11 14
11 19 21
19 11 37
11 25 32
25 11 36
12 13 16
13 12 18
12 14 17
14 12 32
12 15 43
15 12 50
12 16 24
16 12 22
12 17 18
17 12 14
12 18 20
18 12 14
12 20 41
20 12 59
12 21 46
21 12 49
12 22 40
22 12 34
12 23 17
23 12 27
12 24 18
24 12 13
12 2 58
2 12 61
12 3 13
3 12 15
12 6 54
6 12 40
12 8 44
8 12 48
12 10 46
10 12 40
12 19 74
19 12 61
12 25 57
25 12 48
13 14 20
14 13 35
13 15 52
15 13 40
13 16 29
16 13 24
13 17 6
17 13 10
13 18 26
18 13 29
13 20 56
20 13 50
13 21 25
21 13 34
13 22 17
22 13 16
13 23 8
23 13 11
13 24 4
24 13 6
13 2 52
2 13 45
13 3 21
3 13 18
13 6 16
6 13 22
13 8 58
8 13 41
13 10 20
10 13 30
13 19 58
19 13 48
13 25 19
25 13 30
14 15 23
15 14 30
14 16 16
16 14 11
14 17 21
17 14 25
14 18 25
18 14 23
14 20 41
20 14 37
14 21 28
21 14 41
14 22 55
22 14 46
14 23 61
23 14 46
14 24 43
24 14 36
14 2 67
2 14 51
14 3 23
3 14 19
14 6 51
6 14 51
14 8 27
8 14 23
14 10 19
10 14 26
14 19 24
19 14 47
14 25 37
25 14 53
15 16 44
16 15 31
15 17 53
17 15 36
15 18 31
18 15 48
15 20 8
20 15 10
15 21 18
21 15 19
15 22 57
22 15 39
15 23 23
23 15 45
15 24 23
24 15 45
15 2 17
2 15 23
15 3 20
3 15 35
15 6 47
6 15 41
15 8 7
8 15 8
15 10 8
10 15 10
15 19 23
19 15 18
15 25 32
25 15 37
16 17 20
17 16 14
16 18 18
18 16 17
16 20 25
20 16 40
16 21 48
21 16 37
16 22 49
22 16 36
16 23 37
23 16 35
16 24 14
24 16 25
16 2 26
2 16 48
16 3 7
3 16 8
16 6 25
6 16 41
16 8 24
8 16 27
16 10 18
10 16 23
16 19 28
19 16 46
16 25 33
25 16 45
17 18 10
18 17 20
17 20 63
20 17 46
17 21 23
21 17 35
17 22 12
22 17 24
17 23 21
23 17 21
17 24 9
24 17 11
17 2 57
2 17 47
17 3 9
3 17 8
17 6 42
6 17 30
17 8 18
8 17 35
17 10 26
10 17 26
17 19 67
19 17 47
17 25 44
25 17 36
18 20 38
20 18 57
18 21 54
21 18 53
18 22 53
22 18 44
18 23 36
23 18 39
18 24 27
24 18 26
18 2 70
2 18 64
18 3 9
3 18 15
18 6 36
6 18 50
18 8 55
8 18 44
18 10 50
10 18 40
18 19 43
19 18 63
18 25 67
25 18 57
20 21 25
21 20 25
20 22 60
22 20 48
20 23 66
23 20 55
20 24 33
24 20 55
20 2 17
2 20 24
20 3 26
3 20 45
20 6 28
6 20 50
20 8 7
8 20 13
20 10 27
10 20 20
20 19 25
19 20 17
20 25 23
25 20 44
21 22 17
22 21 26
21 23 22
23 21 34
21 24 25
24 21 40
21 2 13
2 21 12
21 3 48
3 21 38
21 6 27
6 21 26
21 8 38
8 21 26
21 10 20
10 21 16
21 19 14
19 21 15
21 25 24
25 21 19
22 23 11
23 22 9
22 24 24
24 22 21
22 2 39
2 22 37
22 3 28
3 22 31
22 6 6
6 22 6
22 8 40
8 22 43
22 10 42
10 22 31
22 19 60
19 22 41
22 25 23
25 22 16
23 24 15
24 23 14
23 2 24
2 23 46
23 3 32
3 23 29
23 6 11
6 23 14
23 8 25
8 23 48
23 10 50
10 23 36
23 19 35
19 23 49
23 25 24
25 23 25
24 2 46
2 24 51
24 3 22
3 24 18
24 6 23
6 24 27
24 8 62
8 24 45
24 10 44
10 24 35
24 19 48
19 24 54
24 25 35
25 24 36
2 3 51
3 2 50
2 6 33
6 2 35
2 8 27
8 2 31
2 10 17
10 2 25
2 19 5
19 2 8
2 25 25
25 2 25
3 6 25
6 3 37
3 8 16
8 3 32
3 10 37
10 3 27
3 19 30
19 3 49
3 25 30
25 3 43
6 8 52
8 6 46
6 10 25
10 6 33
6 19 31
19 6 40
6 25 14
25 6 11
8 10 17
10 8 13
8 19 34
19 8 25
8 25 43
25 8 43
10 19 13
19 10 23
10 25 31
25 10 31
19 25 41
25 19 32
