1 42 14 19 5700

266 290

76 4 9 22 22

3 9 45 35
4 9 55 20
5 8 33 34
6 9 50 50
8 12 26 59
10 9 55 65
11 11 35 51
12 12 62 35
13 10 62 57
15 12 21 36
16 11 33 44
17 11 9 56
18 12 62 48
19 10 66 14
20 11 44 13
21 9 26 13
24 9 17 64
25 10 41 46
26 11 55 34
27 9 35 16
28 12 52 26
29 12 43 26
30 10 31 76
32 8 26 29
34 12 55 50
35 11 54 10
36 9 60 15
40 8 12 17
41 8 15 14
42 10 16 19
43 10 21 48
45 9 51 42
46 10 50 15
47 11 48 21
48 10 12 38
49 12 15 56
50 12 29 39
51 10 54 38
52 10 55 57
53 12 67 41
55 12 6 25
56 11 65 27
1 10 36 26
2 12 21 45
7 10 55 45
9 9 40 66
14 12 62 24
22 9 11 28
23 10 7 43
31 12 22 53
33 12 50 40
37 12 47 66
38 9 30 60
39 10 30 50
44 10 50 30
54 10 10 70

57 40 60
58 70 64
59 64 4
60 36 6
61 30 20
62 20 30
63 15 5
64 50 70
65 57 72
66 45 42
67 38 33
68 50 4
69 66 8
70 59 5
71 35 60
72 27 24
73 40 20
74 40 37
75 40 40

76 3 28
3 76 26
76 4 48
4 76 33
76 5 9
5 76 16
76 6 32
6 76 39
76 8 45
8 76 37
76 10 62
10 76 54
76 11 33
11 76 32
76 12 28
12 76 42
76 13 54
13 76 53
76 15 18
15 76 14
76 16 29
16 76 25
76 17 32
17 76 36
76 18 34
18 76 47
76 19 29
19 76 45
76 20 26
20 76 24
76 21 12
21 76 10
76 24 50
24 76 42
76 25 24
25 76 30
76 26 30
26 76 35
76 27 18
27 76 14
76 28 38
28 76 30
76 29 22
29 76 21
76 30 46
30 76 55
76 32 9
32 76 8
76 34 24
34 76 43
76 35 30
35 76 34
76 36 39
36 76 39
76 40 12
40 76 11
76 41 6
41 76 11
76 42 9
42 76 7
76 43 31
43 76 26
76 45 18
45 76 35
76 46 42
46 76 29
76 47 31
47 76 26
76 48 27
48 76 19
76 49 24
49 76 35
76 50 23
50 76 18
76 51 28
51 76 35
76 52 54
52 76 48
76 53 33
53 76 48
76 55 21
55 76 16
76 56 26
56 76 43
76 1 14
1 76 15
76 2 33
2 76 23
76 7 31
7 76 40
76 9 24
9 76 48
76 14 46
14 76 40
76 22 19
22 76 13
76 23 37
23 76 26
76 31 36
31 76 31
76 33 32
33 76 33
76 37 75
37 76 51
76 38 26
38 76 39
76 39 43
39 76 29
76 44 20
44 76 29
76 54 48
54 76 49
76 57 23
57 76 42
76 58 65
58 76 63
76 59 25
59 76 45
76 60 26
60 76 21
76 61 6
61 76 8
76 62 5
62 76 8
76 63 26
63 76 18
76 64 33
64 76 55
76 65 36
65 76 61
76 66 35
66 76 30
76 67 22
67 76 19
76 68 24
68 76 33
76 69 34
69 76 46
76 70 27
70 76 40
76 71 37
71 76 40
76 72 6
72 76 5
76 73 14
73 76 18
76 74 21
74 76 23
76 75 34
75 76 25
3 4 23
4 3 18
3 5 8
5 3 12
3 6 21
6 3 16
3 8 17
8 3 31
3 10 26
10 3 32
3 11 16
11 3 19
3 12 25
12 3 17
3 13 30
13 3 28
3 15 31
15 3 24
3 16 10
16 3 15
3 17 22
17 3 42
3 18 19
18 3 21
3 19 21
19 3 30
3 20 13
20 3 22
3 21 21
21 3 29
3 24 21
24 3 40
3 25 11
25 3 12
3 26 13
26 3 10
3 27 23
27 3 21
3 28 16
28 3 11
3 29 7
29 3 9
3 30 31
30 3 43
3 32 17
32 3 20
3 34 9
34 3 18
3 35 39
35 3 27
3 36 22
36 3 25
3 40 30
40 3 38
3 41 47
41 3 37
3 42 36
42 3 33
3 43 24
43 3 27
3 45 10
45 3 9
3 46 17
46 3 21
3 47 16
47 3 14
3 48 44
48 3 33
3 49 41
49 3 37
3 50 19
50 3 16
3 51 6
51 3 9
3 52 20
52 3 24
3 53 27
53 3 22
3 55 40
55 3 40
3 56 25
56 3 22
3 1 18
1 3 13
3 2 20
2 3 26
3 7 11
7 3 14
3 9 16
9 3 31
3 14 28
14 3 20
3 22 43
22 3 35
3 23 22
23 3 39
3 31 23
31 3 29
3 33 8
33 3 7
3 37 36
37 3 31
3 38 43
38 3 29
3 39 11
39 3 21
3 44 4
44 3 7
3 54 35
54 3 49
3 57 32
57 3 25
3 58 37
58 3 38
3 59 47
59 3 36
3 60 17
60 3 30
3 61 15
61 3 21
3 62 20
62 3 25
3 63 25
63 3 42
3 64 18
64 3 35
3 65 46
65 3 39
3 66 7
66 3 7
3 67 8
67 3 7
3 68 25
68 3 31
3 69 40
69 3 34
3 70 36
70 3 33
3 71 31
71 3 27
3 72 30
72 3 21
3 73 17
73 3 16
3 74 5
74 3 5
3 75 8
75 3 7
4 5 20
5 4 26
4 6 41
6 4 30
4 8 41
8 4 49
4 10 28
10 4 45
4 11 49
11 4 37
4 12 21
12 4 17
4 13 30
13 4 38
4 15 39
15 4 38
4 16 19
16 4 33
4 17 68
17 4 58
4 18 27
18 4 29
4 19 14
19 4 13
4 20 9
20 4 13
4 21 28
21 4 30
4 24 78
24 4 58
4 25 41
25 4 30
4 26 9
26 4 14
4 27 25
27 4 20
4 28 9
28 4 7
4 29 19
29 4 13
4 30 83
30 4 61
4 32 38
32 4 30
4 34 30
34 4 30
4 35 7
35 4 10
4 36 9
36 4 7
4 40 35
40 4 43
4 41 21
41 4 40
4 42 32
42 4 39
4 43 63
43 4 44
4 45 19
45 4 22
4 46 7
46 4 7
4 47 9
47 4 7
4 48 64
48 4 46
4 49 29
49 4 54
4 50 36
50 4 32
4 51 18
51 4 18
4 52 51
52 4 37
4 53 29
53 4 24
4 55 30
55 4 49
4 56 16
56 4 12
4 1 18
1 4 20
4 2 34
2 4 42
4 7 21
7 4 25
4 9 50
9 4 48
4 14 9
14 4 8
4 22 67
22 4 45
4 23 52
23 4 53
4 31 50
31 4 47
4 33 21
33 4 21
4 37 58
37 4 46
4 38 69
38 4 47
4 39 48
39 4 39
4 44 9
44 4 11
4 54 74
54 4 67
4 57 28
57 4 43
4 58 26
58 4 46
4 59 23
59 4 18
4 60 35
60 4 24
4 61 31
61 4 25
4 62 25
62 4 36
4 63 54
63 4 43
4 64 28
64 4 50
4 65 59
65 4 52
4 66 33
66 4 24
4 67 19
67 4 21
4 68 10
68 4 17
4 69 16
69 4 16
4 70 11
70 4 16
4 71 26
71 4 45
4 72 32
72 4 28
4 73 18
73 4 15
4 74 12
74 4 23
4 75 34
75 4 25
5 6 29
6 5 23
5 8 23
8 5 26
5 10 54
10 5 38
5 11 12
11 5 17
5 12 27
12 5 29
5 13 33
13 5 37
5 15 13
15 5 12
5 16 13
16 5 10
5 17 42
17 5 33
5 18 42
18 5 32
5 19 40
19 5 39
5 20 28
20 5 24
5 21 29
21 5 22
5 24 17
24 5 34
5 25 19
25 5 14
5 26 17
26 5 22
5 27 10
27 5 18
5 28 14
28 5 21
5 29 11
29 5 13
5 30 60
30 5 42
5 32 8
32 5 9
5 34 20
34 5 27
5 35 45
35 5 32
5 36 30
36 5 33
5 40 31
40 5 27
5 41 29
41 5 27
5 42 23
42 5 23
5 43 16
43 5 18
5 45 14
45 5 20
5 46 15
46 5 25
5 47 20
47 5 20
5 48 21
48 5 21
5 49 41
49 5 28
5 50 6
50 5 6
5 51 23
51 5 21
5 52 28
52 5 32
5 53 27
53 5 34
5 55 28
55 5 28
5 56 36
56 5 32
5 1 9
1 5 9
5 2 21
2 5 16
5 7 15
7 5 25
5 9 38
9 5 33
5 14 25
14 5 31
5 22 26
22 5 23
5 23 23
23 5 28
5 31 26
31 5 22
5 33 10
33 5 18
5 37 23
37 5 35
5 38 32
38 5 26
5 39 21
39 5 16
5 44 10
44 5 17
5 54 46
54 5 42
5 57 38
57 5 27
5 58 47
58 5 47
5 59 24
59 5 43
5 60 16
60 5 28
5 61 7
61 5 14
5 62 14
62 5 14
5 63 18
63 5 34
5 64 36
64 5 40
5 65 30
65 5 45
5 66 12
66 5 14
5 67 3
67 5 5
5 68 28
68 5 34
5 69 58
69 5 42
5 70 42
70 5 38
5 71 27
71 5 26
5 72 11
72 5 12
5 73 8
73 5 16
5 74 10
74 5 8
5 75 6
75 5 9
6 8 29
8 6 26
6 10 23
10 6 16
6 11 19
11 6 15
6 12 26
12 6 19
6 13 20
13 6 14
6 15 31
15 6 32
6 16 21
16 6 18
6 17 48
17 6 41
6 18 9
18 6 12
6 19 43
19 6 39
6 20 54
20 6 37
6 21 47
21 6 44
6 24 36
24 6 36
6 25 14
25 6 10
6 26 13
26 6 17
6 27 28
27 6 37
6 28 24
28 6 24
6 29 14
29 6 25
6 30 34
30 6 32
6 32 25
32 6 32
6 34 6
34 6 5
6 35 35
35 6 40
6 36 20
36 6 36
6 40 36
40 6 50
6 41 49
41 6 50
6 42 27
42 6 46
6 43 36
43 6 29
6 45 4
45 6 8
6 46 18
46 6 35
6 47 15
47 6 29
6 48 37
48 6 40
6 49 50
49 6 36
6 50 29
50 6 24
6 51 14
51 6 13
6 52 7
52 6 9
6 53 13
53 6 19
6 55 57
55 6 51
6 56 35
56 6 27
6 1 17
1 6 28
6 2 19
2 6 29
6 7 10
7 6 7
6 9 11
9 6 19
6 14 20
14 6 29
6 22 41
22 6 45
6 23 37
23 6 44
6 31 18
31 6 28
6 33 14
33 6 10
6 37 17
37 6 16
6 38 32
38 6 22
6 39 19
39 6 20
6 44 23
44 6 20
6 54 31
54 6 44
6 57 20
57 6 14
6 58 17
58 6 24
6 59 24
59 6 48
6 60 47
60 6 46
6 61 24
61 6 36
6 62 37
62 6 36
6 63 72
63 6 57
6 64 28
64 6 20
6 65 20
65 6 23
6 66 11
66 6 9
6 67 11
67 6 20
6 68 25
68 6 46
6 69 33
69 6 45
6 70 50
70 6 46
6 71 23
71 6 18
6 72 20
72 6 34
6 73 23
73 6 32
6 74 18
74 6 16
6 75 15
75 6 14
8 10 40
10 8 30
8 11 9
11 8 12
8 12 50
12 8 43
8 13 30
13 8 36
8 15 31
15 8 24
8 16 23
16 8 17
8 17 15
17 8 17
8 18 47
18 8 38
8 19 59
19 8 60
8 20 67
20 8 49
8 21 68
21 8 46
8 24 10
24 8 10
8 25 15
25 8 20
8 26 27
26 8 38
8 27 31
27 8 44
8 28 27
28 8 42
8 29 50
29 8 37
8 30 13
30 8 18
8 32 36
32 8 30
8 34 38
34 8 30
8 35 36
35 8 56
8 36 43
36 8 56
8 40 50
40 8 44
8 41 24
41 8 46
8 42 53
42 8 41
8 43 11
43 8 12
8 45 24
45 8 30
8 46 63
46 8 50
8 47 58
47 8 44
8 48 34
48 8 25
8 49 7
49 8 11
8 50 16
50 8 20
8 51 22
51 8 35
8 52 43
52 8 29
8 53 51
53 8 45
8 55 32
55 8 39
8 56 60
56 8 50
8 1 38
1 8 34
8 2 21
2 8 15
8 7 40
7 8 32
8 9 11
9 8 16
8 14 32
14 8 50
8 22 31
22 8 34
8 23 31
23 8 25
8 31 5
31 8 7
8 33 35
33 8 31
8 37 32
37 8 22
8 38 2
38 8 4
8 39 9
39 8 10
8 44 38
44 8 38
8 54 21
54 8 19
8 57 17
57 8 14
8 58 32
58 8 44
8 59 77
59 8 67
8 60 31
60 8 54
8 61 54
61 8 39
8 62 40
62 8 30
8 63 38
63 8 55
8 64 33
64 8 26
8 65 42
65 8 33
8 66 19
66 8 25
8 67 26
67 8 29
8 68 52
68 8 60
8 69 53
69 8 65
8 70 55
70 8 63
8 71 5
71 8 9
8 72 35
72 8 35
8 73 31
73 8 41
8 74 33
74 8 26
8 75 33
75 8 24
10 11 20
11 10 24
10 12 43
12 10 31
10 13 8
13 10 11
10 15 36
15 10 45
10 16 38
16 10 30
10 17 31
17 10 47
10 18 14
18 10 18
10 19 43
19 10 52
10 20 77
20 10 53
10 21 48
21 10 60
10 24 53
24 10 38
10 25 29
25 10 24
10 26 46
26 10 31
10 27 43
27 10 53
10 28 24
28 10 39
10 29 56
29 10 41
10 30 21
30 10 26
10 32 61
32 10 46
10 34 10
34 10 15
10 35 64
35 10 55
10 36 53
36 10 50
10 40 32
40 10 64
10 41 84
41 10 65
10 42 75
42 10 60
10 43 37
43 10 38
10 45 14
45 10 23
10 46 73
46 10 50
10 47 28
47 10 44
10 48 62
48 10 50
10 49 35
49 10 41
10 50 34
50 10 36
10 51 31
51 10 27
10 52 7
52 10 8
10 53 30
53 10 27
10 55 90
55 10 63
10 56 29
56 10 39
10 1 46
1 10 43
10 2 44
2 10 39
10 7 20
7 10 20
10 9 10
9 10 15
10 14 47
14 10 42
10 22 40
22 10 57
10 23 78
23 10 53
10 31 33
31 10 35
10 33 14
33 10 25
10 37 7
37 10 8
10 38 23
38 10 25
10 39 33
39 10 29
10 44 20
44 10 35
10 54 54
54 10 45
10 57 9
57 10 16
10 58 19
58 10 15
10 59 80
59 10 62
10 60 59
60 10 62
10 61 69
61 10 51
10 62 49
62 10 49
10 63 50
63 10 72
10 64 4
64 10 7
10 65 5
65 10 7
10 66 31
66 10 25
10 67 46
67 10 36
10 68 72
68 10 61
10 69 32
69 10 58
10 70 36
70 10 60
10 71 26
71 10 21
10 72 42
72 10 50
10 73 54
73 10 47
10 74 29
74 10 32
10 75 25
75 10 29
11 12 30
12 11 31
11 13 36
13 11 28
11 15 14
15 11 21
11 16 7
16 11 7
11 17 28
17 11 26
11 18 20
18 11 27
11 19 53
19 11 48
11 20 21
20 11 39
11 21 23
21 11 39
11 24 20
24 11 22
11 25 11
25 11 8
11 26 35
26 11 26
11 27 26
27 11 35
11 28 32
28 11 30
11 29 16
29 11 26
11 30 24
30 11 25
11 32 30
32 11 24
11 34 14
34 11 20
11 35 28
35 11 45
11 36 54
36 11 44
11 40 50
40 11 41
11 41 29
41 11 42
11 42 36
42 11 37
11 43 14
43 11 14
11 45 14
45 11 18
11 46 55
46 11 39
11 47 49
47 11 33
11 48 36
48 11 26
11 49 21
49 11 21
11 50 14
50 11 13
11 51 30
51 11 23
11 52 21
52 11 21
11 53 33
53 11 34
11 55 49
55 11 39
11 56 25
56 11 38
11 1 25
1 11 25
11 2 20
2 11 15
11 7 19
7 11 21
11 9 10
9 11 16
11 14 51
14 11 38
11 22 35
22 11 33
11 23 39
23 11 29
11 31 18
31 11 13
11 33 15
33 11 19
11 37 13
37 11 19
11 38 11
38 11 10
11 39 6
39 11 5
11 44 23
44 11 26
11 54 17
54 11 31
11 57 14
57 11 10
11 58 48
58 11 37
11 59 73
59 11 55
11 60 63
60 11 45
11 61 37
61 11 31
11 62 18
62 11 26
11 63 36
63 11 50
11 64 18
64 11 24
11 65 29
65 11 30
11 66 18
66 11 13
11 67 25
67 11 18
11 68 57
68 11 49
11 69 47
69 11 53
11 70 41
70 11 52
11 71 9
71 11 9
11 72 23
72 11 28
11 73 43
73 11 31
11 74 9
74 11 15
11 75 15
75 11 12
12 13 11
13 12 22
12 15 40
15 12 41
12 16 20
16 12 30
12 17 44
17 12 57
12 18 14
18 12 13
12 19 14
19 12 21
12 20 40
20 12 28
12 21 28
21 12 42
12 24 46
24 12 54
12 25 29
25 12 24
12 26 10
26 12 7
12 27 37
27 12 33
12 28 18
28 12 13
12 29 14
29 12 21
12 30 49
30 12 51
12 32 50
32 12 36
12 34 25
34 12 17
12 35 17
35 12 26
12 36 19
36 12 20
12 40 51
40 12 53
12 41 51
41 12 51
12 42 55
42 12 49
12 43 56
43 12 43
12 45 16
45 12 13
12 46 13
46 12 23
12 47 10
47 12 19
12 48 39
48 12 50
12 49 38
49 12 51
12 50 29
50 12 33
12 51 8
51 12 9
12 52 30
52 12 23
12 53 8
53 12 8
12 55 58
55 12 56
12 56 11
56 12 9
12 1 20
1 12 28
12 2 51
2 12 42
12 7 16
7 12 12
12 9 21
9 12 38
12 14 13
14 12 11
12 22 33
22 12 51
12 23 34
23 12 56
12 31 38
31 12 44
12 33 11
33 12 13
12 37 27
37 12 34
12 38 32
38 12 41
12 39 38
39 12 35
12 44 15
44 12 13
12 54 58
54 12 63
12 57 23
57 12 33
12 58 17
58 12 30
12 59 21
59 12 31
12 60 53
60 12 38
12 61 31
61 12 35
12 62 39
62 12 42
12 63 83
63 12 56
12 64 43
64 12 37
12 65 46
65 12 37
12 66 14
66 12 18
12 67 18
67 12 24
12 68 32
68 12 33
12 69 39
69 12 27
12 70 31
70 12 30
12 71 25
71 12 37
12 72 24
72 12 37
12 73 16
73 12 26
12 74 16
74 12 22
12 75 16
75 12 23
13 15 53
15 13 46
13 16 20
16 13 32
13 17 38
17 13 53
13 18 10
18 13 9
13 19 46
19 13 43
13 20 69
20 13 48
13 21 44
21 13 57
13 24 60
24 13 46
13 25 24
25 13 24
13 26 24
26 13 24
13 27 46
27 13 49
13 28 40
28 13 33
13 29 23
29 13 36
13 30 37
30 13 36
13 32 23
32 13 46
13 34 13
34 13 10
13 35 70
35 13 48
13 36 46
36 13 42
13 40 69
40 13 64
13 41 72
41 13 64
13 42 40
42 13 60
13 43 41
43 13 42
13 45 14
45 13 19
13 46 31
46 13 44
13 47 27
47 13 39
13 48 58
48 13 53
13 49 34
49 13 47
13 50 30
50 13 38
13 51 22
51 13 21
13 52 7
52 13 7
13 53 25
53 13 17
13 55 46
55 13 64
13 56 32
56 13 30
13 1 39
1 13 40
13 2 24
2 13 43
13 7 9
7 13 14
13 9 18
9 13 24
13 14 23
14 13 33
13 22 48
22 13 59
13 23 37
23 13 57
13 31 33
31 13 40
13 33 27
33 13 21
13 37 14
37 13 17
13 38 40
38 13 32
13 39 37
39 13 33
13 44 33
44 13 30
13 54 44
54 13 54
13 57 15
57 13 22
13 58 12
58 13 11
13 59 74
59 13 53
13 60 44
60 13 57
13 61 69
61 13 49
13 62 32
62 13 50
13 63 64
63 13 70
13 64 20
64 13 18
13 65 10
65 13 16
13 66 25
66 13 23
13 67 19
67 13 34
13 68 45
68 13 54
13 69 61
69 13 49
13 70 32
70 13 52
13 71 33
71 13 27
13 72 53
72 13 48
13 73 55
73 13 43
13 74 27
74 13 30
13 75 38
75 13 28
15 16 7
16 15 14
15 17 21
17 15 23
15 18 54
18 15 43
15 19 39
19 15 50
15 20 28
20 15 33
15 21 19
21 15 24
15 24 35
24 15 28
15 25 23
25 15 22
15 26 20
26 15 34
15 27 30
27 15 24
15 28 43
28 15 33
15 29 18
29 15 24
15 30 52
30 15 41
15 32 10
32 15 9
15 34 37
34 15 37
15 35 43
35 15 42
15 36 41
36 15 44
15 40 31
40 15 21
15 41 29
41 15 23
15 42 19
42 15 18
15 43 6
43 15 12
15 45 27
45 15 31
15 46 31
46 15 36
15 47 29
47 15 31
15 48 5
48 15 9
15 49 12
49 15 21
15 50 10
50 15 9
15 51 34
51 15 33
15 52 53
52 15 40
15 53 33
53 15 46
15 55 23
55 15 19
15 56 58
56 15 45
15 1 15
1 15 18
15 2 11
2 15 9
15 7 37
7 15 35
15 9 18
9 15 36
15 14 39
14 15 43
15 22 11
22 15 13
15 23 21
23 15 16
15 31 11
31 15 17
15 33 30
33 15 29
15 37 22
37 15 40
15 38 26
38 15 26
15 39 15
39 15 17
15 44 38
44 15 30
15 54 18
54 15 36
15 57 17
57 15 31
15 58 54
58 15 56
15 59 27
59 15 54
15 60 41
60 15 34
15 61 23
61 15 18
15 62 3
62 15 6
15 63 38
63 15 31
15 64 55
64 15 45
15 65 75
65 15 51
15 66 19
66 15 25
15 67 12
67 15 17
15 68 30
68 15 43
15 69 38
69 15 53
15 70 50
70 15 49
15 71 30
71 15 28
15 72 7
72 15 13
15 73 17
73 15 25
15 74 18
74 15 19
15 75 14
75 15 19
16 17 38
17 16 27
16 18 25
18 16 29
16 19 56
19 16 45
16 20 20
20 16 33
16 21 37
21 16 32
16 24 23
24 16 26
16 25 5
25 16 8
16 26 28
26 16 24
16 27 33
27 16 28
16 28 17
28 16 26
16 29 13
29 16 21
16 30 16
30 16 32
16 32 17
32 16 17
16 34 13
34 16 23
16 35 54
35 16 40
16 36 49
36 16 40
16 40 37
40 16 34
16 41 44
41 16 35
16 42 24
42 16 30
16 43 16
43 16 13
16 45 11
45 16 18
16 46 18
46 16 34
16 47 15
47 16 27
16 48 28
48 16 22
16 49 29
49 16 22
16 50 8
50 16 6
16 51 25
51 16 21
16 52 33
52 16 26
16 53 31
53 16 34
16 55 41
55 16 33
16 56 51
56 16 36
16 1 14
1 16 18
16 2 12
2 16 12
16 7 22
7 16 22
16 9 31
9 16 23
16 14 40
14 16 35
16 22 27
22 16 27
16 23 13
23 16 26
16 31 9
31 16 14
16 33 15
33 16 17
16 37 36
37 16 26
16 38 9
38 16 16
16 39 9
39 16 7
16 44 19
44 16 22
16 54 34
54 16 35
16 57 23
57 16 17
16 58 51
58 16 42
16 59 30
59 16 50
16 60 31
60 16 38
16 61 33
61 16 24
16 62 27
62 16 19
16 63 47
63 16 43
16 64 20
64 16 31
16 65 45
65 16 37
16 66 10
66 16 12
16 67 10
67 16 12
16 68 28
68 16 43
16 69 47
69 16 49
16 70 33
70 16 46
16 71 8
71 16 16
16 72 29
72 16 21
16 73 37
73 16 25
16 74 7
74 16 10
16 75 7
75 16 8
17 18 80
18 17 54
17 19 97
19 17 71
17 20 44
20 17 55
17 21 33
21 17 46
17 24 8
24 17 11
17 25 30
25 17 34
17 26 30
26 17 51
17 27 49
27 17 48
17 28 51
28 17 52
17 29 43
29 17 45
17 30 36
30 17 29
17 32 27
32 17 32
17 34 36
34 17 46
17 35 36
35 17 64
17 36 69
36 17 65
17 40 41
40 17 39
17 41 36
41 17 42
17 42 46
42 17 38
17 43 11
43 17 14
17 45 51
45 17 44
17 46 52
46 17 58
17 47 64
47 17 52
17 48 25
48 17 18
17 49 7
49 17 6
17 50 14
50 17 26
17 51 60
51 17 48
17 52 39
52 17 46
17 53 79
53 17 60
17 55 24
55 17 31
17 56 94
56 17 63
17 1 37
1 17 40
17 2 10
2 17 16
17 7 27
7 17 47
17 9 40
9 17 33
17 14 63
14 17 62
17 22 37
22 17 28
17 23 11
23 17 13
17 31 12
31 17 13
17 33 33
33 17 44
17 37 57
37 17 39
17 38 14
38 17 21
17 39 22
39 17 22
17 44 59
44 17 48
17 54 9
54 17 14
17 57 36
57 17 31
17 58 45
58 17 61
17 59 65
59 17 75
17 60 37
60 17 57
17 61 40
61 17 42
17 62 21
62 17 28
17 63 55
63 17 51
17 64 50
64 17 43
17 65 38
65 17 50
17 66 29
66 17 38
17 67 50
67 17 37
17 68 62
68 17 66
17 69 86
69 17 74
17 70 65
70 17 71
17 71 28
71 17 26
17 72 51
72 17 37
17 73 69
73 17 48
17 74 53
74 17 36
17 75 26
75 17 35
18 19 39
19 18 34
18 20 51
20 18 39
18 21 39
21 18 50
18 24 48
24 18 48
18 25 13
25 18 21
18 26 9
26 18 16
18 27 57
27 18 42
18 28 15
28 18 24
18 29 16
29 18 29
18 30 21
30 18 42
18 32 48
32 18 41
18 34 7
34 18 7
18 35 48
35 18 39
18 36 33
36 18 33
18 40 67
40 18 58
18 41 34
41 18 58
18 42 79
42 18 54
18 43 35
43 18 41
18 45 15
45 18 13
18 46 29
46 18 35
18 47 44
47 18 30
18 48 69
48 18 51
18 49 33
49 18 47
18 50 48
50 18 34
18 51 12
51 18 13
18 52 10
52 18 11
18 53 11
53 18 9
18 55 38
55 18 60
18 56 17
56 18 21
18 1 31
1 18 34
18 2 53
2 18 41
18 7 6
7 18 8
18 9 15
9 18 28
18 14 19
14 18 24
18 22 53
22 18 55
18 23 48
23 18 55
18 31 41
31 18 40
18 33 14
33 18 14
18 37 14
37 18 23
18 38 24
38 18 34
18 39 44
39 18 32
18 44 26
44 18 22
18 54 39
54 18 56
18 57 34
57 18 25
18 58 23
58 18 18
18 59 36
59 18 44
18 60 26
60 18 49
18 61 31
61 18 42
18 62 46
62 18 46
18 63 51
63 18 63
18 64 16
64 18 25
18 65 17
65 18 25
18 66 26
66 18 18
18 67 27
67 18 28
18 68 41
68 18 46
18 69 53
69 18 40
18 70 56
70 18 43
18 71 23
71 18 29
18 72 59
72 18 42
18 73 48
73 18 36
18 74 19
74 18 24
18 75 33
75 18 23
19 20 28
20 19 22
19 21 25
21 19 40
19 24 89
24 19 70
19 25 34
25 19 41
19 26 14
26 19 23
19 27 38
27 19 31
19 28 17
28 19 18
19 29 34
29 19 26
19 30 76
30 19 71
19 32 38
32 19 43
19 34 34
34 19 38
19 35 8
35 19 13
19 36 5
36 19 6
19 40 78
40 19 54
19 41 40
41 19 51
19 42 60
42 19 50
19 43 61
43 19 56
19 45 18
45 19 32
19 46 17
46 19 16
19 47 18
47 19 19
19 48 44
48 19 59
19 49 34
49 19 66
19 50 40
50 19 44
19 51 30
51 19 27
19 52 60
52 19 44
19 53 15
53 19 27
19 55 75
55 19 61
19 56 13
56 19 13
19 1 34
1 19 32
19 2 59
2 19 55
19 7 27
7 19 33
19 9 80
9 19 58
19 14 14
14 19 11
19 22 55
22 19 57
19 23 96
23 19 66
19 31 79
31 19 58
19 33 17
33 19 31
19 37 50
37 19 55
19 38 76
38 19 58
19 39 53
39 19 51
19 44 22
44 19 22
19 54 68
54 19 79
19 57 33
57 19 53
19 58 70
58 19 50
19 59 9
59 19 10
19 60 45
60 19 31
19 61 34
61 19 36
19 62 25
62 19 48
19 63 66
63 19 52
19 64 39
64 19 58
19 65 51
65 19 59
19 66 28
66 19 35
19 67 40
67 19 34
19 68 24
68 19 19
19 69 5
69 19 6
19 70 9
70 19 11
19 71 58
71 19 55
19 72 29
72 19 40
19 73 18
73 19 27
19 74 30
74 19 34
19 75 42
75 19 36
20 21 24
21 20 18
20 24 35
24 20 58
20 25 20
25 20 33
20 26 12
26 20 24
20 27 10
27 20 9
20 28 14
28 20 15
20 29 17
29 20 13
20 30 87
30 20 64
20 32 15
32 20 24
20 34 43
34 20 39
20 35 12
35 20 10
20 36 15
36 20 16
20 40 33
40 20 32
20 41 39
41 20 29
20 42 30
42 20 28
20 43 36
43 20 42
20 45 21
45 20 30
20 46 4
46 20 6
20 47 12
47 20 9
20 48 48
48 20 41
20 49 66
49 20 52
20 50 36
50 20 30
20 51 23
51 20 27
20 52 55
52 20 45
20 53 39
53 20 36
20 55 37
55 20 39
20 56 31
56 20 25
20 1 16
1 20 15
20 2 27
2 20 39
20 7 19
7 20 34
20 9 79
9 20 53
20 14 13
14 20 21
20 22 41
22 20 36
20 23 67
23 20 48
20 31 24
31 20 46
20 33 28
33 20 28
20 37 51
37 20 53
20 38 71
38 20 49
20 39 31
39 20 40
20 44 24
44 20 18
20 54 86
54 20 66
20 57 47
57 20 47
20 58 68
58 20 57
20 59 28
59 20 22
20 60 13
60 20 11
20 61 16
61 20 15
20 62 37
62 20 29
20 63 37
63 20 30
20 64 85
64 20 57
20 65 47
65 20 60
20 66 30
66 20 29
20 67 25
67 20 21
20 68 7
68 20 11
20 69 20
69 20 22
20 70 15
70 20 17
20 71 36
71 20 48
20 72 15
72 20 20
20 73 5
73 20 8
20 74 25
74 20 24
20 75 36
75 20 27
21 24 56
24 21 52
21 25 45
25 21 36
21 26 36
26 21 36
21 27 11
27 21 9
21 28 19
28 21 29
21 29 19
29 21 21
21 30 46
30 21 63
21 32 19
32 21 16
21 34 53
34 21 47
21 35 14
35 21 28
21 36 28
36 21 34
21 40 14
40 21 15
21 41 6
41 21 11
21 42 16
42 21 12
21 43 25
43 21 35
21 45 28
45 21 38
21 46 35
46 21 24
21 47 29
47 21 23
21 48 18
48 21 29
21 49 43
49 21 44
21 50 22
50 21 26
21 51 38
51 21 37
21 52 60
52 21 53
21 53 65
53 21 49
21 55 27
55 21 23
21 56 60
56 21 41
21 1 18
1 21 16
21 2 32
2 21 32
21 7 28
7 21 43
21 9 41
9 21 55
21 14 27
14 21 38
21 22 23
22 21 21
21 23 33
23 21 36
21 31 21
31 21 40
21 33 36
33 21 36
21 37 75
37 21 57
21 38 24
38 21 47
21 39 21
39 21 37
21 44 31
44 21 29
21 54 44
54 21 59
21 57 44
57 21 49
21 58 62
58 21 67
21 59 47
59 21 39
21 60 12
60 21 12
21 61 10
61 21 8
21 62 15
62 21 18
21 63 17
63 21 14
21 64 84
64 21 62
21 65 67
65 21 67
21 66 47
66 21 35
21 67 19
67 21 23
21 68 13
68 21 26
21 69 50
69 21 40
21 70 32
70 21 34
21 71 37
71 21 48
21 72 10
72 21 11
21 73 15
73 21 15
21 74 14
74 21 27
21 75 17
75 21 30
24 25 18
25 24 30
24 26 34
26 24 48
24 27 75
27 24 51
24 28 54
28 24 52
24 29 37
29 24 46
24 30 13
30 24 18
24 32 44
32 24 36
24 34 35
34 24 40
24 35 51
35 24 65
24 36 78
36 24 65
24 40 40
40 24 47
24 41 27
41 24 50
24 42 48
42 24 45
24 43 22
43 24 16
24 45 21
45 24 40
24 46 67
46 24 59
24 47 50
47 24 53
24 48 35
48 24 26
24 49 9
49 24 8
24 50 15
50 24 28
24 51 37
51 24 45
24 52 34
52 24 39
24 53 76
53 24 55
24 55 49
55 24 40
24 56 60
56 24 60
24 1 61
1 24 42
24 2 12
2 24 19
24 7 50
7 24 42
24 9 34
9 24 23
24 14 81
14 24 60
24 22 33
22 24 36
24 23 16
23 24 23
24 31 7
31 24 12
24 33 60
33 24 41
24 37 18
37 24 30
24 38 10
38 24 14
24 39 16
39 24 19
24 44 53
44 24 47
24 54 7
54 24 9
24 57 24
57 24 23
24 58 42
58 24 53
24 59 56
59 24 76
24 60 85
60 24 61
24 61 43
61 24 45
24 62 28
62 24 34
24 63 43
63 24 59
24 64 22
64 24 34
24 65 39
65 24 41
24 66 40
66 24 36
24 67 46
67 24 37
24 68 97
68 24 68
24 69 106
69 24 74
24 70 84
70 24 72
24 71 23
71 24 18
24 72 59
72 24 41
24 73 43
73 24 50
24 74 33
74 24 35
24 75 23
75 24 33
25 26 25
26 25 18
25 27 20
27 25 31
25 28 28
28 25 23
25 29 17
29 25 20
25 30 36
30 25 32
25 32 30
32 25 23
25 34 13
34 25 15
25 35 25
35 25 38
25 36 23
36 25 36
25 40 53
40 25 41
25 41 44
41 25 41
25 42 47
42 25 37
25 43 16
43 25 20
25 45 15
45 25 11
25 46 41
46 25 32
25 47 38
47 25 26
25 48 38
48 25 30
25 49 23
49 25 28
25 50 15
50 25 14
25 51 22
51 25 15
25 52 20
52 25 18
25 53 14
53 25 26
25 55 46
55 25 41
25 56 34
56 25 30
25 1 29
1 25 21
25 2 28
2 25 20
25 7 19
7 25 14
25 9 13
9 25 20
25 14 36
14 25 30
25 22 24
22 25 35
25 23 18
23 25 34
25 31 26
31 25 20
25 33 12
33 25 11
25 37 31
37 25 21
25 38 26
38 25 18
25 39 6
39 25 12
25 44 13
44 25 18
25 54 27
54 25 39
25 57 11
57 25 14
25 58 38
58 25 34
25 59 44
59 25 48
25 60 54
60 25 40
25 61 16
61 25 28
25 62 26
62 25 26
25 63 51
63 25 49
25 64 20
64 25 26
25 65 21
65 25 31
25 66 8
66 25 6
25 67 19
67 25 13
25 68 31
68 25 43
25 69 23
69 25 45
25 70 29
70 25 45
25 71 14
71 25 15
25 72 36
72 25 26
25 73 36
73 25 26
25 74 12
74 25 9
25 75 5
75 25 6
26 27 17
27 26 27
26 28 8
28 26 9
26 29 8
29 26 14
26 30 48
30 26 48
26 32 30
32 26 29
26 34 13
34 26 16
26 35 34
35 26 24
26 36 28
36 26 20
26 40 62
40 26 46
26 41 42
41 26 44
26 42 51
42 26 42
26 43 36
43 26 37
26 45 8
45 26 9
26 46 24
46 26 20
26 47 18
47 26 15
26 48 59
48 26 43
26 49 46
49 26 46
26 50 33
50 26 26
26 51 2
51 26 4
26 52 30
52 26 23
26 53 8
53 26 14
26 55 37
55 26 49
26 56 7
56 26 12
26 1 28
1 26 21
26 2 23
2 26 36
26 7 7
7 26 11
26 9 27
9 26 35
26 14 8
14 26 12
26 22 25
22 26 44
26 23 31
23 26 49
26 31 24
31 26 38
26 33 6
33 26 8
26 37 27
37 26 33
26 38 45
38 26 36
26 39 17
39 26 30
26 44 5
44 26 6
26 54 72
54 26 58
26 57 43
57 26 30
26 58 38
58 26 34
26 59 31
59 26 31
26 60 17
60 26 34
26 61 23
61 26 28
26 62 21
62 26 35
26 63 44
63 26 49
26 64 52
64 26 36
26 65 24
65 26 38
26 66 10
66 26 13
26 67 16
67 26 17
26 68 17
68 26 30
26 69 38
69 26 28
26 70 32
70 26 29
26 71 40
71 26 33
26 72 28
72 26 30
26 73 14
73 26 20
26 74 19
74 26 15
26 75 11
75 26 16
27 28 27
28 27 20
27 29 16
29 27 13
27 30 41
30 27 60
27 32 15
32 27 16
27 34 58
34 27 39
27 35 11
35 27 20
27 36 28
36 27 25
27 40 19
40 27 23
27 41 10
41 27 20
27 42 11
42 27 19
27 43 52
43 27 35
27 45 22
45 27 30
27 46 17
46 27 15
27 47 17
47 27 14
27 48 21
48 27 32
27 49 43
49 27 45
27 50 25
50 27 24
27 51 34
51 27 29
27 52 46
52 27 46
27 53 24
53 27 41
27 55 18
55 27 30
27 56 20
56 27 32
27 1 12
1 27 10
27 2 37
2 27 32
27 7 22
7 27 35
27 9 59
9 27 50
27 14 19
14 27 28
27 22 19
22 27 27
27 23 48
23 27 39
27 31 32
31 27 39
27 33 39
33 27 28
27 37 30
37 27 51
27 38 32
38 27 44
27 39 37
39 27 34
27 44 30
44 27 21
27 54 36
54 27 60
27 57 40
57 27 44
27 58 52
58 27 59
27 59 43
59 27 31
27 60 14
60 27 10
27 61 5
61 27 6
27 62 28
62 27 20
27 63 22
63 27 23
27 64 46
64 27 56
27 65 57
65 27 60
27 66 14
66 27 28
27 67 11
67 27 17
27 68 12
68 27 19
27 69 40
69 27 32
27 70 23
70 27 26
27 71 23
71 27 44
27 72 11
72 27 11
27 73 7
73 27 6
27 74 20
74 27 21
27 75 14
75 27 24
28 29 8
29 28 9
28 30 50
30 28 54
28 32 30
32 28 26
28 34 19
34 28 24
28 35 22
35 28 16
28 36 19
36 28 14
28 40 23
40 28 41
28 41 45
41 28 39
28 42 35
42 28 37
28 43 37
43 28 38
28 45 15
45 28 16
28 46 12
46 28 11
28 47 8
47 28 6
28 48 48
48 28 42
28 49 45
49 28 48
28 50 22
50 28 26
28 51 7
51 28 12
28 52 29
52 28 31
28 53 30
53 28 21
28 55 33
55 28 46
28 56 7
56 28 13
28 1 12
1 28 16
28 2 51
2 28 36
28 7 21
7 28 19
28 9 25
9 28 42
28 14 8
14 28 10
28 22 41
22 28 41
28 23 56
23 28 48
28 31 34
31 28 40
28 33 13
33 28 14
28 37 42
37 28 40
28 38 27
38 28 40
28 39 21
39 28 33
28 44 5
44 28 4
28 54 88
54 28 61
28 57 33
57 28 36
28 58 48
58 28 42
28 59 25
59 28 25
28 60 20
60 28 25
28 61 14
61 28 23
28 62 26
62 28 32
28 63 55
63 28 43
28 64 43
64 28 44
28 65 40
65 28 46
28 66 25
66 28 17
28 67 18
67 28 16
28 68 12
68 28 22
28 69 14
69 28 23
28 70 19
70 28 22
28 71 34
71 28 38
28 72 32
72 28 25
28 73 11
73 28 13
28 74 8
74 28 16
28 75 23
75 28 18
29 30 74
30 29 51
29 32 22
32 29 17
29 34 16
34 29 27
29 35 23
35 29 19
29 36 10
36 29 20
29 40 17
40 29 32
29 41 42
41 29 30
29 42 30
42 29 28
29 43 26
43 29 31
29 45 11
45 29 18
29 46 8
46 29 13
29 47 8
47 29 7
29 48 40
48 29 33
29 49 58
49 29 41
29 50 14
50 29 19
29 51 20
51 29 16
29 52 17
52 29 33
29 53 37
53 29 28
29 55 34
55 29 37
29 56 22
56 29 22
29 1 7
1 29 7
29 2 25
2 29 29
29 7 17
7 29 22
29 9 28
9 29 40
29 14 26
14 29 19
29 22 19
22 29 32
29 23 54
23 29 40
29 31 50
31 29 34
29 33 14
33 29 16
29 37 32
37 29 40
29 38 34
38 29 36
29 39 22
39 29 27
29 44 9
44 29 8
29 54 36
54 29 55
29 57 36
57 29 34
29 58 56
58 29 47
29 59 22
59 29 30
29 60 31
60 29 21
29 61 7
61 29 14
29 62 25
62 29 23
29 63 32
63 29 35
29 64 49
64 29 45
29 65 49
65 29 48
29 66 19
66 29 16
29 67 8
67 29 9
29 68 21
68 29 23
29 69 15
69 29 29
29 70 29
70 29 26
29 71 30
71 29 35
29 72 13
72 29 16
29 73 8
73 29 7
29 74 12
74 29 11
29 75 12
75 29 14
30 32 28
32 30 47
30 34 23
34 30 35
30 35 66
35 30 70
30 36 62
36 30 68
30 40 66
40 30 62
30 41 94
41 30 64
30 42 54
42 30 59
30 43 19
43 30 30
30 45 34
45 30 39
30 46 36
46 30 64
30 47 71
47 30 58
30 48 52
48 30 42
30 49 36
49 30 26
30 50 38
50 30 37
30 51 30
51 30 44
30 52 36
52 30 31
30 53 55
53 30 50
30 55 34
55 30 56
30 56 64
56 30 60
30 1 35
1 30 50
30 2 26
2 30 33
30 7 49
7 30 39
30 9 13
9 30 13
30 14 89
14 30 60
30 22 67
22 30 52
30 23 28
23 30 41
30 31 23
31 30 25
30 33 53
33 30 41
30 37 13
37 30 19
30 38 14
38 30 16
30 39 19
39 30 26
30 44 54
44 30 50
30 54 22
54 30 22
30 57 24
57 30 18
30 58 54
58 30 41
30 59 117
59 30 79
30 60 104
60 30 70
30 61 49
61 30 56
30 62 70
62 30 47
30 63 54
63 30 72
30 64 13
64 30 20
30 65 21
65 30 26
30 66 29
66 30 37
30 67 23
67 30 44
30 68 107
68 30 74
30 69 89
69 30 76
30 70 43
70 30 76
30 71 20
71 30 16
30 72 48
72 30 52
30 73 68
73 30 56
30 74 49
74 30 40
30 75 19
75 30 37
32 34 46
34 32 36
32 35 39
35 32 34
32 36 34
36 32 37
32 40 19
40 32 18
32 41 12
41 32 19
32 42 18
42 32 14
32 43 15
43 32 20
32 45 25
45 32 28
32 46 15
46 32 28
32 47 18
47 32 23
32 48 23
48 32 17
32 49 20
49 32 29
32 50 13
50 32 10
32 51 17
51 32 29
32 52 54
52 32 40
32 53 56
53 32 42
32 55 10
55 32 20
32 56 54
56 32 39
32 1 12
1 32 10
32 2 19
2 32 17
32 7 37
7 32 33
32 9 56
9 32 40
32 14 45
14 32 36
32 22 19
22 32 15
32 23 21
23 32 24
32 31 30
31 32 24
32 33 14
33 32 26
32 37 22
37 32 43
32 38 19
38 32 31
32 39 28
39 32 21
32 44 13
44 32 24
32 54 37
54 32 44
32 57 32
57 32 34
32 58 58
58 32 56
32 59 38
59 32 45
32 60 28
60 32 25
32 61 5
61 32 10
32 62 7
62 32 6
32 63 18
63 32 26
32 64 36
64 32 47
32 65 28
65 32 53
32 66 15
66 32 23
32 67 18
67 32 13
32 68 21
68 32 35
32 69 33
69 32 45
32 70 61
70 32 41
32 71 29
71 32 32
32 72 5
72 32 5
32 73 23
73 32 17
32 74 20
74 32 16
32 75 23
75 32 18
34 35 38
35 34 40
34 36 41
36 34 35
34 40 36
40 34 54
34 41 66
41 34 54
34 42 34
42 34 50
34 43 31
43 34 34
34 45 13
45 34 9
34 46 21
46 34 35
34 47 44
47 34 30
34 48 52
48 34 45
34 49 57
49 34 40
34 50 29
50 34 28
34 51 13
51 34 12
34 52 10
52 34 7
34 53 16
53 34 15
34 55 58
55 34 55
34 56 21
56 34 25
34 1 36
1 34 31
34 2 32
2 34 34
34 7 5
7 34 5
34 9 23
9 34 22
34 14 17
14 34 27
34 22 65
22 34 49
34 23 29
23 34 49
34 31 43
31 34 33
34 33 15
33 34 11
34 37 15
37 34 18
34 38 21
38 34 27
34 39 31
39 34 25
34 44 12
44 34 21
34 54 30
54 34 49
34 57 23
57 34 18
34 58 17
58 34 21
34 59 29
59 34 47
34 60 42
60 34 48
34 61 57
61 34 39
34 62 27
62 34 40
34 63 33
63 34 60
34 64 20
64 34 21
34 65 32
65 34 22
34 66 11
66 34 13
34 67 19
67 34 24
34 68 45
68 34 46
34 69 36
69 34 43
34 70 37
70 34 45
34 71 25
71 34 22
34 72 42
72 34 38
34 73 17
73 34 34
34 74 29
74 34 20
34 75 13
75 34 18
35 36 7
36 35 8
35 40 37
40 35 43
35 41 34
41 35 39
35 42 29
42 35 39
35 43 61
43 35 50
35 45 44
45 35 32
35 46 5
46 35 6
35 47 8
47 35 12
35 48 52
48 35 50
35 49 52
49 35 60
35 50 22
50 35 38
35 51 17
51 35 28
35 52 31
52 35 47
35 53 23
53 35 34
35 55 43
55 35 50
35 56 25
56 35 20
35 1 17
1 35 24
35 2 63
2 35 48
35 7 31
7 35 35
35 9 39
9 35 58
35 14 22
14 35 16
35 22 68
22 35 47
35 23 30
23 35 57
35 31 53
31 35 54
35 33 33
33 35 30
35 37 58
37 35 56
35 38 51
38 35 55
35 39 53
39 35 47
35 44 26
44 35 20
35 54 67
54 35 74
35 57 39
57 35 52
35 58 33
58 35 56
35 59 6
59 35 12
35 60 10
60 35 18
35 61 23
61 35 26
35 62 35
62 35 39
35 63 58
63 35 39
35 64 51
64 35 60
35 65 41
65 35 62
35 66 49
66 35 33
35 67 15
67 35 28
35 68 6
68 35 7
35 69 7
69 35 12
35 70 6
70 35 7
35 71 66
71 35 53
35 72 30
72 35 30
35 73 12
73 35 17
35 74 15
74 35 30
35 75 28
75 35 33
36 40 31
40 36 48
36 41 44
41 36 45
36 42 28
42 36 44
36 43 73
43 36 51
36 45 32
45 36 28
36 46 11
46 36 10
36 47 15
47 36 13
36 48 42
48 36 53
36 49 61
49 36 61
36 50 43
50 36 39
36 51 17
51 36 24
36 52 62
52 36 42
36 53 31
53 36 27
36 55 75
55 36 55
36 56 16
56 36 13
36 1 18
1 36 26
36 2 26
2 36 49
36 7 43
7 36 30
36 9 49
9 36 55
36 14 8
14 36 9
36 22 54
22 36 51
36 23 55
23 36 60
36 31 61
31 36 54
36 33 36
33 36 27
36 37 32
37 36 53
36 38 52
38 36 54
36 39 41
39 36 46
36 44 16
44 36 18
36 54 38
54 36 74
36 57 68
57 36 49
36 58 42
58 36 50
36 59 16
59 36 12
36 60 17
60 36 26
36 61 24
61 36 30
36 62 62
62 36 42
36 63 33
63 36 46
36 64 63
64 36 56
36 65 45
65 36 57
36 66 23
66 36 31
36 67 39
67 36 28
36 68 17
68 36 15
36 69 12
69 36 9
36 70 10
70 36 10
36 71 44
71 36 51
36 72 49
72 36 34
36 73 12
73 36 21
36 74 18
74 36 30
36 75 29
75 36 32
40 41 4
41 40 4
40 42 3
42 40 4
40 43 33
43 40 32
40 45 35
45 40 46
40 46 47
46 40 38
40 47 46
47 40 36
40 48 20
48 40 21
40 49 50
49 40 39
40 50 40
50 40 28
40 51 63
51 40 46
40 52 33
52 40 58
40 53 60
53 40 59
40 55 13
55 40 10
40 56 38
56 40 54
40 1 25
1 40 26
40 2 35
2 40 29
40 7 35
7 40 51
40 9 34
9 40 56
40 14 72
14 40 50
40 22 15
22 40 11
40 23 25
23 40 26
40 31 55
31 40 37
40 33 58
33 40 44
40 37 31
37 40 60
40 38 32
38 40 47
40 39 26
39 40 38
40 44 45
44 40 40
40 54 65
54 40 53
40 57 26
57 40 51
40 58 48
58 40 74
40 59 31
59 40 54
40 60 33
60 40 26
40 61 24
61 40 18
40 62 17
62 40 15
40 63 8
63 40 12
40 64 38
64 40 65
40 65 74
65 40 71
40 66 40
66 40 41
40 67 37
67 40 30
40 68 52
68 40 40
40 69 45
69 40 55
40 70 36
70 40 49
40 71 45
71 40 49
40 72 15
72 40 16
40 73 25
73 40 28
40 74 44
74 40 34
40 75 42
75 40 36
41 42 4
42 41 5
41 43 32
43 41 34
41 45 39
45 41 46
41 46 22
46 41 35
41 47 19
47 41 34
41 48 26
48 41 24
41 49 39
49 41 42
41 50 39
50 41 29
41 51 38
51 41 46
41 52 61
52 41 59
41 53 50
53 41 58
41 55 8
55 41 14
41 56 48
56 41 52
41 1 27
1 41 24
41 2 19
2 41 32
41 7 41
7 41 51
41 9 69
9 41 58
41 14 42
14 41 48
41 22 17
22 41 15
41 23 26
23 41 30
41 31 45
31 41 40
41 33 58
33 41 44
41 37 66
37 41 61
41 38 37
38 41 48
41 39 43
39 41 39
41 44 37
44 41 38
41 54 67
54 41 56
41 57 68
57 41 52
41 58 100
58 41 74
41 59 28
59 41 50
41 60 23
60 41 22
41 61 16
61 41 16
41 62 15
62 41 17
41 63 9
63 41 9
41 64 60
64 41 66
41 65 66
65 41 72
41 66 58
66 41 41
41 67 34
67 41 30
41 68 39
68 41 36
41 69 42
69 41 51
41 70 29
70 41 45
41 71 62
71 41 50
41 72 16
72 41 16
41 73 36
73 41 26
41 74 43
74 41 34
41 75 26
75 41 36
42 43 17
43 42 29
42 45 26
45 42 42
42 46 46
46 42 34
42 47 29
47 42 32
42 48 25
48 42 19
42 49 37
49 42 37
42 50 24
50 42 24
42 51 45
51 42 42
42 52 70
52 42 54
42 53 75
53 42 55
42 55 8
55 42 12
42 56 28
56 42 50
42 1 14
1 42 21
42 2 27
2 42 26
42 7 51
7 42 47
42 9 52
9 42 53
42 14 57
14 42 46
42 22 9
22 42 10
42 23 38
23 42 26
42 31 25
31 42 35
42 33 24
33 42 40
42 37 70
37 42 56
42 38 26
38 42 43
42 39 47
39 42 34
42 44 39
44 42 36
42 54 61
54 42 51
42 57 25
57 42 48
42 58 102
58 42 70
42 59 65
59 42 50
42 60 13
60 42 24
42 61 13
61 42 14
42 62 11
62 42 12
42 63 14
63 42 14
42 64 58
64 42 61
42 65 57
65 42 67
42 66 51
66 42 37
42 67 33
67 42 26
42 68 40
68 42 37
42 69 73
69 42 51
42 70 32
70 42 45
42 71 32
71 42 45
42 72 17
72 42 12
42 73 29
73 42 24
42 74 44
74 42 30
42 75 44
75 42 32
43 45 23
45 43 31
43 46 43
46 43 44
43 47 37
47 43 38
43 48 11
48 43 13
43 49 5
49 43 10
43 50 16
50 43 12
43 51 47
51 43 34
43 52 34
52 43 35
43 53 48
53 43 47
43 55 30
55 43 27
43 56 63
56 43 49
43 1 31
1 43 27
43 2 3
2 43 3
43 7 21
7 43 34
43 9 24
9 43 26
43 14 60
14 43 48
43 22 16
22 43 22
43 23 14
23 43 15
43 31 4
31 43 5
43 33 41
33 43 30
43 37 40
37 43 32
43 38 11
38 43 15
43 39 8
39 43 9
43 44 26
44 43 34
43 54 24
54 43 25
43 57 19
57 43 22
43 58 57
58 43 52
43 59 68
59 43 61
43 60 23
60 43 45
43 61 26
61 43 29
43 62 24
62 43 18
43 63 31
63 43 43
43 64 33
64 43 36
43 65 30
65 43 43
43 66 28
66 43 25
43 67 27
67 43 23
43 68 40
68 43 53
43 69 37
69 43 60
43 70 55
70 43 57
43 71 23
71 43 18
43 72 27
72 43 25
43 73 38
73 43 34
43 74 31
74 43 22
43 75 19
75 43 21
45 46 24
46 45 27
45 47 23
47 45 21
45 48 37
48 45 39
45 49 25
49 45 39
45 50 21
50 45 22
45 51 5
51 45 5
45 52 9
52 45 16
45 53 16
53 45 16
45 55 40
55 45 48
45 56 12
56 45 21
45 1 19
1 45 22
45 2 37
2 45 30
45 7 6
7 45 5
45 9 22
9 45 26
45 14 30
14 45 21
45 22 30
22 45 42
45 23 31
23 45 44
45 31 45
31 45 31
45 33 1
33 45 2
45 37 33
37 45 24
45 38 27
38 45 28
45 39 17
39 45 22
45 44 7
44 45 12
45 54 73
54 45 50
45 57 16
57 45 21
45 58 25
58 45 29
45 59 56
59 45 40
45 60 38
60 45 39
45 61 32
61 45 30
45 62 46
62 45 33
45 63 46
63 45 51
45 64 26
64 45 28
45 65 25
65 45 31
45 66 4
66 45 6
45 67 23
67 45 16
45 68 51
68 45 38
45 69 34
69 45 37
45 70 42
70 45 38
45 71 34
71 45 24
45 72 34
72 45 30
45 73 37
73 45 25
45 74 16
74 45 12
45 75 6
75 45 11
46 47 5
47 46 6
46 48 25
48 46 44
46 49 53
49 46 54
46 50 31
50 46 32
46 51 27
51 46 23
46 52 38
52 46 42
46 53 30
53 46 31
46 55 47
55 46 45
46 56 25
56 46 19
46 1 25
1 46 18
46 2 50
2 46 41
46 7 38
7 46 30
46 9 51
9 46 52
46 14 18
14 46 15
46 22 44
22 46 41
46 23 57
23 46 51
46 31 34
31 46 47
46 33 32
33 46 25
46 37 35
37 46 51
46 38 43
38 46 49
46 39 25
39 46 40
46 44 9
44 46 15
46 54 35
54 46 68
46 57 46
57 46 46
46 58 36
58 46 53
46 59 9
59 46 18
46 60 13
60 46 17
46 61 16
61 46 21
46 62 35
62 46 34
46 63 41
63 46 36
46 64 60
64 46 55
46 65 33
65 46 57
46 66 23
66 46 27
46 67 12
67 46 22
46 68 9
68 46 11
46 69 23
69 46 17
46 70 12
70 46 13
46 71 62
71 46 47
46 72 24
72 46 25
46 73 9
73 46 11
46 74 24
74 46 24
46 75 34
75 46 27
47 48 36
48 47 40
47 49 30
49 47 48
47 50 28
50 47 26
47 51 25
51 47 18
47 52 28
52 47 37
47 53 22
53 47 28
47 55 56
55 47 42
47 56 11
56 47 18
47 1 17
1 47 13
47 2 42
2 47 36
47 7 30
7 47 25
47 9 45
9 47 46
47 14 11
14 47 14
47 22 48
22 47 38
47 23 35
23 47 47
47 31 24
31 47 41
47 33 11
33 47 19
47 37 26
37 47 45
47 38 49
38 47 43
47 39 24
39 47 34
47 44 12
44 47 9
47 54 88
54 47 62
47 57 53
57 47 40
47 58 48
58 47 48
47 59 26
59 47 23
47 60 14
60 47 19
47 61 12
61 47 18
47 62 39
62 47 29
47 63 20
63 47 37
47 64 41
64 47 49
47 65 56
65 47 52
47 66 12
66 47 21
47 67 10
67 47 16
47 68 14
68 47 17
47 69 30
69 47 22
47 70 16
70 47 19
47 71 33
71 47 41
47 72 24
72 47 21
47 73 7
73 47 8
47 74 19
74 47 18
47 75 18
75 47 21
48 49 13
49 48 18
48 50 25
50 48 17
48 51 45
51 48 42
48 52 61
52 48 47
48 53 82
53 48 55
48 55 19
55 48 14
48 56 72
56 48 54
48 1 32
1 48 27
48 2 13
2 48 11
48 7 55
7 48 44
48 9 55
9 48 39
48 14 67
14 48 52
48 22 9
22 48 10
48 23 10
23 48 7
48 31 25
31 48 18
48 33 49
33 48 38
48 37 35
37 48 45
48 38 14
38 48 28
48 39 31
39 48 22
48 44 47
44 48 39
48 54 39
54 48 32
48 57 34
57 48 36
48 58 68
58 48 64
48 59 45
59 48 62
48 60 53
60 48 40
48 61 29
61 48 25
48 62 12
62 48 11
48 63 30
63 48 33
48 64 56
64 48 50
48 65 80
65 48 56
48 66 29
66 48 33
48 67 20
67 48 26
48 68 53
68 48 51
48 69 48
69 48 62
48 70 63
70 48 57
48 71 18
71 48 32
48 72 11
72 48 20
48 73 36
73 48 33
48 74 24
74 48 28
48 75 39
75 48 28
49 50 16
50 49 22
49 51 50
51 49 43
49 52 21
52 49 40
49 53 78
53 49 54
49 55 23
55 49 32
49 56 38
56 49 58
49 1 49
1 49 37
49 2 15
2 49 13
49 7 46
7 49 41
49 9 17
9 49 27
49 14 52
14 49 57
49 22 31
22 49 28
49 23 19
23 49 15
49 31 4
31 49 8
49 33 31
33 49 38
49 37 47
37 49 34
49 38 22
38 49 16
49 39 13
39 49 16
49 44 28
44 49 44
49 54 13
54 49 15
49 57 24
57 49 25
49 58 44
58 49 55
49 59 89
59 49 71
49 60 78
60 49 54
49 61 54
61 49 39
49 62 28
62 49 26
49 63 57
63 49 51
49 64 39
64 49 38
49 65 24
65 49 45
49 66 32
66 49 33
49 67 22
67 49 33
49 68 42
68 49 63
49 69 49
69 49 70
49 70 70
70 49 67
49 71 18
71 49 20
49 72 40
72 49 34
49 73 40
73 49 44
49 74 36
74 49 31
49 75 16
75 49 30
50 51 14
51 50 25
50 52 46
52 50 32
50 53 32
53 50 38
50 55 28
55 50 27
50 56 42
56 50 38
50 1 8
1 50 15
50 2 13
2 50 10
50 7 33
7 50 27
50 9 18
9 50 29
50 14 38
14 50 36
50 22 16
22 50 21
50 23 19
23 50 22
50 31 10
31 50 16
50 33 20
33 50 21
50 37 28
37 50 32
50 38 29
38 50 21
50 39 12
39 50 11
50 44 27
44 50 23
50 54 28
54 50 36
50 57 23
57 50 24
50 58 53
58 50 48
50 59 61
59 50 49
50 60 50
60 50 34
50 61 20
61 50 19
50 62 16
62 50 13
50 63 33
63 50 37
50 64 21
64 50 37
50 65 49
65 50 43
50 66 21
66 50 16
50 67 11
67 50 11
50 68 49
68 50 41
50 69 41
69 50 48
50 70 48
70 50 45
50 71 19
71 50 22
50 72 16
72 50 15
50 73 23
73 50 22
50 74 15
74 50 11
50 75 9
75 50 11
51 52 17
52 51 19
51 53 19
53 51 13
51 55 53
55 51 50
51 56 16
56 51 16
51 1 12
1 51 22
51 2 40
2 51 33
51 7 8
7 51 7
51 9 22
9 51 31
51 14 11
14 51 16
51 22 35
22 51 44
51 23 42
23 51 47
51 31 22
31 51 35
51 33 4
33 51 4
51 37 21
37 51 29
51 38 40
38 51 33
51 39 15
39 51 27
51 44 9
44 51 9
51 54 36
54 51 54
51 57 37
57 51 26
51 58 45
58 51 31
51 59 29
59 51 35
51 60 25
60 51 37
51 61 20
61 51 30
51 62 29
62 51 35
51 63 48
63 51 51
51 64 34
64 51 32
51 65 48
65 51 34
51 66 13
66 51 10
51 67 9
67 51 17
51 68 23
68 51 34
51 69 24
69 51 32
51 70 44
70 51 33
51 71 21
71 51 29
51 72 34
72 51 30
51 73 22
73 51 23
51 74 16
74 51 14
51 75 12
75 51 14
52 53 19
53 52 20
52 55 30
55 52 59
52 56 34
56 52 32
52 1 47
1 52 36
52 2 53
2 52 36
52 7 10
7 52 12
52 9 13
9 52 17
52 14 41
14 52 34
52 22 62
22 52 53
52 23 66
23 52 50
52 31 36
31 52 33
52 33 21
33 52 18
52 37 14
37 52 12
52 38 31
38 52 25
52 39 18
39 52 26
52 44 39
44 52 27
52 54 40
54 52 47
52 57 20
57 52 15
52 58 18
58 52 17
52 59 80
59 52 54
52 60 52
60 52 54
52 61 57
61 52 45
52 62 45
62 52 44
52 63 80
63 52 66
52 64 9
64 52 14
52 65 18
65 52 15
52 66 21
66 52 18
52 67 36
67 52 29
52 68 51
68 52 53
52 69 48
69 52 50
52 70 69
70 52 52
52 71 16
71 52 20
52 72 45
72 52 43
52 73 31
73 52 40
52 74 20
74 52 25
52 75 18
75 52 23
53 55 45
55 53 63
53 56 10
56 53 14
53 1 35
1 53 34
53 2 46
2 53 46
53 7 19
7 53 13
53 9 27
9 53 37
53 14 24
14 53 18
53 22 71
22 53 57
53 23 83
23 53 60
53 31 65
31 53 47
53 33 22
33 53 17
53 37 24
37 53 32
53 38 39
38 53 42
53 39 52
39 53 38
53 44 24
44 53 20
53 54 80
54 53 64
53 57 23
57 53 33
53 58 13
58 53 23
53 59 54
59 53 37
53 60 33
60 53 47
53 61 63
61 53 43
53 62 66
62 53 48
53 63 89
63 53 63
53 64 39
64 53 34
53 65 31
65 53 33
53 66 17
66 53 22
53 67 17
67 53 30
53 68 40
68 53 41
53 69 35
69 53 33
53 70 52
70 53 37
53 71 54
71 53 37
53 72 23
72 53 43
53 73 32
73 53 34
53 74 28
74 53 27
53 75 32
75 53 27
55 56 57
56 55 59
55 1 39
1 55 30
55 2 34
2 55 25
55 7 64
7 55 53
55 9 46
9 55 53
55 14 52
14 55 56
55 22 8
22 55 6
55 23 11
23 55 18
55 31 28
31 55 32
55 33 40
33 55 46
55 37 83
37 55 58
55 38 33
38 55 42
55 39 38
39 55 35
55 44 28
44 55 44
55 54 23
54 55 45
55 57 50
57 55 49
55 58 94
58 55 75
55 59 43
59 55 62
55 60 26
60 55 36
55 61 32
61 55 25
55 62 12
62 55 15
55 63 25
63 55 22
55 64 61
64 55 63
55 65 71
65 55 69
55 66 52
66 55 43
55 67 47
67 55 33
55 68 54
68 55 49
55 69 34
69 55 62
55 70 85
70 55 57
55 71 27
71 55 45
55 72 21
72 55 21
55 73 28
73 55 34
55 74 18
74 55 36
55 75 37
75 55 37
56 1 38
1 56 29
56 2 30
2 56 48
56 7 25
7 56 21
56 9 29
9 56 46
56 14 4
14 56 4
56 22 56
22 56 54
56 23 46
23 56 60
56 31 37
31 56 50
56 33 14
33 56 20
56 37 30
37 56 43
56 38 48
38 56 48
56 39 23
39 56 42
56 44 10
44 56 15
56 54 50
54 56 70
56 57 59
57 56 41
56 58 19
58 56 37
56 59 21
59 56 23
56 60 44
60 56 36
56 61 38
61 56 36
56 62 50
62 56 45
56 63 31
63 56 55
56 64 68
64 56 46
56 65 46
65 56 46
56 66 13
66 56 25
56 67 35
67 56 28
56 68 19
68 56 27
56 69 26
69 56 19
56 70 29
70 56 23
56 71 61
71 56 45
56 72 47
72 56 38
56 73 14
73 56 26
56 74 37
74 56 27
56 75 34
75 56 28
1 2 12
2 1 24
1 7 17
7 1 27
1 9 29
9 1 40
1 14 14
14 1 26
1 22 35
22 1 25
1 23 45
23 1 34
1 31 39
31 1 30
1 33 24
33 1 20
1 37 36
37 1 41
1 38 24
38 1 34
1 39 35
39 1 25
1 44 21
44 1 15
1 54 38
54 1 51
1 57 24
57 1 34
1 58 66
58 1 51
1 59 31
59 1 36
1 60 29
60 1 20
1 61 7
61 1 8
1 62 8
62 1 16
1 63 40
63 1 29
1 64 53
64 1 46
1 65 36
65 1 50
1 66 22
66 1 18
1 67 10
67 1 7
1 68 35
68 1 26
1 69 52
69 1 35
1 70 31
70 1 31
1 71 47
71 1 34
1 72 13
72 1 9
1 73 5
73 1 7
1 74 16
74 1 11
1 75 11
75 1 14
2 7 33
7 2 34
2 9 39
9 2 28
2 14 53
14 2 46
2 22 22
22 2 20
2 23 20
23 2 14
2 31 8
31 2 8
2 33 24
33 2 29
2 37 32
37 2 33
2 38 13
38 2 17
2 39 6
39 2 10
2 44 27
44 2 33
2 54 37
54 2 27
2 57 32
57 2 24
2 58 74
58 2 52
2 59 55
59 2 59
2 60 40
60 2 42
2 61 33
61 2 27
2 62 11
62 2 15
2 63 48
63 2 40
2 64 38
64 2 38
2 65 58
65 2 45
2 66 32
66 2 24
2 67 18
67 2 21
2 68 35
68 2 50
2 69 67
69 2 58
2 70 56
70 2 54
2 71 25
71 2 21
2 72 12
72 2 22
2 73 41
73 2 31
2 74 25
74 2 21
2 75 15
75 2 20
7 9 13
9 7 26
7 14 24
14 7 22
7 22 66
22 7 47
7 23 64
23 7 48
7 31 41
31 7 34
7 33 7
33 7 7
7 37 28
37 7 22
7 38 27
38 7 29
7 39 25
39 7 25
7 44 17
44 7 16
7 54 71
54 7 51
7 57 24
57 7 21
7 58 31
58 7 24
7 59 31
59 7 42
7 60 56
60 7 43
7 61 38
61 7 35
7 62 24
62 7 38
7 63 48
63 7 56
7 64 18
64 7 25
7 65 30
65 7 27
7 66 12
66 7 10
7 67 11
67 7 21
7 68 48
68 7 41
7 69 23
69 7 38
7 70 40
70 7 40
7 71 13
71 7 25
7 72 45
72 7 35
7 73 32
73 7 29
7 74 25
74 7 17
7 75 14
75 7 15
9 14 52
14 9 47
9 22 24
22 9 48
9 23 20
23 9 40
9 31 16
31 9 22
9 33 29
33 9 28
9 37 6
37 9 7
9 38 6
38 9 12
9 39 13
39 9 19
9 44 35
44 9 37
9 54 24
54 9 30
9 57 3
57 9 6
9 58 35
58 9 30
9 59 70
59 9 66
9 60 36
60 9 60
9 61 25
61 9 47
9 62 43
62 9 41
9 63 80
63 9 66
9 64 15
64 9 11
9 65 19
65 9 18
9 66 18
66 9 25
9 67 41
67 9 33
9 68 37
68 9 63
9 69 54
69 9 63
9 70 73
70 9 64
9 71 9
71 9 8
9 72 27
72 9 44
9 73 46
73 9 46
9 74 43
74 9 29
9 75 27
75 9 26
14 22 55
22 14 51
14 23 77
23 14 58
14 31 55
31 14 49
14 33 22
33 14 20
14 37 54
37 14 45
14 38 32
38 14 48
14 39 56
39 14 41
14 44 16
44 14 13
14 54 103
54 14 69
14 57 47
57 14 42
14 58 32
58 14 41
14 59 10
59 14 20
14 60 42
60 14 32
14 61 28
61 14 32
14 62 24
62 14 42
14 63 76
63 14 51
14 64 47
64 14 48
14 65 55
65 14 48
14 66 33
66 14 25
14 67 30
67 14 25
14 68 20
68 14 23
14 69 15
69 14 16
14 70 19
70 14 19
14 71 36
71 14 45
14 72 23
72 14 35
14 73 13
73 14 22
14 74 14
74 14 25
14 75 29
75 14 27
22 23 18
23 22 16
22 31 24
31 22 27
22 33 58
33 22 41
22 37 66
37 22 52
22 38 35
38 22 37
22 39 19
39 22 29
22 44 58
44 22 39
22 54 32
54 22 42
22 57 47
57 22 43
22 58 83
58 22 69
22 59 56
59 22 58
22 60 49
60 22 33
22 61 15
61 22 21
22 62 8
62 22 9
22 63 12
63 22 23
22 64 80
64 22 57
22 65 40
65 22 64
22 66 48
66 22 37
22 67 37
67 22 27
22 68 35
68 22 46
22 69 52
69 22 58
22 70 63
70 22 53
22 71 56
71 22 40
22 72 15
72 22 16
22 73 18
73 22 30
22 74 44
74 22 30
22 75 28
75 22 31
23 31 12
31 23 18
23 33 44
33 23 43
23 37 58
37 23 46
23 38 39
38 23 29
23 39 22
39 23 24
23 44 44
44 23 45
23 54 24
54 23 27
23 57 40
57 23 37
23 58 47
58 23 66
23 59 48
59 23 69
23 60 44
60 23 47
23 61 21
61 23 32
23 62 18
62 23 18
23 63 43
63 23 38
23 64 43
64 23 51
23 65 82
65 23 58
23 66 52
66 23 38
23 67 22
67 23 33
23 68 36
68 23 58
23 69 69
69 23 68
23 70 81
70 23 64
23 71 36
71 23 33
23 72 33
72 23 27
23 73 42
73 23 40
23 74 20
74 23 33
23 75 45
75 23 33
31 33 24
33 31 31
31 37 22
37 31 28
31 38 11
38 31 11
31 39 8
39 31 9
31 44 21
44 31 36
31 54 29
54 31 21
31 57 28
57 31 19
31 58 51
58 31 49
31 59 56
59 31 64
31 60 64
60 31 49
31 61 43
61 31 34
31 62 30
62 31 23
31 63 35
63 31 48
31 64 29
64 31 33
31 65 24
65 31 40
31 66 28
66 31 25
31 67 35
67 31 26
31 68 71
68 31 56
31 69 38
69 31 63
31 70 84
70 31 60
31 71 11
71 31 15
31 72 19
72 31 29
31 73 22
73 31 38
31 74 33
74 31 24
31 75 23
75 31 22
33 37 17
37 33 26
33 38 36
38 33 28
33 39 19
39 33 22
33 44 10
44 33 10
33 54 57
54 33 50
33 57 31
57 33 22
33 58 42
58 33 31
33 59 37
59 33 39
33 60 30
60 33 37
33 61 36
61 33 28
33 62 28
62 33 32
33 63 72
63 33 49
33 64 17
64 33 30
33 65 21
65 33 33
33 66 5
66 33 5
33 67 7
67 33 14
33 68 23
68 33 36
33 69 26
69 33 36
33 70 52
70 33 36
33 71 17
71 33 25
33 72 29
72 33 28
33 73 23
73 33 22
33 74 6
74 33 10
33 75 10
75 33 10
37 38 15
38 37 18
37 39 31
39 37 23
37 44 38
44 37 36
37 54 40
54 37 37
37 57 9
57 37 9
37 58 24
58 37 23
37 59 89
59 37 64
37 60 73
60 37 61
37 61 42
61 37 49
37 62 37
62 37 45
37 63 75
63 37 69
37 64 4
64 37 5
37 65 6
65 37 12
37 66 23
66 37 24
37 67 41
67 37 34
37 68 70
68 37 62
37 69 84
69 37 61
37 70 33
70 37 62
37 71 10
71 37 13
37 72 45
72 37 47
37 73 69
73 37 47
37 74 44
74 37 30
37 75 24
75 37 27
38 39 14
39 38 10
38 44 36
44 38 36
38 54 25
54 38 22
38 57 12
57 38 10
38 58 30
58 38 40
38 59 79
59 38 66
38 60 67
60 38 54
38 61 43
61 38 40
38 62 37
62 38 32
38 63 75
63 38 57
38 64 22
64 38 22
38 65 36
65 38 29
38 66 20
66 38 23
38 67 32
67 38 28
38 68 61
68 38 59
38 69 84
69 38 63
38 70 61
70 38 62
38 71 4
71 38 5
38 72 44
72 38 36
38 73 49
73 38 41
38 74 33
74 38 25
38 75 30
75 38 22
39 44 17
44 39 28
39 54 30
54 39 28
39 57 16
57 39 14
39 58 22
58 39 42
39 59 74
59 39 57
39 60 52
60 39 44
39 61 35
61 39 30
39 62 29
62 39 22
39 63 30
63 39 47
39 64 28
64 39 28
39 65 22
65 39 35
39 66 25
66 39 17
39 67 17
67 39 19
39 68 38
68 39 50
39 69 51
69 39 55
39 70 36
70 39 53
39 71 15
71 39 11
39 72 17
72 39 26
39 73 23
73 39 32
39 74 21
74 39 16
39 75 15
75 39 14
44 54 34
54 44 57
44 57 26
57 44 32
44 58 28
58 44 39
44 59 20
59 44 30
44 60 29
60 44 28
44 61 19
61 44 22
44 62 16
62 44 30
44 63 24
63 44 43
44 64 54
64 44 40
44 65 39
65 44 42
44 66 17
66 44 13
44 67 12
67 44 12
44 68 32
68 44 26
44 69 22
69 44 27
44 70 31
70 44 27
44 71 27
71 44 34
44 72 19
72 44 24
44 73 10
73 44 14
44 74 11
74 44 12
44 75 11
75 44 14
54 57 40
57 54 32
54 58 37
58 54 60
54 59 103
59 54 85
54 60 73
60 54 69
54 61 79
61 54 54
54 62 43
62 54 41
54 63 59
63 54 65
54 64 49
64 54 40
54 65 27
65 54 47
54 66 49
66 54 45
54 67 26
67 54 46
54 68 90
68 54 77
54 69 110
69 54 84
54 70 85
70 54 81
54 71 38
71 54 27
54 72 62
72 54 49
54 73 73
73 54 58
54 74 34
74 54 45
54 75 53
75 54 42
57 58 20
58 57 30
57 59 83
59 57 61
57 60 76
60 57 54
57 61 38
61 57 41
57 62 19
62 57 36
57 63 52
63 57 60
57 64 17
64 57 14
57 65 20
65 57 21
57 66 18
66 57 19
57 67 26
67 57 27
57 68 82
68 57 57
57 69 35
69 57 58
57 70 33
70 57 58
57 71 5
71 57 5
57 72 39
72 57 38
57 73 25
73 57 40
57 74 13
74 57 23
57 75 18
75 57 20
58 59 51
59 58 60
58 60 97
60 58 67
58 61 61
61 58 59
58 62 39
62 58 60
58 63 115
63 58 80
58 64 17
64 58 21
58 65 15
65 58 15
58 66 45
66 58 33
58 67 52
67 58 44
58 68 77
68 58 63
58 69 64
69 58 56
58 70 56
70 58 60
58 71 30
71 58 35
58 72 64
72 58 58
58 73 64
73 58 53
58 74 35
74 58 40
58 75 26
75 58 38
59 60 33
60 59 28
59 61 26
61 59 38
59 62 55
62 59 51
59 63 55
63 59 49
59 64 86
64 59 67
59 65 91
65 59 68
59 66 49
66 59 42
59 67 42
67 59 39
59 68 13
68 59 14
59 69 2
69 59 4
59 70 4
70 59 5
59 71 46
71 59 63
59 72 46
72 59 42
59 73 38
73 59 29
59 74 55
74 59 41
59 75 29
75 59 43
60 61 12
61 60 15
60 62 41
62 60 29
60 63 17
63 60 21
60 64 75
64 60 66
60 65 35
65 60 69
60 66 55
66 60 37
60 67 30
67 60 27
60 68 12
68 60 14
60 69 26
69 60 30
60 70 25
70 60 23
60 71 77
71 60 54
60 72 14
72 60 20
60 73 13
73 60 15
60 74 32
74 60 31
60 75 50
75 60 34
61 62 18
62 61 14
61 63 30
63 61 21
61 64 71
64 61 54
61 65 43
65 61 59
61 66 15
66 61 27
61 67 19
67 61 15
61 68 29
68 61 26
61 69 27
69 61 38
61 70 40
70 61 33
61 71 33
71 61 40
61 72 4
72 61 5
61 73 12
73 61 10
61 74 24
74 61 19
61 75 11
75 61 22
62 63 34
63 62 25
62 64 63
64 62 50
62 65 72
65 62 56
62 66 38
66 62 28
62 67 12
67 62 18
62 68 49
68 62 40
62 69 43
69 62 51
62 70 59
70 62 46
62 71 44
71 62 34
62 72 5
72 62 9
62 73 21
73 62 22
62 74 13
74 62 21
62 75 19
75 62 22
63 64 86
64 63 74
63 65 40
65 63 79
63 66 32
66 63 48
63 67 27
67 63 36
63 68 48
68 63 35
63 69 34
69 63 51
63 70 62
70 63 44
63 71 57
71 63 59
63 72 16
72 63 22
63 73 21
73 63 29
63 74 27
74 63 40
63 75 41
75 63 43
64 65 5
65 64 7
64 66 17
66 64 28
64 67 44
67 64 39
64 68 56
68 64 66
64 69 94
69 64 64
64 70 72
70 64 66
64 71 14
71 64 18
64 72 52
72 64 51
64 73 35
73 64 51
64 74 32
74 64 34
64 75 35
75 64 32
65 66 33
66 65 32
65 67 46
67 65 43
65 68 40
68 65 68
65 69 77
69 65 65
65 70 40
70 65 67
65 71 35
71 65 25
65 72 66
72 65 57
65 73 31
73 65 55
65 74 28
74 65 39
65 75 25
75 65 36
66 67 10
67 66 11
66 68 34
68 66 38
66 69 25
69 66 40
66 70 31
70 66 40
66 71 17
71 66 21
66 72 30
72 66 25
66 73 13
73 66 23
66 74 5
74 66 7
66 75 3
75 66 5
67 68 46
68 67 31
67 69 30
69 67 38
67 70 30
70 67 35
67 71 31
71 67 27
67 72 16
72 67 14
67 73 17
73 67 13
67 74 5
74 67 4
67 75 10
75 67 7
68 69 13
69 68 16
68 70 10
70 68 9
68 71 33
71 68 58
68 72 32
72 68 30
68 73 17
73 68 19
68 74 25
74 68 34
68 75 50
75 68 37
69 70 7
70 69 8
69 71 59
71 69 61
69 72 40
72 69 42
69 73 31
73 69 29
69 74 53
74 69 39
69 75 61
75 69 41
70 71 59
71 70 60
70 72 40
72 70 37
70 73 35
73 70 24
70 74 40
74 70 37
70 75 55
75 70 40
71 72 53
72 71 37
71 73 36
73 71 40
71 74 18
74 71 24
71 75 21
75 71 21
72 73 12
73 72 14
72 74 12
74 72 18
72 75 22
75 72 21
73 74 9
74 73 17
73 75 23
75 73 20
74 75 4
75 74 3
