1 27 10 13 2550

218 223

51 5 5 37 52

1 10 49 49
4 13 40 30
6 10 17 63
7 11 31 62
8 14 52 33
9 9 51 21
10 14 42 41
12 13 5 25
13 10 12 42
14 13 36 16
16 12 27 23
18 12 13 13
19 11 57 58
20 14 62 42
22 12 16 57
23 10 8 52
25 14 27 68
26 13 30 48
27 12 43 67
28 14 58 48
30 13 37 69
31 12 38 46
32 10 46 10
33 13 61 33
34 12 62 63
35 13 63 69
36 11 32 22
2 12 52 64
3 11 20 26
5 9 21 47
11 14 31 32
15 11 52 41
17 13 17 33
21 12 42 57
24 12 7 38
29 14 58 27
37 13 45 35

38 59 15
39 5 6
40 10 17
41 21 10
42 5 64
43 30 15
44 39 10
45 32 39
46 25 32
47 25 55
48 48 28
49 56 37
50 30 40

51 1 11
1 51 12
51 4 31
4 51 22
51 6 22
6 51 23
51 7 12
7 51 12
51 8 22
8 51 24
51 9 44
9 51 34
51 10 7
10 51 12
51 12 28
12 51 42
51 13 39
13 51 27
51 14 21
14 51 36
51 16 43
16 51 31
51 18 61
18 51 46
51 19 30
19 51 21
51 20 20
20 51 27
51 22 17
22 51 22
51 23 39
23 51 29
51 25 18
25 51 19
51 26 9
26 51 8
51 27 11
27 51 16
51 28 15
28 51 21
51 30 16
30 51 17
51 31 5
31 51 6
51 32 22
32 51 43
51 33 29
33 51 31
51 34 25
34 51 27
51 35 19
35 51 31
51 36 37
36 51 30
51 2 21
2 51 19
51 3 28
3 51 31
51 5 15
5 51 17
51 11 21
11 51 21
51 15 27
15 51 19
51 17 22
17 51 28
51 21 7
21 51 7
51 24 42
24 51 33
51 29 38
29 51 32
51 37 16
37 51 19
51 38 54
38 51 43
51 39 82
39 51 56
51 40 39
40 51 44
51 41 32
41 51 45
51 42 29
42 51 34
51 43 53
43 51 37
51 44 31
44 51 42
51 45 8
45 51 14
51 46 28
46 51 23
51 47 8
47 51 12
51 48 38
48 51 26
51 49 26
49 51 24
51 50 18
50 51 14
1 4 14
4 1 21
1 6 37
6 1 35
1 7 11
7 1 22
1 8 17
8 1 16
1 9 19
9 1 28
1 10 11
10 1 11
1 12 49
12 1 50
1 13 19
13 1 38
1 14 20
14 1 35
1 16 48
16 1 34
1 18 42
18 1 51
1 19 11
19 1 12
1 20 13
20 1 15
1 22 42
22 1 34
1 23 34
23 1 41
1 25 18
25 1 29
1 26 22
26 1 19
1 27 11
27 1 19
1 28 8
28 1 9
1 30 33
30 1 23
1 31 8
31 1 11
1 32 44
32 1 39
1 33 15
33 1 20
1 34 14
34 1 19
1 35 17
35 1 24
1 36 38
36 1 32
1 2 19
2 1 15
1 3 41
3 1 37
1 5 18
5 1 28
1 11 25
11 1 25
1 15 9
15 1 9
1 17 30
17 1 36
1 21 16
21 1 11
1 24 54
24 1 43
1 29 14
29 1 24
1 37 9
37 1 15
1 38 47
38 1 35
1 39 39
39 1 62
1 40 73
40 1 50
1 41 60
41 1 48
1 42 24
42 1 46
1 43 34
43 1 39
1 44 38
44 1 40
1 45 10
45 1 20
1 46 17
46 1 29
1 47 16
47 1 25
1 48 26
48 1 21
1 49 20
49 1 14
1 50 20
50 1 21
4 6 33
6 4 40
4 7 37
7 4 33
4 8 17
8 4 12
4 9 13
9 4 14
4 10 14
10 4 11
4 12 31
12 4 35
4 13 29
13 4 30
4 14 17
14 4 15
4 16 12
16 4 15
4 18 43
18 4 32
4 19 41
19 4 33
4 20 36
20 4 25
4 22 28
22 4 36
4 23 58
23 4 39
4 25 38
25 4 40
4 26 11
26 4 21
4 27 54
27 4 37
4 28 27
28 4 25
4 30 27
30 4 39
4 31 16
31 4 16
4 32 27
32 4 21
4 33 22
33 4 21
4 34 50
34 4 40
4 35 61
35 4 45
4 36 10
36 4 11
4 2 22
2 4 36
4 3 12
3 4 20
4 5 35
5 4 25
4 11 11
11 4 9
4 15 18
15 4 16
4 17 27
17 4 23
4 21 21
21 4 27
4 24 27
24 4 34
4 29 20
29 4 18
4 37 8
37 4 7
4 38 25
38 4 24
4 39 50
39 4 42
4 40 24
40 4 33
4 41 40
41 4 27
4 42 32
42 4 48
4 43 24
43 4 18
4 44 11
44 4 20
4 45 15
45 4 12
4 46 8
46 4 15
4 47 29
47 4 29
4 48 10
48 4 8
4 49 16
49 4 17
4 50 8
50 4 14
6 7 11
7 6 14
6 8 52
8 6 46
6 9 44
9 6 54
6 10 28
10 6 33
6 12 28
12 6 40
6 13 30
13 6 22
6 14 43
14 6 51
6 16 41
16 6 41
6 18 70
18 6 50
6 19 58
19 6 40
6 20 64
20 6 50
6 22 4
22 6 6
6 23 20
23 6 14
6 25 16
25 6 11
6 26 16
26 6 20
6 27 24
27 6 26
6 28 63
28 6 44
6 30 31
30 6 21
6 31 40
31 6 27
6 32 65
32 6 60
6 33 68
33 6 53
6 34 64
34 6 45
6 35 59
35 6 46
6 36 23
36 6 44
6 2 18
2 6 35
6 3 43
3 6 37
6 5 16
5 6 16
6 11 46
11 6 34
6 15 52
15 6 41
6 17 21
17 6 30
6 21 26
21 6 26
6 24 17
24 6 27
6 29 28
29 6 54
6 37 35
37 6 40
6 38 69
38 6 64
6 39 67
39 6 58
6 40 49
40 6 46
6 41 55
41 6 53
6 42 12
42 6 12
6 43 70
43 6 50
6 44 48
44 6 57
6 45 36
45 6 28
6 46 40
46 6 32
6 47 16
47 6 11
6 48 41
48 6 46
6 49 27
49 6 47
6 50 22
50 6 26
7 8 44
8 7 36
7 9 55
9 7 46
7 10 24
10 7 24
7 12 66
12 7 45
7 13 25
13 7 28
7 14 43
14 7 46
7 16 48
16 7 39
7 18 73
18 7 52
7 19 19
19 7 26
7 20 50
20 7 37
7 22 21
22 7 16
7 23 15
23 7 25
7 25 4
25 7 7
7 26 10
26 7 14
7 27 19
27 7 13
7 28 26
28 7 30
7 30 12
30 7 9
7 31 21
31 7 17
7 32 72
32 7 54
7 33 29
33 7 42
7 34 33
34 7 31
7 35 46
35 7 33
7 36 47
36 7 40
7 2 17
2 7 21
7 3 39
3 7 38
7 5 10
5 7 18
7 11 16
11 7 30
7 15 41
15 7 30
7 17 37
17 7 32
7 21 14
21 7 12
7 24 26
24 7 34
7 29 57
29 7 44
7 37 41
37 7 30
7 38 59
38 7 54
7 39 42
39 7 62
7 40 48
40 7 49
7 41 28
41 7 53
7 42 17
42 7 26
7 43 40
43 7 47
7 44 71
44 7 53
7 45 22
45 7 23
7 46 36
46 7 31
7 47 9
47 7 9
7 48 19
48 7 38
7 49 21
49 7 35
7 50 25
50 7 22
8 9 16
9 8 12
8 10 10
10 8 13
8 12 33
12 8 48
8 13 22
13 8 41
8 14 29
14 8 23
8 16 30
16 8 27
8 18 60
18 8 44
8 19 36
19 8 25
8 20 13
20 8 13
8 22 26
22 8 43
8 23 40
23 8 48
8 25 32
25 8 43
8 26 22
26 8 27
8 27 49
27 8 35
8 28 19
28 8 16
8 30 35
30 8 39
8 31 27
31 8 19
8 32 32
32 8 24
8 33 13
33 8 9
8 34 22
34 8 32
8 35 25
35 8 38
8 36 18
36 8 23
8 2 42
2 8 31
8 3 37
3 8 32
8 5 31
5 8 34
8 11 25
11 8 21
8 15 9
15 8 8
8 17 20
17 8 35
8 21 14
21 8 26
8 24 24
24 8 45
8 29 8
29 8 8
8 37 5
37 8 7
8 38 16
38 8 19
8 39 34
39 8 54
8 40 33
40 8 45
8 41 47
41 8 39
8 42 35
42 8 56
8 43 18
43 8 28
8 44 27
44 8 26
8 45 11
45 8 21
8 46 29
46 8 27
8 47 52
47 8 35
8 48 5
48 8 6
8 49 4
49 8 6
8 50 33
50 8 23
9 10 24
10 9 22
9 12 66
12 9 46
9 13 51
13 9 44
9 14 23
14 9 16
9 16 12
16 9 24
9 18 22
18 9 39
9 19 51
19 9 37
9 20 18
20 9 24
9 22 32
22 9 50
9 23 34
23 9 53
9 25 37
25 9 53
9 26 44
26 9 34
9 27 33
27 9 47
9 28 41
28 9 28
9 30 48
30 9 50
9 31 24
31 9 28
9 32 7
32 9 12
9 33 11
33 9 16
9 34 61
34 9 43
9 35 34
35 9 49
9 36 15
36 9 19
9 2 50
2 9 43
9 3 37
3 9 31
9 5 53
5 9 40
9 11 16
11 9 23
9 15 26
15 9 20
9 17 42
17 9 36
9 21 25
21 9 37
9 24 66
24 9 47
9 29 9
29 9 9
9 37 18
37 9 15
9 38 7
38 9 10
9 39 35
39 9 48
9 40 27
40 9 41
9 41 40
41 9 32
9 42 41
42 9 63
9 43 19
43 9 22
9 44 19
44 9 16
9 45 13
45 9 26
9 46 23
46 9 28
9 47 55
47 9 43
9 48 5
48 9 8
9 49 23
49 9 17
9 50 27
50 9 28
10 12 37
12 10 40
10 13 25
13 10 30
10 14 22
14 10 26
10 16 33
16 10 23
10 18 24
18 10 40
10 19 25
19 10 23
10 20 22
20 10 20
10 22 46
22 10 31
10 23 45
23 10 36
10 25 45
25 10 31
10 26 11
26 10 14
10 27 38
27 10 26
10 28 19
28 10 17
10 30 41
30 10 28
10 31 8
31 10 6
10 32 22
32 10 31
10 33 11
33 10 21
10 34 40
34 10 30
10 35 41
35 10 35
10 36 26
36 10 21
10 2 30
2 10 25
10 3 38
3 10 27
10 5 32
5 10 22
10 11 16
11 10 14
10 15 13
15 10 10
10 17 34
17 10 26
10 21 20
21 10 16
10 24 29
24 10 35
10 29 26
29 10 21
10 37 5
37 10 7
10 38 39
38 10 31
10 39 52
39 10 51
10 40 39
40 10 40
10 41 25
41 10 37
10 42 28
42 10 44
10 43 36
43 10 28
10 44 31
44 10 31
10 45 8
45 10 10
10 46 18
46 10 19
10 47 21
47 10 22
10 48 10
48 10 14
10 49 16
49 10 15
10 50 11
50 10 12
12 13 23
13 12 18
12 14 25
14 12 32
12 16 16
16 12 22
12 18 16
18 12 14
12 19 90
19 12 61
12 20 88
20 12 59
12 22 47
22 12 34
12 23 30
23 12 27
12 25 36
25 12 48
12 26 37
26 12 34
12 27 42
27 12 57
12 28 60
28 12 58
12 30 32
30 12 54
12 31 37
31 12 39
12 32 45
32 12 44
12 33 57
33 12 57
12 34 85
34 12 68
12 35 99
35 12 72
12 36 40
36 12 27
12 2 78
2 12 61
12 3 21
3 12 15
12 5 28
5 12 27
12 11 40
11 12 27
12 15 29
15 12 50
12 17 13
17 12 14
12 21 36
21 12 49
12 24 13
24 12 13
12 29 33
29 12 53
12 37 47
37 12 41
12 38 78
38 12 55
12 39 14
39 12 19
12 40 12
40 12 9
12 41 15
41 12 22
12 42 53
42 12 39
12 43 33
43 12 27
12 44 42
44 12 37
12 45 23
45 12 30
12 46 12
46 12 21
12 47 33
47 12 36
12 48 39
48 12 43
12 49 46
49 12 52
12 50 28
50 12 29
13 14 43
14 13 35
13 16 26
16 13 24
13 18 39
18 13 29
13 19 50
19 13 48
13 20 48
20 13 50
13 22 12
22 13 16
13 23 7
23 13 11
13 25 40
25 13 30
13 26 26
26 13 19
13 27 36
27 13 40
13 28 63
28 13 46
13 30 24
30 13 37
13 31 29
31 13 26
13 32 61
32 13 47
13 33 40
33 13 50
13 34 59
34 13 54
13 35 38
35 13 58
13 36 31
36 13 28
13 2 48
2 13 45
13 3 19
3 13 18
13 5 8
5 13 10
13 11 28
11 13 21
13 15 28
15 13 40
13 17 8
17 13 10
13 21 34
21 13 34
13 24 8
24 13 6
13 29 28
29 13 48
13 37 26
37 13 34
13 38 28
38 13 54
13 39 26
39 13 37
13 40 31
40 13 25
13 41 43
41 13 33
13 42 24
42 13 23
13 43 47
43 13 32
13 44 54
44 13 42
13 45 12
45 13 20
13 46 17
46 13 16
13 47 13
47 13 18
13 48 40
48 13 39
13 49 56
49 13 44
13 50 24
50 13 18
14 16 12
16 14 11
14 18 22
18 14 23
14 19 25
19 14 47
14 20 23
20 14 37
14 22 31
22 14 46
14 23 48
23 14 46
14 25 47
25 14 53
14 26 34
26 14 33
14 27 40
27 14 51
14 28 47
28 14 39
14 30 27
30 14 53
14 31 44
31 14 30
14 32 9
32 14 12
14 33 22
33 14 30
14 34 31
34 14 54
14 35 77
35 14 59
14 36 8
36 14 7
14 2 50
2 14 51
14 3 24
3 14 19
14 5 37
5 14 34
14 11 24
11 14 17
14 15 20
15 14 30
14 17 22
17 14 25
14 21 37
21 14 41
14 24 49
24 14 36
14 29 28
29 14 25
14 37 27
37 14 21
14 38 16
38 14 23
14 39 36
39 14 33
14 40 17
40 14 26
14 41 9
41 14 16
14 42 31
42 14 57
14 43 4
43 14 6
14 44 4
44 14 7
14 45 19
45 14 23
14 46 27
46 14 19
14 47 34
47 14 40
14 48 20
48 14 17
14 49 39
49 14 29
14 50 31
50 14 25
16 18 12
18 16 17
16 19 61
19 16 46
16 20 49
20 16 40
16 22 24
22 16 36
16 23 19
23 16 35
16 25 50
25 16 45
16 26 17
26 16 25
16 27 70
27 16 47
16 28 46
28 16 40
16 30 67
30 16 47
16 31 29
31 16 25
16 32 24
32 16 23
16 33 28
33 16 35
16 34 59
34 16 53
16 35 76
35 16 58
16 36 7
36 16 5
16 2 70
2 16 48
16 3 8
3 16 8
16 5 33
5 16 25
16 11 8
11 16 10
16 15 17
15 16 31
16 17 15
17 16 14
16 21 32
21 16 37
16 24 19
24 16 25
16 29 41
29 16 31
16 37 13
37 16 22
16 38 42
38 16 33
16 39 40
39 16 28
16 40 17
40 16 18
16 41 11
41 16 14
16 42 68
42 16 47
16 43 8
43 16 9
16 44 10
44 16 18
16 45 9
45 16 17
16 46 13
46 16 9
16 47 35
47 16 32
16 48 24
48 16 22
16 49 46
49 16 32
16 50 13
50 16 17
18 19 51
19 18 63
18 20 72
20 18 57
18 22 48
22 18 44
18 23 49
23 18 39
18 25 35
25 18 57
18 26 31
26 18 39
18 27 76
27 18 62
18 28 76
28 18 57
18 30 42
30 18 61
18 31 39
31 18 41
18 32 35
32 18 33
18 33 74
33 18 52
18 34 57
34 18 70
18 35 78
35 18 75
18 36 16
36 18 21
18 2 32
2 18 64
18 3 16
3 18 15
18 5 51
5 18 35
18 11 23
11 18 26
18 15 57
15 18 48
18 17 28
17 18 20
18 21 61
21 18 53
18 24 37
24 18 26
18 29 41
29 18 47
18 37 25
37 18 39
18 38 28
38 18 46
18 39 14
39 18 11
18 40 7
40 18 5
18 41 7
41 18 9
18 42 45
42 18 51
18 43 22
43 18 17
18 44 16
44 18 26
18 45 47
45 18 32
18 46 23
46 18 22
18 47 47
47 18 44
18 48 44
48 18 38
18 49 25
49 18 49
18 50 41
50 18 31
19 20 16
20 19 17
19 22 40
22 19 41
19 23 67
23 19 49
19 25 41
25 19 32
19 26 24
26 19 29
19 27 9
27 19 17
19 28 9
28 19 10
19 30 24
30 19 23
19 31 28
31 19 22
19 32 34
32 19 49
19 33 25
33 19 25
19 34 10
34 19 7
19 35 18
35 19 13
19 36 31
36 19 44
19 2 4
2 19 8
19 3 61
3 19 49
19 5 53
5 19 38
19 11 36
11 19 37
19 15 12
15 19 18
19 17 58
17 19 47
19 21 21
21 19 15
19 24 78
24 19 54
19 29 34
29 19 31
19 37 22
37 19 26
19 38 27
38 19 43
19 39 98
39 19 74
19 40 59
40 19 62
19 41 63
41 19 60
19 42 67
42 19 52
19 43 35
43 19 51
19 44 60
44 19 51
19 45 33
45 19 31
19 46 32
46 19 41
19 47 44
47 19 32
19 48 37
48 19 31
19 49 20
49 19 21
19 50 46
50 19 32
20 22 30
22 20 48
20 23 68
23 20 55
20 25 60
25 20 44
20 26 36
26 20 33
20 27 43
27 20 31
20 28 4
28 20 7
20 30 19
30 20 37
20 31 13
31 20 24
20 32 27
32 20 36
20 33 5
33 20 9
20 34 16
34 20 21
20 35 38
35 20 27
20 36 26
36 20 36
20 2 24
2 20 24
20 3 65
3 20 45
20 5 34
5 20 41
20 11 44
11 20 33
20 15 14
15 20 10
20 17 29
17 20 46
20 21 32
21 20 25
20 24 33
24 20 55
20 29 14
29 20 16
20 37 18
37 20 18
20 38 39
38 20 27
20 39 38
39 20 67
20 40 56
40 20 57
20 41 57
41 20 52
20 42 82
42 20 61
20 43 44
43 20 42
20 44 29
44 20 39
20 45 43
45 20 30
20 46 43
46 20 38
20 47 27
47 20 39
20 48 20
48 20 20
20 49 8
49 20 8
20 50 45
50 20 32
22 23 11
23 22 9
22 25 21
25 22 16
22 26 18
26 22 17
22 27 21
27 22 29
22 28 37
28 22 43
22 30 14
30 22 24
22 31 35
31 22 25
22 32 83
32 22 56
22 33 61
33 22 51
22 34 55
34 22 46
22 35 30
35 22 49
22 36 52
36 22 38
22 2 24
2 22 37
22 3 34
3 22 31
22 5 6
5 22 11
22 11 42
11 22 29
22 15 55
15 22 39
22 17 21
17 22 24
22 21 20
21 22 26
22 24 18
24 22 21
22 29 42
29 22 52
22 37 43
37 22 36
22 38 47
38 22 60
22 39 56
39 22 52
22 40 24
40 22 40
22 41 70
41 22 47
22 42 8
42 22 13
22 43 37
43 22 44
22 44 71
44 22 52
22 45 30
45 22 24
22 46 35
46 22 27
22 47 11
47 22 9
22 48 58
48 22 43
22 49 49
49 22 45
22 50 30
50 22 22
23 25 21
25 23 25
23 26 25
26 23 22
23 27 45
27 23 38
23 28 59
28 23 50
23 30 29
30 23 34
23 31 32
31 23 30
23 32 80
32 23 57
23 33 45
33 23 56
23 34 42
34 23 55
23 35 67
35 23 58
23 36 52
36 23 38
23 2 38
2 23 46
23 3 16
3 23 29
23 5 16
5 23 14
23 11 41
11 23 30
23 15 26
15 23 45
23 17 27
17 23 21
23 21 37
21 23 34
23 24 8
24 23 14
23 29 74
29 23 56
23 37 28
37 23 41
23 38 88
38 23 63
23 39 35
39 23 46
23 40 40
40 23 35
23 41 26
41 23 44
23 42 14
42 23 12
23 43 59
43 23 43
23 44 45
44 23 52
23 45 38
45 23 27
23 46 38
46 23 26
23 47 9
47 23 17
23 48 28
48 23 46
23 49 37
49 23 50
23 50 36
50 23 25
25 26 24
26 25 20
25 27 11
27 25 16
25 28 41
28 25 37
25 30 12
30 25 10
25 31 18
31 25 25
25 32 91
32 25 61
25 33 33
33 25 49
25 34 42
34 25 35
25 35 41
35 25 36
25 36 63
36 25 46
25 2 15
2 25 25
25 3 34
3 25 43
25 5 25
5 25 22
25 11 31
11 25 36
25 15 35
15 25 37
25 17 45
17 25 36
25 21 15
21 25 19
25 24 32
24 25 36
25 29 40
29 25 51
25 37 54
37 25 38
25 38 39
38 25 62
25 39 65
39 25 66
25 40 53
40 25 54
25 41 35
41 25 58
25 42 13
42 25 22
25 43 27
43 25 53
25 44 33
44 25 59
25 45 42
45 25 29
25 46 49
46 25 36
25 47 10
47 25 13
25 48 48
48 25 45
25 49 21
49 25 42
25 50 16
50 25 28
26 27 33
27 26 23
26 28 38
28 26 28
26 30 22
30 26 22
26 31 8
31 26 8
26 32 53
32 26 41
26 33 41
33 26 34
26 34 45
34 26 35
26 35 36
35 26 39
26 36 23
36 26 26
26 2 35
2 26 27
26 3 18
3 26 24
26 5 10
5 26 9
26 11 16
11 26 16
26 15 21
15 26 23
26 17 11
17 26 20
26 21 12
21 26 15
26 24 21
24 26 25
26 29 29
29 26 35
26 37 26
37 26 20
26 38 36
38 26 44
26 39 31
39 26 49
26 40 31
40 26 37
26 41 26
41 26 39
26 42 36
42 26 30
26 43 22
43 26 33
26 44 44
44 26 39
26 45 8
45 26 9
26 46 25
46 26 17
26 47 12
47 26 9
26 48 27
48 26 27
26 49 18
49 26 28
26 50 11
50 26 8
27 28 30
28 27 24
27 30 8
30 27 6
27 31 21
31 27 22
27 32 85
32 27 57
27 33 56
33 27 38
27 34 13
34 27 19
27 35 19
35 27 20
27 36 27
36 27 46
27 2 6
2 27 9
27 3 42
3 27 47
27 5 15
5 27 30
27 11 33
11 27 37
27 15 37
15 27 28
27 17 62
17 27 43
27 21 8
21 27 10
27 24 27
24 27 46
27 29 34
29 27 43
27 37 33
37 27 32
27 38 77
38 27 54
27 39 66
39 27 72
27 40 81
40 27 60
27 41 36
41 27 61
27 42 50
42 27 38
27 43 79
43 27 53
27 44 56
44 27 57
27 45 29
45 27 30
27 46 39
46 27 39
27 47 19
47 27 22
27 48 33
48 27 39
27 49 48
49 27 33
27 50 16
50 27 30
28 30 30
30 28 30
28 31 11
31 28 20
28 32 51
32 28 40
28 33 21
33 28 15
28 34 12
34 28 16
28 35 16
35 28 22
28 36 46
36 28 37
28 2 13
2 28 17
28 3 24
3 28 44
28 5 42
5 28 37
28 11 23
11 28 31
28 15 12
15 28 9
28 17 64
17 28 44
28 21 22
21 28 18
28 24 42
24 28 52
28 29 24
29 28 21
28 37 20
37 28 18
28 38 25
38 28 33
28 39 61
39 28 67
28 40 62
40 28 57
28 41 47
41 28 53
28 42 57
42 28 55
28 43 64
43 28 43
28 44 26
44 28 42
28 45 19
45 28 28
28 46 30
46 28 37
28 47 19
47 28 34
28 48 15
48 28 22
28 49 8
49 28 11
28 50 19
50 28 29
30 31 24
31 30 23
30 32 31
32 30 60
30 33 45
33 30 43
30 34 29
34 30 26
30 35 24
35 30 26
30 36 44
36 30 47
30 2 21
2 30 15
30 3 65
3 30 46
30 5 32
5 30 27
30 11 27
11 30 37
30 15 39
15 30 32
30 17 46
17 30 41
30 21 9
21 30 13
30 24 55
24 30 43
30 29 65
29 30 47
30 37 51
37 30 35
30 38 67
38 30 58
30 39 86
39 30 71
30 40 61
40 30 59
30 41 72
41 30 61
30 42 28
42 30 32
30 43 58
43 30 54
30 44 49
44 30 59
30 45 44
45 30 30
30 46 31
46 30 39
30 47 21
47 30 18
30 48 33
48 30 42
30 49 47
49 30 37
30 50 23
50 30 30
31 32 48
32 31 37
31 33 17
33 31 26
31 34 23
34 31 29
31 35 30
35 31 34
31 36 28
36 31 25
31 2 31
2 31 23
31 3 22
3 31 27
31 5 15
5 31 17
31 11 10
11 31 16
31 15 18
15 31 15
31 17 37
17 31 25
31 21 6
21 31 12
31 24 44
24 31 32
31 29 19
29 31 28
31 37 14
37 31 13
31 38 42
38 31 37
31 39 46
39 31 52
31 40 33
40 31 40
31 41 42
41 31 40
31 42 37
42 31 38
31 43 43
43 31 32
31 44 21
44 31 36
31 45 12
45 31 9
31 46 15
46 31 19
31 47 21
47 31 16
31 48 20
48 31 21
31 49 17
49 31 20
31 50 8
50 31 10
32 33 32
33 32 27
32 34 78
34 32 55
32 35 91
35 32 61
32 36 21
36 32 18
32 2 65
2 32 54
32 3 41
3 32 31
32 5 38
5 32 45
32 11 14
11 32 27
32 15 24
15 32 32
32 17 40
17 32 37
32 21 28
21 32 47
32 24 67
24 32 48
32 29 18
29 32 21
32 37 22
37 32 25
32 38 13
38 32 14
32 39 32
39 32 41
32 40 43
40 32 37
32 41 18
41 32 25
32 42 61
42 32 68
32 43 17
43 32 17
32 44 4
44 32 7
32 45 18
45 32 32
32 46 30
46 32 30
32 47 50
47 32 49
32 48 16
48 32 18
32 49 41
49 32 29
32 50 36
50 32 34
33 34 23
34 33 30
33 35 30
35 33 36
33 36 22
36 33 31
33 2 44
2 33 32
33 3 36
3 33 41
33 5 50
5 33 42
33 11 40
11 33 30
33 15 6
15 33 12
33 17 53
17 33 44
33 21 34
21 33 31
33 24 34
24 33 54
33 29 4
29 33 7
33 37 9
37 33 16
33 38 25
38 33 18
33 39 78
39 33 62
33 40 54
40 33 53
33 41 44
41 33 46
33 42 32
42 33 64
33 43 44
43 33 36
33 44 21
44 33 32
33 45 25
45 33 30
33 46 41
46 33 36
33 47 40
47 33 42
33 48 18
48 33 14
33 49 4
49 33 6
33 50 33
50 33 32
34 35 4
35 34 6
34 36 57
36 34 51
34 2 8
2 34 10
34 3 55
3 34 56
34 5 51
5 34 44
34 11 46
11 34 44
34 15 18
15 34 24
34 17 40
17 34 54
34 21 20
21 34 21
34 24 59
24 34 60
34 29 47
29 34 36
34 37 27
37 34 33
34 38 62
38 34 48
34 39 61
39 34 81
34 40 55
40 34 69
34 41 60
41 34 67
34 42 59
42 34 57
34 43 76
43 34 58
34 44 86
44 34 58
34 45 34
45 34 38
34 46 35
46 34 48
34 47 19
47 34 38
34 48 22
48 34 38
34 49 22
49 34 27
34 50 46
50 34 39
35 36 61
36 35 56
35 2 8
2 35 12
35 3 52
3 35 61
35 5 34
5 35 47
35 11 48
11 35 49
35 15 16
15 35 30
35 17 35
17 35 58
35 21 25
21 35 24
35 24 38
24 35 64
35 29 43
29 35 42
35 37 33
37 35 38
35 38 46
38 35 54
35 39 117
39 35 86
35 40 40
40 35 74
35 41 73
41 35 72
35 42 80
42 35 58
35 43 38
43 35 63
35 44 73
44 35 64
35 45 28
45 35 43
35 46 34
46 35 53
35 47 41
47 35 40
35 48 22
48 35 44
35 49 31
49 35 33
35 50 27
50 35 44
36 2 30
2 36 46
36 3 16
3 36 13
36 5 29
5 36 27
36 11 10
11 36 10
36 15 18
15 36 28
36 17 18
17 36 19
36 21 34
21 36 36
36 24 40
24 36 30
36 29 27
29 36 26
36 37 17
37 36 18
36 38 41
38 36 28
36 39 37
39 36 31
36 40 31
40 36 23
36 41 13
41 36 16
36 42 25
42 36 50
36 43 7
43 36 7
36 44 16
44 36 14
36 45 20
45 36 17
36 46 10
46 36 12
36 47 30
47 36 34
36 48 20
48 36 17
36 49 31
49 36 28
36 50 11
50 36 18
2 3 31
3 2 50
2 5 47
5 2 35
2 11 53
11 2 38
2 15 14
15 2 23
2 17 33
17 2 47
2 21 9
21 2 12
2 24 38
24 2 51
2 29 20
29 2 37
2 37 32
37 2 30
2 38 49
38 2 49
2 39 50
39 2 75
2 40 50
40 2 63
2 41 33
41 2 62
2 42 28
42 2 47
2 43 43
43 2 53
2 44 63
44 2 56
2 45 16
45 2 32
2 46 46
46 2 42
2 47 22
47 2 28
2 48 21
48 2 36
2 49 23
49 2 27
2 50 22
50 2 33
3 5 20
5 3 21
3 11 11
11 3 13
3 15 36
15 3 35
3 17 11
17 3 8
3 21 44
21 3 38
3 24 11
24 3 18
3 29 42
29 3 38
3 37 28
37 3 27
3 38 30
38 3 41
3 39 28
39 3 25
3 40 9
40 3 13
3 41 18
41 3 16
3 42 44
42 3 41
3 43 17
43 3 15
3 44 29
44 3 25
3 45 24
45 3 18
3 46 7
46 3 8
3 47 20
47 3 29
3 48 20
48 3 28
3 49 50
49 3 37
3 50 22
50 3 17
5 11 26
11 5 18
5 15 16
15 5 32
5 17 15
17 5 15
5 21 20
21 5 23
5 24 13
24 5 16
5 29 31
29 5 42
5 37 16
37 5 27
5 38 38
38 5 50
5 39 53
39 5 44
5 40 24
40 5 32
5 41 33
41 5 37
5 42 13
42 5 23
5 43 36
43 5 33
5 44 49
44 5 41
5 45 8
45 5 14
5 46 14
46 5 16
5 47 5
47 5 9
5 48 17
48 5 33
5 49 42
49 5 36
5 50 14
50 5 11
11 15 17
15 11 23
11 17 7
17 11 14
11 21 16
21 11 27
11 24 32
24 11 25
11 29 40
29 11 27
11 37 16
37 11 14
11 38 17
38 11 33
11 39 40
39 11 37
11 40 27
40 11 26
11 41 20
41 11 24
11 42 48
42 11 41
11 43 16
43 11 17
11 44 29
44 11 23
11 45 10
45 11 7
11 46 6
46 11 6
11 47 25
47 11 24
11 48 10
48 11 17
11 49 13
49 11 25
11 50 6
50 11 8
15 17 45
17 15 36
15 21 24
21 15 19
15 24 61
24 15 45
15 29 20
29 15 15
15 37 7
37 15 9
15 38 27
38 15 27
15 39 55
39 15 58
15 40 30
40 15 48
15 41 41
41 15 44
15 42 63
42 15 52
15 43 43
43 15 34
15 44 17
44 15 34
15 45 12
45 15 20
15 46 15
46 15 28
15 47 44
47 15 30
15 48 19
48 15 14
15 49 3
49 15 6
15 50 30
50 15 22
17 21 36
21 17 35
17 24 8
24 17 11
17 29 38
29 17 41
17 37 16
37 17 28
17 38 65
38 17 46
17 39 24
39 17 30
17 40 9
40 17 17
17 41 20
41 17 23
17 42 25
42 17 33
17 43 27
43 17 22
17 44 22
44 17 32
17 45 19
45 17 16
17 46 9
46 17 8
17 47 22
47 17 23
17 48 26
48 17 31
17 49 32
49 17 39
17 50 10
50 17 15
21 24 23
24 21 40
21 29 41
29 21 34
21 37 13
37 21 22
21 38 65
38 21 45
21 39 73
39 21 63
21 40 51
40 21 51
21 41 28
41 21 51
21 42 42
42 21 38
21 43 31
43 21 43
21 44 28
44 21 47
21 45 17
45 21 21
21 46 17
46 21 30
21 47 15
47 21 17
21 48 17
48 21 30
21 49 29
49 21 24
21 50 24
50 21 21
24 29 75
29 24 52
24 37 37
37 24 38
24 38 36
38 24 57
24 39 37
39 24 32
24 40 31
40 24 21
24 41 35
41 24 31
24 42 15
42 24 26
24 43 20
43 24 33
24 44 33
44 24 43
24 45 27
45 24 25
24 46 12
46 24 19
24 47 19
47 24 25
24 48 45
48 24 42
24 49 30
49 24 49
24 50 31
50 24 23
29 37 18
37 29 15
29 38 7
38 29 12
29 39 30
39 29 57
29 40 33
40 29 49
29 41 39
41 29 41
29 42 66
42 29 64
29 43 32
43 29 30
29 44 14
44 29 25
29 45 31
45 29 29
29 46 24
46 29 33
29 47 41
47 29 43
29 48 6
48 29 10
29 49 10
49 29 10
29 50 24
50 29 31
37 38 29
38 37 24
37 39 35
39 37 49
37 40 42
40 37 39
37 41 51
41 37 35
37 42 53
42 37 49
37 43 25
43 37 25
37 44 36
44 37 26
37 45 9
45 37 14
37 46 28
46 37 20
37 47 40
47 37 28
37 48 10
48 37 8
37 49 11
49 37 11
37 50 19
50 37 16
38 39 71
39 38 55
38 40 26
40 38 49
38 41 50
41 38 38
38 42 40
42 38 73
38 43 17
43 38 29
38 44 29
44 38 21
38 45 20
45 38 36
38 46 25
46 38 38
38 47 35
47 38 52
38 48 24
48 38 17
38 49 19
49 38 22
38 50 50
50 38 38
39 40 12
40 39 12
39 41 18
41 39 16
39 42 40
42 39 58
39 43 38
43 39 26
39 44 26
44 39 34
39 45 59
45 39 43
39 46 44
46 39 33
39 47 47
47 39 53
39 48 59
48 39 48
39 49 59
49 39 60
39 50 36
50 39 42
40 41 15
41 40 13
40 42 35
42 40 47
40 43 28
43 40 20
40 44 41
44 40 30
40 45 20
45 40 31
40 46 20
46 40 21
40 47 45
47 40 41
40 48 45
48 40 40
40 49 41
49 40 50
40 50 39
50 40 30
41 42 69
42 41 56
41 43 8
43 41 10
41 44 21
44 41 18
41 45 20
45 41 31
41 46 15
46 41 22
41 47 37
47 41 45
41 48 35
48 41 32
41 49 42
49 41 44
41 50 29
50 41 31
42 43 39
43 42 55
42 44 85
44 42 64
42 45 41
45 42 37
42 46 28
46 42 38
42 47 23
47 42 22
42 48 83
48 42 56
42 49 62
49 42 58
42 50 19
50 42 35
43 44 5
44 43 10
43 45 24
45 43 24
43 46 12
46 43 18
43 47 31
47 43 40
43 48 14
48 43 22
43 49 22
49 43 34
43 50 13
50 43 25
44 45 30
45 44 30
44 46 35
46 44 26
44 47 49
47 44 47
44 48 14
48 44 20
44 49 16
49 44 32
44 50 25
50 44 31
45 46 11
46 45 10
45 47 10
47 45 17
45 48 26
48 45 19
45 49 24
49 45 24
45 50 1
50 45 2
46 47 21
47 46 23
46 48 13
48 46 23
46 49 40
49 46 31
46 50 9
50 46 9
47 48 42
48 47 35
47 49 19
49 47 36
47 50 14
50 47 16
48 49 10
49 48 12
48 50 15
50 48 22
49 50 22
50 49 26
