1 6 19 0 650

156 174

1 4 4 37 52

2 11 49 49
3 11 52 64
6 13 21 47
8 14 31 62
18 17 17 33
24 11 8 52
4 17 20 26
5 12 40 30
7 13 17 63
9 17 52 33
10 17 51 21
11 15 42 41
12 16 31 32
13 12 5 25
14 14 12 42
15 11 36 16
16 12 52 41
17 13 27 23
19 17 13 13
20 13 57 58
21 17 62 42
22 14 42 57
23 12 16 57
25 12 7 38
26 17 27 68


1 2 11
2 1 12
1 3 17
3 1 19
1 6 19
6 1 17
1 8 12
8 1 12
1 18 40
18 1 28
1 24 36
24 1 29
1 4 16
4 1 31
1 5 28
5 1 22
1 7 17
7 1 23
1 9 15
9 1 24
1 10 40
10 1 34
1 11 8
11 1 12
1 12 30
12 1 21
1 13 54
13 1 42
1 14 22
14 1 27
1 15 29
15 1 36
1 16 18
16 1 19
1 17 25
17 1 31
1 19 68
19 1 46
1 20 15
20 1 21
1 21 16
21 1 27
1 22 8
22 1 7
1 23 18
23 1 22
1 25 44
25 1 33
1 26 10
26 1 19
2 3 10
3 2 15
2 6 28
6 2 28
2 8 28
8 2 22
2 18 29
18 2 36
2 24 39
24 2 41
2 4 51
4 2 37
2 5 25
5 2 21
2 7 26
7 2 35
2 9 8
9 2 16
2 10 14
10 2 28
2 11 7
11 2 11
2 12 28
12 2 25
2 13 45
13 2 50
2 14 53
14 2 38
2 15 51
15 2 35
2 16 5
16 2 9
2 17 29
17 2 34
2 19 65
19 2 51
2 20 16
20 2 12
2 21 19
21 2 15
2 22 10
22 2 11
2 23 27
23 2 34
2 25 55
25 2 43
2 26 38
26 2 29
3 6 22
6 3 35
3 8 14
8 3 21
3 18 57
18 3 47
3 24 49
24 3 46
3 4 52
4 3 50
3 5 47
5 3 36
3 7 34
7 3 35
3 9 32
9 3 31
3 10 57
10 3 43
3 11 15
11 3 25
3 12 24
12 3 38
3 13 44
13 3 61
3 14 49
14 3 45
3 15 43
15 3 51
3 16 23
16 3 23
3 17 71
17 3 48
3 19 54
19 3 64
3 20 9
20 3 8
3 21 34
21 3 24
3 22 9
22 3 12
3 23 44
23 3 37
3 25 30
25 3 51
3 26 16
26 3 25
6 8 14
8 6 18
6 18 12
18 6 15
6 24 8
24 6 14
6 4 28
4 6 21
6 5 19
5 6 25
6 7 21
7 6 16
6 9 33
9 6 34
6 10 22
10 6 40
6 11 19
11 6 22
6 12 21
12 6 18
6 13 16
13 6 27
6 14 10
14 6 10
6 15 49
15 6 34
6 16 35
16 6 32
6 17 37
17 6 25
6 19 29
19 6 35
6 20 45
20 6 38
6 21 50
21 6 41
6 22 13
22 6 23
6 23 15
23 6 11
6 25 10
25 6 16
6 26 25
26 6 22
8 18 31
18 8 32
8 24 16
24 8 25
8 4 43
4 8 38
8 5 37
5 8 33
8 7 9
7 8 14
8 9 43
9 8 36
8 10 26
10 8 46
8 11 35
11 8 24
8 12 35
12 8 30
8 13 27
13 8 45
8 14 20
14 8 28
8 15 37
15 8 46
8 16 39
16 8 30
8 17 33
17 8 39
8 19 49
19 8 52
8 20 38
20 8 26
8 21 54
21 8 37
8 22 16
22 8 12
8 23 16
23 8 16
8 25 45
25 8 34
8 26 4
26 8 7
18 24 25
24 18 21
18 4 9
4 18 8
18 5 30
5 18 23
18 7 27
7 18 30
18 9 41
9 18 35
18 10 44
10 18 36
18 11 29
11 18 26
18 12 13
12 18 14
18 13 12
13 18 14
18 14 11
14 18 10
18 15 15
15 18 25
18 16 26
16 18 36
18 17 7
17 18 14
18 19 12
19 18 20
18 20 52
20 18 47
18 21 38
21 18 46
18 22 27
22 18 35
18 23 29
23 18 24
18 25 10
25 18 11
18 26 31
26 18 36
24 4 34
4 24 29
24 5 27
5 24 39
24 7 14
7 24 14
24 9 32
9 24 48
24 10 42
10 24 53
24 11 23
11 24 36
24 12 36
12 24 30
24 13 14
13 24 27
24 14 14
14 24 11
24 15 55
15 24 46
24 16 66
16 24 45
24 17 40
17 24 35
24 19 24
19 24 39
24 20 29
20 24 49
24 21 64
21 24 55
24 22 35
22 24 34
24 23 6
23 24 9
24 25 12
25 24 14
24 26 22
26 24 25
4 5 11
5 4 20
4 7 46
7 4 37
4 9 38
9 4 32
4 10 35
10 4 31
4 11 39
11 4 27
4 12 15
12 4 13
4 13 12
13 4 15
4 14 21
14 4 18
4 15 13
15 4 19
4 16 25
16 4 35
4 17 10
17 4 8
4 19 16
19 4 15
4 20 34
20 4 49
4 21 47
21 4 45
4 22 23
22 4 38
4 23 36
23 4 31
4 25 20
25 4 18
4 26 32
26 4 43
5 7 52
7 5 40
5 9 14
9 5 12
5 10 8
10 5 14
5 11 13
11 5 11
5 12 8
12 5 9
5 13 44
13 5 35
5 14 21
14 5 30
5 15 12
15 5 15
5 16 23
16 5 16
5 17 21
17 5 15
5 19 28
19 5 32
5 20 41
20 5 33
5 21 16
21 5 25
5 22 32
22 5 27
5 23 47
23 5 36
5 25 45
25 5 34
5 26 54
26 5 40
7 9 29
9 7 46
7 10 76
10 7 54
7 11 23
11 7 33
7 12 19
12 7 34
7 13 57
13 7 40
7 14 19
14 7 22
7 15 35
15 7 51
7 16 39
16 7 41
7 17 46
17 7 41
7 19 62
19 7 50
7 20 58
20 7 40
7 21 48
21 7 50
7 22 34
22 7 26
7 23 5
23 7 6
7 25 38
25 7 27
7 26 14
26 7 11
9 10 8
10 9 12
9 11 10
11 9 13
9 12 21
12 9 21
9 13 55
13 9 48
9 14 44
14 9 41
9 15 34
15 9 23
9 16 5
16 9 8
9 17 32
17 9 27
9 19 22
19 9 44
9 20 35
20 9 25
9 21 19
21 9 13
9 22 38
22 9 26
9 23 32
23 9 43
9 25 28
25 9 45
9 26 42
26 9 43
10 11 32
11 10 22
10 12 25
12 10 23
10 13 40
13 10 46
10 14 30
14 10 44
10 15 15
15 10 16
10 16 29
16 10 20
10 17 20
17 10 24
10 19 58
19 10 39
10 20 37
20 10 37
10 21 34
21 10 24
10 22 42
22 10 37
10 23 43
23 10 50
10 25 40
25 10 47
10 26 71
26 10 53
11 12 15
12 11 14
11 13 30
13 11 40
11 14 25
14 11 30
11 15 21
15 11 26
11 16 8
16 11 10
11 17 23
17 11 23
11 19 22
19 11 40
11 20 22
20 11 23
11 21 27
21 11 20
11 22 9
22 11 16
11 23 34
23 11 31
11 25 31
25 11 35
11 26 36
26 11 31
12 13 29
13 12 27
12 14 31
14 12 21
12 15 21
15 12 17
12 16 34
16 12 23
12 17 7
17 12 10
12 19 25
19 12 26
12 20 22
20 12 37
12 21 26
21 12 33
12 22 26
22 12 27
12 23 22
23 12 29
12 25 26
25 12 25
12 26 26
26 12 36
13 14 23
14 13 18
13 15 36
15 13 32
13 16 33
16 13 50
13 17 16
17 13 22
13 19 18
19 13 14
13 20 42
20 13 61
13 21 32
21 13 59
13 22 27
22 13 49
13 23 34
23 13 34
13 25 8
25 13 13
13 26 49
26 13 48
14 15 23
15 14 35
14 16 53
16 14 40
14 17 25
17 14 24
14 19 38
19 14 29
14 20 43
20 14 48
14 21 47
21 14 50
14 22 38
22 14 34
14 23 20
23 14 16
14 25 3
25 14 6
14 26 21
26 14 30
15 16 42
16 15 30
15 17 16
17 15 11
15 19 28
19 15 23
15 20 31
20 15 47
15 21 45
21 15 37
15 22 44
22 15 41
15 23 66
23 15 46
15 25 19
25 15 36
15 26 67
26 15 53
16 17 23
17 16 31
16 19 29
19 16 48
16 20 11
20 16 18
16 21 9
21 16 10
16 22 16
22 16 19
16 23 49
23 16 39
16 25 65
25 16 45
16 26 42
26 16 37
17 19 12
19 17 17
17 20 52
20 17 46
17 21 43
21 17 40
17 22 19
22 17 37
17 23 43
23 17 36
17 25 22
25 17 25
17 26 49
26 17 45
19 20 83
20 19 63
19 21 72
21 19 57
19 22 27
22 19 53
19 23 37
23 19 44
19 25 38
25 19 26
19 26 70
26 19 57
20 21 23
21 20 17
20 22 14
22 20 15
20 23 54
23 20 41
20 25 32
25 20 54
20 26 29
26 20 32
21 22 18
22 21 25
21 23 62
23 21 48
21 25 29
25 21 55
21 26 30
26 21 44
22 23 23
23 22 26
22 25 36
25 22 40
22 26 18
26 22 19
23 25 25
25 23 21
23 26 10
26 23 16
25 26 27
26 25 36
