1 6 19 0 650

147 151

1 3 5 37 52

3 11 52 64
9 14 52 33
12 14 31 32
15 14 36 16
22 9 42 57
25 13 7 38
2 14 49 49
4 13 20 26
5 12 40 30
6 12 21 47
7 13 17 63
8 10 31 62
10 12 51 21
11 9 42 41
13 12 5 25
14 13 12 42
16 9 52 41
17 11 27 23
18 14 17 33
19 14 13 13
20 11 57 58
21 12 62 42
23 13 16 57
24 10 8 52
26 12 27 68


1 3 13
3 1 19
1 9 34
9 1 24
1 12 28
12 1 21
1 15 48
15 1 36
1 22 9
22 1 7
1 25 46
25 1 33
1 2 7
2 1 12
1 4 26
4 1 31
1 5 14
5 1 22
1 6 25
6 1 17
1 7 19
7 1 23
1 8 8
8 1 12
1 10 37
10 1 34
1 11 15
11 1 12
1 13 41
13 1 42
1 14 34
14 1 27
1 16 18
16 1 19
1 17 25
17 1 31
1 18 33
18 1 28
1 19 38
19 1 46
1 20 28
20 1 21
1 21 16
21 1 27
1 23 18
23 1 22
1 24 18
24 1 29
1 26 10
26 1 19
3 9 19
9 3 31
3 12 39
12 3 38
3 15 71
15 3 51
3 22 17
22 3 12
3 25 66
25 3 51
3 2 9
2 3 15
3 4 65
4 3 50
3 5 18
5 3 36
3 6 28
6 3 35
3 7 32
7 3 35
3 8 31
8 3 21
3 10 45
10 3 43
3 11 33
11 3 25
3 13 31
13 3 61
3 14 26
14 3 45
3 16 22
16 3 23
3 17 60
17 3 48
3 18 27
18 3 47
3 19 70
19 3 64
3 20 7
20 3 8
3 21 12
21 3 24
3 23 40
23 3 37
3 24 40
24 3 46
3 26 31
26 3 25
9 12 29
12 9 21
9 15 15
15 9 23
9 22 24
22 9 26
9 25 47
25 9 45
9 2 17
2 9 16
9 4 41
4 9 32
9 5 11
5 9 12
9 6 47
6 9 34
9 7 37
7 9 46
9 8 47
8 9 36
9 10 15
10 9 12
9 11 8
11 9 13
9 13 65
13 9 48
9 14 31
14 9 41
9 16 11
16 9 8
9 17 22
17 9 27
9 18 33
18 9 35
9 19 23
19 9 44
9 20 29
20 9 25
9 21 18
21 9 13
9 23 55
23 9 43
9 24 25
24 9 48
9 26 40
26 9 43
12 15 11
15 12 17
12 22 39
22 12 27
12 25 34
25 12 25
12 2 35
2 12 25
12 4 18
4 12 13
12 5 11
5 12 9
12 6 9
6 12 18
12 7 45
7 12 34
12 8 25
8 12 30
12 10 13
10 12 23
12 11 9
11 12 14
12 13 15
13 12 27
12 14 22
14 12 21
12 16 22
16 12 23
12 17 9
17 12 10
12 18 11
18 12 14
12 19 35
19 12 26
12 20 40
20 12 37
12 21 48
21 12 33
12 23 39
23 12 29
12 24 33
24 12 30
12 26 42
26 12 36
15 22 26
22 15 41
15 25 38
25 15 36
15 2 26
2 15 35
15 4 14
4 15 19
15 5 8
5 15 15
15 6 50
6 15 34
15 7 55
7 15 51
15 8 52
8 15 46
15 10 16
10 15 16
15 11 22
11 15 26
15 13 30
13 15 32
15 14 47
14 15 35
15 16 39
16 15 30
15 17 13
17 15 11
15 18 33
18 15 25
15 19 23
19 15 23
15 20 44
20 15 47
15 21 29
21 15 37
15 23 65
23 15 46
15 24 49
24 15 46
15 26 43
26 15 53
22 25 58
25 22 40
22 2 15
2 22 11
22 4 22
4 22 38
22 5 20
5 22 27
22 6 12
6 22 23
22 7 19
7 22 26
22 8 16
8 22 12
22 10 22
10 22 37
22 11 15
11 22 16
22 13 71
13 22 49
22 14 35
14 22 34
22 16 19
16 22 19
22 17 34
17 22 37
22 18 25
18 22 35
22 19 34
19 22 53
22 20 12
20 22 15
22 21 32
21 22 25
22 23 28
23 22 26
22 24 37
24 22 34
22 26 18
26 22 19
25 2 53
2 25 43
25 4 19
4 25 18
25 5 26
5 25 34
25 6 16
6 25 16
25 7 38
7 25 27
25 8 28
8 25 34
25 10 30
10 25 47
25 11 48
11 25 35
25 13 17
13 25 13
25 14 5
14 25 6
25 16 66
16 25 45
25 17 30
17 25 25
25 18 15
18 25 11
25 19 22
19 25 26
25 20 44
20 25 54
25 21 39
21 25 55
25 23 27
23 25 21
25 24 12
24 25 14
25 26 32
26 25 36
2 4 23
4 2 37
2 5 21
5 2 21
2 6 32
6 2 28
2 7 22
7 2 35
2 8 32
8 2 22
2 10 41
10 2 28
2 11 16
11 2 11
2 13 41
13 2 50
2 14 22
14 2 38
2 16 8
16 2 9
2 17 49
17 2 34
2 18 26
18 2 36
2 19 37
19 2 51
2 20 12
20 2 12
2 21 19
21 2 15
2 23 23
23 2 34
2 24 29
24 2 41
2 26 25
26 2 29
4 5 22
5 4 20
4 6 16
6 4 21
4 7 40
7 4 37
4 8 30
8 4 38
4 10 40
10 4 31
4 11 36
11 4 27
4 13 14
13 4 15
4 14 10
14 4 18
4 16 23
16 4 35
4 17 9
17 4 8
4 18 8
18 4 8
4 19 20
19 4 15
4 20 30
20 4 49
4 21 32
21 4 45
4 23 18
23 4 31
4 24 35
24 4 29
4 26 24
26 4 43
5 6 31
6 5 25
5 7 47
7 5 40
5 8 23
8 5 33
5 10 17
10 5 14
5 11 6
11 5 11
5 13 22
13 5 35
5 14 39
14 5 30
5 16 12
16 5 16
5 17 21
17 5 15
5 18 24
18 5 23
5 19 46
19 5 32
5 20 36
20 5 33
5 21 26
21 5 25
5 23 38
23 5 36
5 24 41
24 5 39
5 26 33
26 5 40
6 7 10
7 6 16
6 8 26
8 6 18
6 10 43
10 6 40
6 11 12
11 6 22
6 13 34
13 6 27
6 14 8
14 6 10
6 16 17
16 6 32
6 17 13
17 6 25
6 18 10
18 6 15
6 19 20
19 6 35
6 20 49
20 6 38
6 21 61
21 6 41
6 23 12
23 6 11
6 24 11
24 6 14
6 26 26
26 6 22
7 8 20
8 7 14
7 10 77
10 7 54
7 11 42
11 7 33
7 13 40
13 7 40
7 14 22
14 7 22
7 16 37
16 7 41
7 17 29
17 7 41
7 18 23
18 7 30
7 19 46
19 7 50
7 20 58
20 7 40
7 21 26
21 7 50
7 23 7
23 7 6
7 24 14
24 7 14
7 26 12
26 7 11
8 10 33
10 8 46
8 11 22
11 8 24
8 13 63
13 8 45
8 14 14
14 8 28
8 16 28
16 8 30
8 17 47
17 8 39
8 18 26
18 8 32
8 19 55
19 8 52
8 20 28
20 8 26
8 21 54
21 8 37
8 23 21
23 8 16
8 24 36
24 8 25
8 26 4
26 8 7
10 11 24
11 10 22
10 13 34
13 10 46
10 14 53
14 10 44
10 16 14
16 10 20
10 17 22
17 10 24
10 18 44
18 10 36
10 19 54
19 10 39
10 20 29
20 10 37
10 21 21
21 10 24
10 23 65
23 10 50
10 24 58
24 10 53
10 26 38
26 10 53
11 13 42
13 11 40
11 14 15
14 11 30
11 16 13
16 11 10
11 17 28
17 11 23
11 18 24
18 11 26
11 19 38
19 11 40
11 20 15
20 11 23
11 21 27
21 11 20
11 23 45
23 11 31
11 24 35
24 11 36
11 26 39
26 11 31
13 14 15
14 13 18
13 16 68
16 13 50
13 17 12
17 13 22
13 18 10
18 13 14
13 19 18
19 13 14
13 20 64
20 13 61
13 21 32
21 13 59
13 23 37
23 13 34
13 24 20
24 13 27
13 26 54
26 13 48
14 16 37
16 14 40
14 17 25
17 14 24
14 18 11
18 14 10
14 19 23
19 14 29
14 20 69
20 14 48
14 21 60
21 14 50
14 23 15
23 14 16
14 24 13
24 14 11
14 26 34
26 14 30
16 17 23
17 16 31
16 18 47
18 16 36
16 19 56
19 16 48
16 20 21
20 16 18
16 21 12
21 16 10
16 23 49
23 16 39
16 24 65
24 16 45
16 26 42
26 16 37
17 18 8
18 17 14
17 19 9
19 17 17
17 20 38
20 17 46
17 21 54
21 17 40
17 23 43
23 17 36
17 24 22
24 17 35
17 26 49
26 17 45
18 19 16
19 18 20
18 20 48
20 18 47
18 21 45
21 18 46
18 23 19
23 18 24
18 24 24
24 18 21
18 26 35
26 18 36
19 20 44
20 19 63
19 21 59
21 19 57
19 23 32
23 19 44
19 24 28
24 19 39
19 26 78
26 19 57
20 21 25
21 20 17
20 23 43
23 20 41
20 24 49
24 20 49
20 26 24
26 20 32
21 23 48
23 21 48
21 24 54
24 21 55
21 26 30
26 21 44
23 24 7
24 23 9
23 26 10
26 23 16
24 26 30
26 24 25
