1 3 9 13 650

121 136

1 5 2 37 52

7 24 17 63
11 22 42 41
13 19 5 25
2 22 49 49
3 26 52 64
4 17 20 26
5 25 40 30
6 22 21 47
8 22 31 62
9 21 52 33
10 25 51 21
12 26 31 32

14 12 42
15 36 16
16 52 41
17 27 23
18 17 33
19 13 13
20 57 58
21 62 42
22 42 57
23 16 57
24 8 52
25 7 38
26 27 68

1 7 30
7 1 23
1 11 16
11 1 12
1 13 38
13 1 42
1 2 12
2 1 12
1 3 11
3 1 19
1 4 17
4 1 31
1 5 16
5 1 22
1 6 25
6 1 17
1 8 13
8 1 12
1 9 15
9 1 24
1 10 40
10 1 34
1 12 28
12 1 21
1 14 36
14 1 27
1 15 51
15 1 36
1 16 25
16 1 19
1 17 38
17 1 31
1 18 29
18 1 28
1 19 52
19 1 46
1 20 16
20 1 21
1 21 39
21 1 27
1 22 7
22 1 7
1 23 27
23 1 22
1 24 27
24 1 29
1 25 44
25 1 33
1 26 10
26 1 19
7 11 22
11 7 33
7 13 42
13 7 40
7 2 35
2 7 35
7 3 26
3 7 35
7 4 20
4 7 37
7 5 56
5 7 40
7 6 22
6 7 16
7 8 15
8 7 14
7 9 47
9 7 46
7 10 67
10 7 54
7 12 25
12 7 34
7 14 17
14 7 22
7 15 69
15 7 51
7 16 21
16 7 41
7 17 60
17 7 41
7 18 24
18 7 30
7 19 59
19 7 50
7 20 56
20 7 40
7 21 41
21 7 50
7 22 34
22 7 26
7 23 3
23 7 6
7 24 7
24 7 14
7 25 16
25 7 27
7 26 9
26 7 11
11 13 29
13 11 40
11 2 10
2 11 11
11 3 27
3 11 25
11 4 38
4 11 27
11 5 13
5 11 11
11 6 26
6 11 22
11 8 17
8 11 24
11 9 8
9 11 13
11 10 11
10 11 22
11 12 16
12 11 14
11 14 42
14 11 30
11 15 27
15 11 26
11 16 6
16 11 10
11 17 34
17 11 23
11 18 34
18 11 26
11 19 51
19 11 40
11 20 15
20 11 23
11 21 11
21 11 20
11 22 22
22 11 16
11 23 30
23 11 31
11 24 25
24 11 36
11 25 40
25 11 35
11 26 24
26 11 31
13 2 70
2 13 50
13 3 32
3 13 61
13 4 19
4 13 15
13 5 35
5 13 35
13 6 34
6 13 27
13 8 56
8 13 45
13 9 60
9 13 48
13 10 63
10 13 46
13 12 36
12 13 27
13 14 21
14 13 18
13 15 28
15 13 32
13 16 70
16 13 50
13 17 27
17 13 22
13 18 8
18 13 14
13 19 15
19 13 14
13 20 52
20 13 61
13 21 61
21 13 59
13 22 44
22 13 49
13 23 36
23 13 34
13 24 40
24 13 27
13 25 9
25 13 13
13 26 60
26 13 48
2 3 15
3 2 15
2 4 47
4 2 37
2 5 26
5 2 21
2 6 41
6 2 28
2 8 21
8 2 22
2 9 21
9 2 16
2 10 15
10 2 28
2 12 23
12 2 25
2 14 23
14 2 38
2 15 52
15 2 35
2 16 6
16 2 9
2 17 19
17 2 34
2 18 30
18 2 36
2 19 72
19 2 51
2 20 9
20 2 12
2 21 11
21 2 15
2 22 15
22 2 11
2 23 23
23 2 34
2 24 48
24 2 41
2 25 64
25 2 43
2 26 34
26 2 29
3 4 73
4 3 50
3 5 23
5 3 36
3 6 27
6 3 35
3 8 29
8 3 21
3 9 16
9 3 31
3 10 40
10 3 43
3 12 45
12 3 38
3 14 61
14 3 45
3 15 53
15 3 51
3 16 32
16 3 23
3 17 50
17 3 48
3 18 44
18 3 47
3 19 72
19 3 64
3 20 6
20 3 8
3 21 23
21 3 24
3 22 7
22 3 12
3 23 35
23 3 37
3 24 54
24 3 46
3 25 46
25 3 51
3 26 34
26 3 25
4 5 27
5 4 20
4 6 15
6 4 21
4 8 40
8 4 38
4 9 24
9 4 32
4 10 32
10 4 31
4 12 19
12 4 13
4 14 18
14 4 18
4 15 27
15 4 19
4 16 50
16 4 35
4 17 10
17 4 8
4 18 4
18 4 8
4 19 20
19 4 15
4 20 57
20 4 49
4 21 52
21 4 45
4 22 52
22 4 38
4 23 28
23 4 31
4 24 34
24 4 29
4 25 14
25 4 18
4 26 59
26 4 43
5 6 29
6 5 25
5 8 33
8 5 33
5 9 16
9 5 12
5 10 18
10 5 14
5 12 12
12 5 9
5 14 22
14 5 30
5 15 12
15 5 15
5 16 18
16 5 16
5 17 21
17 5 15
5 18 20
18 5 23
5 19 46
19 5 32
5 20 19
20 5 33
5 21 18
21 5 25
5 22 38
22 5 27
5 23 50
23 5 36
5 24 34
24 5 39
5 25 46
25 5 34
5 26 45
26 5 40
6 8 21
8 6 18
6 9 47
9 6 34
6 10 53
10 6 40
6 12 16
12 6 18
6 14 11
14 6 10
6 15 22
15 6 34
6 16 44
16 6 32
6 17 17
17 6 25
6 18 8
18 6 15
6 19 26
19 6 35
6 20 55
20 6 38
6 21 32
21 6 41
6 22 15
22 6 23
6 23 13
23 6 11
6 24 20
24 6 14
6 25 10
25 6 16
6 26 19
26 6 22
8 9 26
9 8 36
8 10 42
10 8 46
8 12 33
12 8 30
8 14 24
14 8 28
8 15 50
15 8 46
8 16 29
16 8 30
8 17 26
17 8 39
8 18 36
18 8 32
8 19 55
19 8 52
8 20 38
20 8 26
8 21 26
21 8 37
8 22 7
22 8 12
8 23 11
23 8 16
8 24 30
24 8 25
8 25 25
25 8 34
8 26 6
26 8 7
9 10 8
10 9 12
9 12 25
12 9 21
9 14 47
14 9 41
9 15 18
15 9 23
9 16 9
16 9 8
9 17 21
17 9 27
9 18 23
18 9 35
9 19 43
19 9 44
9 20 30
20 9 25
9 21 17
21 9 13
9 22 25
22 9 26
9 23 31
23 9 43
9 24 69
24 9 48
9 25 28
25 9 45
9 26 42
26 9 43
10 12 12
12 10 23
10 14 42
14 10 44
10 15 13
15 10 16
10 16 10
16 10 20
10 17 19
17 10 24
10 18 29
18 10 36
10 19 37
19 10 39
10 20 33
20 10 37
10 21 31
21 10 24
10 22 35
22 10 37
10 23 26
23 10 50
10 24 38
24 10 53
10 25 40
25 10 47
10 26 71
26 10 53
12 14 12
14 12 21
12 15 9
15 12 17
12 16 28
16 12 23
12 17 11
17 12 10
12 18 10
18 12 14
12 19 27
19 12 26
12 20 20
20 12 37
12 21 47
21 12 33
12 22 26
22 12 27
12 23 30
23 12 29
12 24 34
24 12 30
12 25 36
25 12 25
12 26 44
26 12 36
14 15 36
15 14 35
14 16 37
16 14 40
14 17 31
17 14 24
14 18 9
18 14 10
14 19 40
19 14 29
14 20 62
20 14 48
14 21 36
21 14 50
14 22 36
22 14 34
14 23 9
23 14 16
14 24 8
24 14 11
14 25 5
25 14 6
14 26 35
26 14 30
15 16 17
16 15 30
15 17 7
17 15 11
15 18 21
18 15 25
15 19 28
19 15 23
15 20 33
20 15 47
15 21 29
21 15 37
15 22 28
22 15 41
15 23 60
23 15 46
15 24 60
24 15 46
15 25 35
25 15 36
15 26 59
26 15 53
16 17 30
17 16 31
16 18 51
18 16 36
16 19 37
19 16 48
16 20 16
20 16 18
16 21 10
21 16 10
16 22 21
22 16 19
16 23 45
23 16 39
16 24 59
24 16 45
16 25 29
25 16 45
16 26 35
26 16 37
17 18 14
18 17 14
17 19 10
19 17 17
17 20 39
20 17 46
17 21 37
21 17 40
17 22 45
22 17 37
17 23 47
23 17 36
17 24 46
24 17 35
17 25 17
25 17 25
17 26 57
26 17 45
18 19 26
19 18 20
18 20 45
20 18 47
18 21 65
21 18 46
18 22 22
22 18 35
18 23 13
23 18 24
18 24 31
24 18 21
18 25 6
25 18 11
18 26 29
26 18 36
19 20 82
20 19 63
19 21 30
21 19 57
19 22 77
22 19 53
19 23 60
23 19 44
19 24 24
24 19 39
19 25 22
25 19 26
19 26 58
26 19 57
20 21 20
21 20 17
20 22 18
22 20 15
20 23 50
23 20 41
20 24 58
24 20 49
20 25 70
25 20 54
20 26 21
26 20 32
21 22 19
22 21 25
21 23 24
23 21 48
21 24 60
24 21 55
21 25 69
25 21 55
21 26 47
26 21 44
22 23 30
23 22 26
22 24 35
24 22 34
22 25 31
25 22 40
22 26 28
26 22 19
23 24 11
24 23 9
23 25 20
25 23 21
23 26 16
26 23 16
24 25 14
25 24 14
24 26 31
26 24 25
25 26 27
26 25 36
