1 25 25 0 2550

247 253

1 4 8 37 52

3 8 52 64
4 11 20 26
8 11 31 62
9 10 52 33
10 10 51 21
15 11 36 16
16 8 52 41
18 10 17 33
19 10 13 13
21 10 62 42
23 12 16 57
25 10 7 38
30 9 58 27
33 11 46 10
34 9 61 33
35 8 62 63
37 12 32 22
39 11 59 15
41 12 10 17
42 8 21 10
45 12 39 10
48 12 25 55
49 8 48 28
50 10 56 37
51 8 30 40
2 10 49 49
5 10 40 30
6 11 21 47
7 8 17 63
11 11 42 41
12 10 31 32
13 10 5 25
14 11 12 42
17 11 27 23
20 10 57 58
22 8 42 57
24 12 8 52
26 9 27 68
27 11 30 48
28 10 43 67
29 12 58 48
31 9 37 69
32 11 38 46
36 12 63 69
38 11 45 35
40 9 5 6
43 9 5 64
44 11 30 15
46 10 32 39
47 8 25 32


1 3 13
3 1 19
1 4 26
4 1 31
1 8 11
8 1 12
1 9 18
9 1 24
1 10 17
10 1 34
1 15 35
15 1 36
1 16 16
16 1 19
1 18 35
18 1 28
1 19 28
19 1 46
1 21 35
21 1 27
1 23 18
23 1 22
1 25 25
25 1 33
1 30 20
30 1 32
1 33 28
33 1 43
1 34 18
34 1 31
1 35 34
35 1 27
1 37 26
37 1 30
1 39 42
39 1 43
1 41 37
41 1 44
1 42 48
42 1 45
1 45 38
45 1 42
1 48 8
48 1 12
1 49 32
49 1 26
1 50 33
50 1 24
1 51 8
51 1 14
1 2 17
2 1 12
1 5 25
5 1 22
1 6 20
6 1 17
1 7 18
7 1 23
1 11 7
11 1 12
1 12 21
12 1 21
1 13 35
13 1 42
1 14 32
14 1 27
1 17 35
17 1 31
1 20 18
20 1 21
1 22 10
22 1 7
1 24 42
24 1 29
1 26 22
26 1 19
1 27 10
27 1 8
1 28 17
28 1 16
1 29 26
29 1 21
1 31 21
31 1 17
1 32 3
32 1 6
1 36 22
36 1 31
1 38 14
38 1 19
1 40 60
40 1 56
1 43 27
43 1 34
1 44 43
44 1 37
1 46 11
46 1 14
1 47 33
47 1 23
3 4 58
4 3 50
3 8 30
8 3 21
3 9 28
9 3 31
3 10 24
10 3 43
3 15 28
15 3 51
3 16 19
16 3 23
3 18 64
18 3 47
3 19 94
19 3 64
3 21 29
21 3 24
3 23 47
23 3 37
3 25 42
25 3 51
3 30 41
30 3 37
3 33 80
33 3 54
3 34 23
34 3 32
3 35 6
35 3 10
3 37 49
37 3 46
3 39 61
39 3 49
3 41 75
41 3 63
3 42 76
42 3 62
3 45 59
45 3 56
3 48 15
48 3 28
3 49 51
49 3 36
3 50 28
50 3 27
3 51 18
51 3 33
3 2 19
2 3 15
3 5 32
5 3 36
3 6 49
6 3 35
3 7 51
7 3 35
3 11 13
11 3 25
3 12 47
12 3 38
3 13 56
13 3 61
3 14 62
14 3 45
3 17 68
17 3 48
3 20 7
20 3 8
3 22 8
22 3 12
3 24 56
24 3 46
3 26 37
26 3 25
3 27 20
27 3 27
3 28 11
28 3 9
3 29 25
29 3 17
3 31 9
31 3 15
3 32 19
32 3 23
3 36 12
36 3 12
3 38 15
38 3 30
3 40 90
40 3 75
3 43 39
43 3 47
3 44 30
44 3 53
3 46 31
46 3 32
3 47 51
47 3 42
4 8 32
8 4 38
4 9 21
9 4 32
4 10 41
10 4 31
4 15 14
15 4 19
4 16 52
16 4 35
4 18 10
18 4 8
4 19 22
19 4 15
4 21 62
21 4 45
4 23 32
23 4 31
4 25 18
25 4 18
4 30 34
30 4 38
4 33 35
33 4 31
4 34 61
34 4 41
4 35 28
35 4 56
4 37 10
37 4 13
4 39 60
39 4 41
4 41 11
41 4 13
4 42 13
42 4 16
4 45 22
45 4 25
4 48 42
48 4 29
4 49 16
49 4 28
4 50 26
50 4 37
4 51 9
51 4 17
4 2 22
2 4 37
4 5 25
5 4 20
4 6 15
6 4 21
4 7 52
7 4 37
4 11 40
11 4 27
4 12 16
12 4 13
4 13 15
13 4 15
4 14 20
14 4 18
4 17 9
17 4 8
4 20 55
20 4 49
4 22 50
22 4 38
4 24 42
24 4 29
4 26 24
26 4 43
4 27 17
27 4 24
4 28 45
28 4 47
4 29 37
29 4 44
4 31 47
31 4 46
4 32 38
32 4 27
4 36 80
36 4 61
4 38 23
38 4 27
4 40 18
40 4 25
4 43 21
43 4 41
4 44 10
44 4 15
4 46 25
46 4 18
4 47 5
47 4 8
8 9 22
9 8 36
8 10 52
10 8 46
8 15 30
15 8 46
8 16 41
16 8 30
8 18 16
18 8 32
8 19 27
19 8 52
8 21 49
21 8 37
8 23 9
23 8 16
8 25 38
25 8 34
8 30 48
30 8 44
8 33 74
33 8 54
8 34 46
34 8 42
8 35 25
35 8 31
8 37 49
37 8 40
8 39 75
39 8 54
8 41 71
41 8 49
8 42 38
42 8 53
8 45 64
45 8 53
8 48 13
48 8 9
8 49 48
49 8 38
8 50 37
50 8 35
8 51 21
51 8 22
8 2 11
2 8 22
8 5 40
5 8 33
8 6 18
6 8 18
8 7 9
7 8 14
8 11 20
11 8 24
8 12 38
12 8 30
8 13 39
13 8 45
8 14 28
14 8 28
8 17 33
17 8 39
8 20 17
20 8 26
8 22 7
22 8 12
8 24 23
24 8 25
8 26 5
26 8 7
8 27 11
27 8 14
8 28 13
28 8 13
8 29 18
29 8 30
8 31 5
31 8 9
8 32 11
32 8 17
8 36 36
36 8 33
8 38 19
38 8 30
8 40 91
40 8 62
8 43 28
43 8 26
8 44 28
44 8 47
8 46 25
46 8 23
8 47 19
47 8 31
9 10 8
10 9 12
9 15 21
15 9 23
9 16 8
16 9 8
9 18 21
18 9 35
9 19 29
19 9 44
9 21 11
21 9 13
9 23 36
23 9 43
9 25 31
25 9 45
9 30 4
30 9 8
9 33 18
33 9 24
9 34 13
34 9 9
9 35 18
35 9 32
9 37 18
37 9 23
9 39 14
39 9 19
9 41 66
41 9 45
9 42 55
42 9 39
9 45 24
45 9 26
9 48 23
48 9 35
9 49 6
49 9 6
9 50 5
50 9 6
9 51 30
51 9 23
9 2 16
2 9 16
9 5 17
5 9 12
9 6 24
6 9 34
9 7 33
7 9 46
9 11 8
11 9 13
9 12 24
12 9 21
9 13 56
13 9 48
9 14 49
14 9 41
9 17 19
17 9 27
9 20 33
20 9 25
9 22 30
22 9 26
9 24 56
24 9 48
9 26 62
26 9 43
9 27 24
27 9 27
9 28 41
28 9 35
9 29 19
29 9 16
9 31 24
31 9 39
9 32 20
32 9 19
9 36 45
36 9 38
9 38 5
38 9 7
9 40 73
40 9 54
9 43 54
43 9 56
9 44 14
44 9 28
9 46 21
46 9 21
9 47 23
47 9 27
10 15 18
15 10 16
10 16 15
16 10 20
10 18 39
18 10 36
10 19 32
19 10 39
10 21 25
21 10 24
10 23 48
23 10 50
10 25 64
25 10 47
10 30 11
30 10 9
10 33 11
33 10 12
10 34 11
34 10 16
10 35 39
35 10 43
10 37 18
37 10 19
10 39 5
39 10 10
10 41 45
41 10 41
10 42 27
42 10 32
10 45 9
45 10 16
10 48 56
48 10 43
10 49 8
49 10 8
10 50 19
50 10 17
10 51 28
51 10 28
10 2 30
2 10 28
10 5 9
5 10 14
10 6 25
6 10 40
10 7 56
7 10 54
10 11 21
11 10 22
10 12 15
12 10 23
10 13 60
13 10 46
10 14 31
14 10 44
10 17 29
17 10 24
10 20 25
20 10 37
10 22 49
22 10 37
10 24 35
24 10 53
10 26 34
26 10 53
10 27 18
27 10 34
10 28 28
28 10 47
10 29 38
29 10 28
10 31 48
31 10 50
10 32 18
32 10 28
10 36 34
36 10 49
10 38 14
38 10 15
10 40 33
40 10 48
10 43 87
43 10 63
10 44 15
44 10 22
10 46 16
46 10 26
10 47 19
47 10 28
15 16 20
16 15 30
15 18 36
18 15 25
15 19 22
19 15 23
15 21 29
21 15 37
15 23 55
23 15 46
15 25 47
25 15 36
15 30 22
30 15 25
15 33 12
33 15 12
15 34 22
34 15 30
15 35 41
35 15 54
15 37 7
37 15 7
15 39 26
39 15 23
15 41 18
41 15 26
15 42 11
42 15 16
15 45 8
45 15 7
15 48 54
48 15 40
15 49 21
49 15 17
15 50 43
50 15 29
15 51 34
51 15 25
15 2 34
2 15 35
15 5 18
5 15 15
15 6 33
6 15 34
15 7 69
7 15 51
15 11 38
11 15 26
15 12 14
12 15 17
15 13 36
13 15 32
15 14 44
14 15 35
15 17 16
17 15 11
15 20 66
20 15 47
15 22 43
22 15 41
15 24 52
24 15 46
15 26 78
26 15 53
15 27 40
27 15 33
15 28 50
28 15 51
15 29 56
29 15 39
15 31 74
31 15 53
15 32 35
32 15 30
15 36 79
36 15 59
15 38 19
38 15 21
15 40 44
40 15 33
15 43 40
43 15 57
15 44 8
44 15 6
15 46 19
46 15 23
15 47 24
47 15 19
16 18 39
18 16 36
16 19 46
19 16 48
16 21 8
21 16 10
16 23 29
23 16 39
16 25 62
25 16 45
16 30 13
30 16 15
16 33 40
33 16 32
16 34 10
34 16 12
16 35 27
35 16 24
16 37 17
37 16 28
16 39 38
39 16 27
16 41 53
41 16 48
16 42 63
42 16 44
16 45 24
45 16 34
16 48 44
48 16 30
16 49 16
49 16 14
16 50 6
50 16 6
16 51 30
51 16 22
16 2 10
2 16 9
16 5 8
5 16 16
16 6 16
6 16 32
16 7 26
7 16 41
16 11 12
11 16 10
16 12 13
12 16 23
16 13 73
13 16 50
16 14 27
14 16 40
16 17 39
17 16 31
16 20 26
20 16 18
16 22 16
22 16 19
16 24 33
24 16 45
16 26 54
26 16 37
16 27 32
27 16 23
16 28 17
28 16 28
16 29 9
29 16 9
16 31 26
31 16 32
16 32 8
32 16 15
16 36 40
36 16 30
16 38 11
38 16 9
16 40 73
40 16 58
16 43 38
43 16 52
16 44 30
44 16 34
16 46 23
46 16 20
16 47 27
47 16 28
18 19 16
19 18 20
18 21 44
21 18 46
18 23 35
23 18 24
18 25 14
25 18 11
18 30 57
30 18 41
18 33 28
33 18 37
18 34 48
34 18 44
18 35 70
35 18 54
18 37 14
37 18 19
18 39 35
39 18 46
18 41 19
41 18 17
18 42 13
42 18 23
18 45 39
45 18 32
18 48 20
48 18 23
18 49 19
49 18 31
18 50 48
50 18 39
18 51 20
51 18 15
18 2 45
2 18 36
18 5 19
5 18 23
18 6 17
6 18 15
18 7 43
7 18 30
18 11 23
11 18 26
18 12 18
12 18 14
18 13 15
13 18 14
18 14 11
14 18 10
18 17 18
17 18 14
18 20 69
20 18 47
18 22 31
22 18 35
18 24 11
24 18 21
18 26 53
26 18 36
18 27 15
27 18 20
18 28 28
28 18 43
18 29 26
29 18 44
18 31 59
31 18 41
18 32 20
32 18 25
18 36 43
36 18 58
18 38 36
38 18 28
18 40 16
40 18 30
18 43 44
43 18 33
18 44 32
44 18 22
18 46 16
46 18 16
18 47 8
47 18 8
19 21 67
21 19 57
19 23 60
23 19 44
19 25 17
25 19 26
19 30 52
30 19 47
19 33 21
33 19 33
19 34 34
34 19 52
19 35 81
35 19 70
19 37 24
37 19 21
19 39 28
39 19 46
19 41 4
41 19 5
19 42 12
42 19 9
19 45 27
45 19 26
19 48 22
48 19 44
19 49 19
49 19 38
19 50 68
50 19 49
19 51 18
51 19 31
19 2 65
2 19 51
19 5 45
5 19 32
19 6 38
6 19 35
19 7 37
7 19 50
19 11 33
11 19 40
19 12 31
12 19 26
19 13 15
13 19 14
19 14 34
14 19 29
19 17 9
17 19 17
19 20 64
20 19 63
19 22 69
22 19 53
19 24 52
24 19 39
19 26 63
26 19 57
19 27 48
27 19 39
19 28 83
28 19 62
19 29 82
29 19 57
19 31 38
31 19 61
19 32 34
32 19 41
19 36 56
36 19 75
19 38 24
38 19 39
19 40 16
40 19 11
19 43 33
43 19 51
19 44 15
44 19 17
19 46 42
46 19 32
19 47 14
47 19 22
21 23 62
23 21 48
21 25 61
25 21 55
21 30 11
30 21 16
21 33 39
33 21 36
21 34 13
34 21 9
21 35 20
35 21 21
21 37 20
37 21 36
21 39 19
39 21 27
21 41 85
41 21 57
21 42 27
42 21 52
21 45 48
45 21 39
21 48 40
48 21 39
21 49 25
49 21 20
21 50 5
50 21 8
21 51 42
51 21 32
21 2 14
2 21 15
21 5 30
5 21 25
21 6 58
6 21 41
21 7 55
7 21 50
21 11 22
11 21 20
21 12 49
12 21 33
21 13 67
13 21 59
21 14 59
14 21 50
21 17 40
17 21 40
21 20 18
20 21 17
21 22 28
22 21 25
21 24 33
24 21 55
21 26 39
26 21 44
21 27 36
27 21 33
21 28 26
28 21 31
21 29 7
29 21 7
21 31 47
31 21 37
21 32 31
32 21 24
21 36 15
36 21 27
21 38 19
38 21 18
21 40 80
40 21 67
21 43 45
43 21 61
21 44 56
44 21 42
21 46 38
46 21 30
21 47 39
47 21 38
23 25 27
25 23 21
23 30 76
30 23 52
23 33 33
33 23 56
23 34 71
34 23 51
23 35 65
35 23 46
23 37 48
37 23 38
23 39 69
39 23 60
23 41 41
41 23 40
23 42 61
42 23 47
23 45 54
45 23 52
23 48 6
48 23 9
23 49 54
49 23 43
23 50 58
50 23 45
23 51 26
51 23 22
23 2 50
2 23 34
23 5 23
5 23 36
23 6 11
6 23 11
23 7 3
7 23 6
23 11 25
11 23 31
23 12 18
12 23 29
23 13 29
13 23 34
23 14 14
14 23 16
23 17 29
17 23 36
23 20 50
20 23 41
23 22 37
22 23 26
23 24 8
24 23 9
23 26 12
26 23 16
23 27 25
27 23 17
23 28 25
28 23 29
23 29 44
29 23 43
23 31 32
31 23 24
23 32 29
32 23 25
23 36 60
36 23 49
23 38 41
38 23 36
23 40 48
40 23 52
23 43 8
43 23 13
23 44 35
44 23 44
23 46 34
46 23 24
23 47 14
47 23 27
25 30 57
30 25 52
25 33 46
33 25 48
25 34 37
34 25 54
25 35 68
35 25 60
25 37 21
37 25 30
25 39 70
39 25 57
25 41 11
41 25 21
25 42 46
42 25 31
25 45 35
45 25 43
25 48 30
48 25 25
25 49 33
49 25 42
25 50 51
50 25 49
25 51 25
51 25 23
25 2 43
2 25 43
25 5 41
5 25 34
25 6 8
6 25 16
25 7 31
7 25 27
25 11 51
11 25 35
25 12 29
12 25 25
25 13 10
13 25 13
25 14 7
14 25 6
25 17 33
17 25 25
25 20 49
20 25 54
25 22 22
22 25 40
25 24 18
24 25 14
25 26 23
26 25 36
25 27 36
27 25 25
25 28 43
28 25 46
25 29 50
29 25 52
25 31 60
31 25 43
25 32 19
32 25 32
25 36 33
36 25 64
25 38 54
38 25 38
25 40 34
40 25 32
25 43 34
43 25 26
25 44 38
44 25 33
25 46 24
46 25 25
25 47 19
47 25 19
30 33 26
33 30 21
30 34 4
34 30 7
30 35 47
35 30 36
30 37 16
37 30 26
30 39 7
39 30 12
30 41 70
41 30 49
30 42 26
42 30 41
30 45 29
45 30 25
30 48 22
48 30 43
30 49 12
49 30 10
30 50 12
50 30 10
30 51 36
51 30 31
30 2 12
2 30 24
30 5 12
5 30 18
30 6 59
6 30 42
30 7 59
7 30 54
30 11 17
11 30 21
30 12 33
12 30 27
30 13 75
13 30 53
30 14 62
14 30 48
30 17 29
17 30 31
30 20 35
20 30 31
30 22 38
22 30 34
30 24 81
24 30 56
30 26 75
26 30 51
30 27 23
27 30 35
30 28 35
28 30 43
30 29 20
29 30 21
30 31 44
31 30 47
30 32 25
32 30 28
30 36 28
36 30 42
30 38 10
38 30 15
30 40 84
40 30 57
30 43 60
43 30 64
30 44 25
44 30 30
30 46 20
46 30 29
30 47 39
47 30 33
33 34 38
34 33 27
33 35 68
35 33 55
33 37 19
37 33 18
33 39 13
39 33 14
33 41 39
41 33 37
33 42 35
42 33 25
33 45 9
45 33 7
33 48 42
48 33 49
33 49 18
49 33 18
33 50 30
50 33 29
33 51 40
51 33 34
33 2 44
2 33 39
33 5 28
5 33 21
33 6 41
6 33 45
33 7 72
7 33 60
33 11 27
11 33 31
33 12 32
12 33 27
33 13 33
13 33 44
33 14 58
14 33 47
33 17 30
17 33 23
33 20 41
20 33 49
33 22 59
22 33 47
33 24 53
24 33 57
33 26 41
26 33 61
33 27 32
27 33 41
33 28 56
28 33 57
33 29 23
29 33 40
33 31 81
31 33 60
33 32 38
32 33 37
33 36 66
36 33 61
33 38 31
38 33 25
33 40 57
40 33 41
33 43 52
43 33 68
33 44 17
44 33 17
33 46 20
46 33 32
33 47 42
47 33 30
34 35 18
35 34 30
34 37 38
37 34 31
34 39 9
39 34 18
34 41 52
41 34 53
34 42 61
42 34 46
34 45 34
45 34 32
34 48 50
48 34 42
34 49 20
49 34 14
34 50 5
50 34 6
34 51 20
51 34 32
34 2 28
2 34 20
34 5 15
5 34 21
34 6 52
6 34 42
34 7 33
7 34 53
34 11 15
11 34 21
34 12 17
12 34 30
34 13 52
13 34 57
34 14 40
14 34 50
34 17 21
17 34 35
34 20 22
20 34 25
34 22 32
22 34 31
34 24 65
24 34 56
34 26 57
26 34 49
34 27 49
27 34 34
34 28 19
28 34 38
34 29 8
29 34 15
34 31 23
31 34 43
34 32 30
32 34 26
34 36 27
36 34 36
34 38 18
38 34 16
34 40 65
40 34 62
34 43 86
43 34 64
34 44 32
44 34 36
34 46 26
46 34 30
34 47 31
47 34 36
35 37 54
37 35 51
35 39 30
39 35 48
35 41 91
41 35 69
35 42 43
42 35 67
35 45 41
45 35 58
35 48 28
48 35 38
35 49 51
49 35 38
35 50 37
50 35 27
35 51 47
51 35 39
35 2 25
2 35 19
35 5 43
5 35 40
35 6 61
6 35 44
35 7 27
7 35 45
35 11 20
11 35 30
35 12 40
12 35 44
35 13 47
13 35 68
35 14 73
14 35 54
35 17 51
17 35 53
35 20 5
20 35 7
35 22 15
22 35 21
35 24 38
24 35 55
35 26 25
26 35 35
35 27 45
27 35 35
35 28 26
28 35 19
35 29 20
29 35 16
35 31 17
31 35 26
35 32 33
32 35 29
35 36 4
36 35 6
35 38 47
38 35 33
35 40 118
40 35 81
35 43 42
43 35 57
35 44 44
44 35 58
35 46 33
46 35 38
35 47 43
47 35 48
37 39 16
39 37 28
37 41 26
41 37 23
37 42 22
42 37 16
37 45 14
45 37 14
37 48 49
48 37 34
37 49 20
49 37 17
37 50 22
50 37 28
37 51 26
51 37 18
37 2 19
2 37 32
37 5 7
5 37 11
37 6 24
6 37 27
37 7 42
7 37 44
37 11 24
11 37 21
37 12 10
12 37 10
37 13 18
13 37 27
37 14 21
14 37 28
37 17 3
17 37 5
37 20 40
20 37 44
37 22 29
22 37 36
37 24 54
24 37 38
37 26 33
26 37 46
37 27 33
27 37 26
37 28 33
28 37 46
37 29 55
29 37 37
37 31 44
31 37 47
37 32 22
32 37 25
37 36 72
36 37 56
37 38 21
38 37 18
37 40 21
40 37 31
37 43 52
43 37 50
37 44 9
44 37 7
37 46 10
46 37 17
37 47 12
47 37 12
39 41 32
41 39 49
39 42 55
42 39 38
39 45 31
45 39 21
39 48 66
48 39 52
39 49 12
49 39 17
39 50 15
50 39 22
39 51 31
51 39 38
39 2 43
2 39 35
39 5 20
5 39 24
39 6 61
6 39 50
39 7 78
7 39 64
39 11 19
11 39 31
39 12 30
12 39 33
39 13 39
13 39 55
39 14 52
14 39 54
39 17 21
17 39 33
39 20 46
20 39 43
39 22 34
22 39 45
39 24 83
24 39 63
39 26 85
26 39 62
39 27 49
27 39 44
39 28 64
28 39 54
39 29 32
29 39 33
39 31 40
31 39 58
39 32 33
32 39 37
39 36 78
36 39 54
39 38 12
38 39 24
39 40 41
40 39 55
39 43 77
43 39 73
39 44 16
44 39 29
39 46 34
46 39 36
39 47 38
47 39 38
41 42 11
42 41 13
41 45 26
45 41 30
41 48 33
48 41 41
41 49 37
49 41 40
41 50 54
50 41 50
41 51 39
51 41 30
41 2 44
2 41 50
41 5 45
5 41 33
41 6 19
6 41 32
41 7 62
7 41 46
41 11 20
11 41 40
41 12 15
12 41 26
41 13 6
13 41 9
41 14 25
14 41 25
41 17 26
17 41 18
41 20 79
20 41 62
41 22 31
22 41 51
41 24 46
24 41 35
41 26 77
26 41 54
41 27 25
27 41 37
41 28 81
28 41 60
41 29 80
29 41 57
41 31 33
31 41 59
41 32 50
32 41 40
41 36 40
36 41 74
41 38 43
38 41 39
41 40 13
40 41 12
41 43 37
43 41 47
41 44 12
44 41 20
41 46 20
46 41 31
41 47 18
47 41 21
42 45 18
45 42 18
42 48 44
48 42 45
42 49 39
49 42 32
42 50 30
50 42 44
42 51 34
51 42 31
42 2 69
2 42 48
42 5 32
5 42 27
42 6 33
6 42 37
42 7 67
7 42 53
42 11 42
11 42 37
42 12 16
12 42 24
42 13 26
13 42 22
42 14 26
14 42 33
42 17 8
17 42 14
42 20 82
20 42 60
42 22 33
22 42 51
42 24 39
24 42 44
42 26 84
26 42 58
42 27 47
27 42 39
42 28 61
28 42 61
42 29 47
29 42 53
42 31 88
31 42 61
42 32 22
32 42 40
42 36 95
36 42 72
42 38 51
38 42 35
42 40 19
40 42 16
42 43 74
43 42 56
42 44 5
44 42 10
42 46 22
46 42 31
42 47 32
47 42 22
45 48 53
48 45 47
45 49 11
49 45 20
45 50 25
50 45 32
45 51 16
51 45 31
45 2 41
2 45 40
45 5 29
5 45 20
45 6 50
6 45 41
45 7 76
7 45 57
45 11 46
11 45 31
45 12 33
12 45 23
45 13 52
13 45 37
45 14 60
14 45 42
45 17 17
17 45 18
45 20 37
20 45 51
45 22 65
22 45 47
45 24 64
24 45 52
45 26 67
26 45 59
45 27 42
27 45 39
45 28 68
28 45 57
45 29 57
29 45 42
45 31 75
31 45 59
45 32 31
32 45 36
45 36 61
36 45 64
45 38 22
38 45 26
45 40 44
40 45 34
45 43 82
43 45 64
45 44 13
44 45 10
45 46 23
46 45 30
45 47 25
47 45 26
48 49 27
49 48 35
48 50 32
50 48 36
48 51 12
51 48 16
48 2 34
2 48 25
48 5 25
5 48 29
48 6 8
6 48 9
48 7 6
7 48 11
48 11 16
11 48 22
48 12 14
12 48 24
48 13 22
13 48 36
48 14 21
14 48 18
48 17 32
17 48 32
48 20 44
20 48 32
48 22 21
22 48 17
48 24 23
24 48 17
48 26 9
26 48 13
48 27 6
27 48 9
48 28 20
28 48 22
48 29 49
29 48 34
48 31 23
31 48 18
48 32 19
32 48 16
48 36 27
36 48 40
48 38 31
38 48 28
48 40 43
40 48 53
48 43 22
43 48 22
48 44 41
44 48 40
48 46 12
46 48 17
48 47 24
47 48 23
49 50 6
50 49 12
49 51 28
51 49 22
49 2 27
2 49 21
49 5 4
5 49 8
49 6 43
6 49 33
49 7 30
7 49 46
49 11 15
11 49 14
49 12 17
12 49 17
49 13 49
13 49 43
49 14 53
14 49 39
49 17 25
17 49 22
49 20 20
20 49 31
49 22 34
22 49 30
49 24 46
24 49 46
49 26 59
26 49 45
49 27 25
27 49 27
49 28 57
28 49 39
49 29 17
29 49 22
49 31 38
31 49 42
49 32 29
32 49 21
49 36 29
36 49 44
49 38 6
38 49 8
49 40 57
40 49 48
49 43 67
43 49 56
49 44 16
44 49 22
49 46 19
46 49 19
49 47 22
47 49 23
50 51 17
51 50 26
50 2 13
2 50 14
50 5 23
5 50 17
50 6 18
6 50 36
50 7 53
7 50 47
50 11 10
11 50 15
50 12 23
12 50 25
50 13 26
13 50 52
50 14 53
14 50 44
50 17 29
17 50 32
50 20 18
20 50 21
50 22 31
22 50 24
50 24 50
24 50 50
50 26 25
26 50 42
50 27 17
27 50 28
50 28 46
28 50 33
50 29 16
29 50 11
50 31 37
31 50 37
50 32 28
32 50 20
50 36 40
36 50 33
50 38 12
38 50 11
50 40 65
40 50 60
50 43 66
43 50 58
50 44 50
44 50 34
50 46 31
46 50 24
50 47 43
47 50 31
51 2 24
2 51 21
51 5 19
5 51 14
51 6 15
6 51 11
51 7 36
7 51 26
51 11 15
11 51 12
51 12 8
12 51 8
51 13 21
13 51 29
51 14 22
14 51 18
51 17 23
17 51 17
51 20 17
20 51 32
51 22 22
22 51 21
51 24 32
24 51 25
51 26 36
26 51 28
51 27 7
27 51 8
51 28 44
28 51 30
51 29 36
29 51 29
51 31 36
31 51 30
51 32 6
32 51 10
51 36 53
36 51 44
51 38 11
38 51 16
51 40 62
40 51 42
51 43 50
43 51 35
51 44 25
44 51 25
51 46 2
46 51 2
51 47 7
47 51 9
2 5 23
5 2 21
2 6 28
6 2 28
2 7 29
7 2 35
2 11 10
11 2 11
2 12 32
12 2 25
2 13 46
13 2 50
2 14 21
14 2 38
2 17 48
17 2 34
2 20 12
20 2 12
2 22 8
22 2 11
2 24 57
24 2 41
2 26 19
26 2 29
2 27 10
27 2 19
2 28 14
28 2 19
2 29 6
29 2 9
2 31 26
31 2 23
2 32 14
32 2 11
2 36 29
36 2 24
2 38 14
38 2 15
2 40 41
40 2 62
2 43 66
43 2 46
2 44 47
44 2 39
2 46 25
46 2 20
2 47 15
47 2 29
5 6 17
6 5 25
5 7 28
7 5 40
5 11 11
11 5 11
5 12 13
12 5 9
5 13 22
13 5 35
5 14 34
14 5 30
5 17 12
17 5 15
5 20 33
20 5 33
5 22 30
22 5 27
5 24 49
24 5 39
5 26 43
26 5 40
5 27 14
27 5 21
5 28 48
28 5 37
5 29 18
29 5 25
5 31 37
31 5 39
5 32 18
32 5 16
5 36 33
36 5 45
5 38 6
38 5 7
5 40 61
40 5 42
5 43 25
43 5 48
5 44 15
44 5 18
5 46 15
46 5 12
5 47 22
47 5 15
6 7 8
7 6 16
6 11 11
11 6 22
6 12 23
12 6 18
6 13 32
13 6 27
6 14 9
14 6 10
6 17 17
17 6 25
6 20 52
20 6 38
6 22 33
22 6 23
6 24 18
24 6 14
6 26 32
26 6 22
6 27 5
27 6 9
6 28 21
28 6 30
6 29 21
29 6 37
6 31 32
31 6 27
6 32 20
32 6 17
6 36 47
36 6 47
6 38 30
38 6 27
6 40 29
40 6 44
6 43 18
43 6 23
6 44 35
44 6 33
6 46 15
46 6 14
6 47 8
47 6 16
7 11 29
11 7 33
7 12 23
12 7 34
7 13 33
13 7 40
7 14 24
14 7 22
7 17 53
17 7 41
7 20 36
20 7 40
7 22 18
22 7 26
7 24 9
24 7 14
7 26 13
26 7 11
7 27 25
27 7 20
7 28 28
28 7 26
7 29 36
29 7 44
7 31 17
31 7 21
7 32 32
32 7 27
7 36 46
36 7 46
7 38 43
38 7 40
7 40 62
40 7 58
7 43 8
43 7 12
7 44 27
44 7 50
7 46 33
46 7 28
7 47 35
47 7 32
11 12 10
12 11 14
11 13 36
13 11 40
11 14 37
14 11 30
11 17 20
17 11 23
11 20 17
20 11 23
11 22 12
22 11 16
11 24 47
24 11 36
11 26 44
26 11 31
11 27 16
27 11 14
11 28 19
28 11 26
11 29 16
29 11 17
11 31 35
31 11 28
11 32 4
32 11 6
11 36 47
36 11 35
11 38 5
38 11 7
11 40 30
40 11 51
11 43 57
43 11 44
11 44 20
44 11 28
11 46 13
46 11 10
11 47 22
47 11 19
12 13 22
13 12 27
12 14 25
14 12 21
12 17 6
17 12 10
12 20 50
20 12 37
12 22 40
22 12 27
12 24 40
24 12 30
12 26 45
26 12 36
12 27 20
27 12 16
12 28 32
28 12 37
12 29 26
29 12 31
12 31 24
31 12 37
12 32 23
32 12 16
12 36 25
36 12 49
12 38 13
38 12 14
12 40 52
40 12 37
12 43 57
43 12 41
12 44 10
44 12 17
12 46 8
46 12 7
12 47 3
47 12 6
13 14 18
14 13 18
13 17 11
17 13 22
13 20 48
20 13 61
13 22 25
22 13 49
13 24 34
24 13 27
13 26 67
26 13 48
13 27 23
27 13 34
13 28 62
28 13 57
13 29 74
29 13 58
13 31 76
31 13 54
13 32 23
32 13 39
13 36 40
36 13 72
13 38 45
38 13 41
13 40 11
40 13 19
13 43 40
43 13 39
13 44 20
44 13 27
13 46 39
46 13 30
13 47 17
47 13 21
14 17 21
17 14 24
14 20 30
20 14 48
14 22 35
22 14 34
14 24 12
24 14 11
14 26 37
26 14 30
14 27 26
27 14 19
14 28 24
28 14 40
14 29 54
29 14 46
14 31 34
31 14 37
14 32 13
32 14 26
14 36 55
36 14 58
14 38 32
38 14 34
14 40 42
40 14 37
14 43 22
43 14 23
14 44 40
44 14 32
14 46 23
46 14 20
14 47 18
47 14 16
17 20 68
20 17 46
17 22 27
22 17 37
17 24 48
24 17 35
17 26 65
26 17 45
17 27 18
27 17 25
17 28 51
28 17 47
17 29 38
29 17 40
17 31 69
31 17 47
17 32 36
32 17 25
17 36 54
36 17 58
17 38 12
38 17 22
17 40 16
40 17 28
17 43 33
43 17 47
17 44 10
44 17 9
17 46 10
46 17 17
17 47 12
47 17 9
20 22 15
22 20 15
20 24 52
24 20 49
20 26 21
26 20 32
20 27 22
27 20 29
20 28 9
28 20 17
20 29 8
29 20 10
20 31 22
31 20 23
20 32 14
32 20 22
20 36 8
36 20 13
20 38 13
38 20 26
20 40 48
40 20 74
20 43 67
43 20 52
20 44 65
44 20 51
20 46 25
46 20 31
20 47 43
47 20 41
22 24 27
24 22 34
22 26 10
26 22 19
22 27 18
27 22 15
22 28 8
28 22 10
22 29 10
29 22 18
22 31 16
31 22 13
22 32 17
32 22 12
22 36 35
36 22 24
22 38 13
38 22 22
22 40 57
40 22 63
22 43 37
43 22 38
22 44 33
44 22 43
22 46 28
46 22 21
22 47 26
47 22 30
24 26 14
26 24 25
24 27 16
27 24 22
24 28 56
28 24 38
24 29 33
29 24 50
24 31 22
31 24 34
24 32 42
32 24 30
24 36 82
36 24 58
24 38 61
38 24 41
24 40 45
40 24 46
24 43 8
43 24 12
24 44 57
44 24 43
24 46 21
46 24 27
24 47 32
47 24 26
26 27 28
27 26 20
26 28 18
28 26 16
26 29 29
29 26 37
26 31 12
31 26 10
26 32 34
32 26 25
26 36 24
36 26 36
26 38 51
38 26 38
26 40 59
40 26 66
26 43 24
43 26 22
26 44 39
44 26 53
26 46 27
46 26 29
26 47 53
47 26 36
27 28 25
28 27 23
27 29 24
29 27 28
27 31 20
31 27 22
27 32 5
32 27 8
27 36 28
36 27 39
27 38 27
38 27 20
27 40 40
40 27 49
27 43 29
43 27 30
27 44 40
44 27 33
27 46 13
46 27 9
27 47 12
47 27 17
28 29 25
29 28 24
28 31 6
31 28 6
28 32 23
32 28 22
28 36 26
36 28 20
28 38 43
38 28 32
28 40 39
40 28 72
28 43 42
43 28 38
28 44 31
44 28 53
28 46 31
46 28 30
28 47 32
47 28 39
29 31 38
31 29 30
29 32 13
32 29 20
29 36 25
36 29 22
29 38 13
38 29 18
29 40 95
40 29 67
29 43 42
43 29 55
29 44 31
44 29 43
29 46 22
46 29 28
29 47 28
47 29 37
31 32 12
32 31 23
31 36 26
36 31 26
31 38 37
38 31 35
31 40 52
40 31 71
31 43 26
43 31 32
31 44 74
44 31 54
31 46 24
46 31 30
31 47 56
47 31 39
32 36 23
36 32 34
32 38 19
38 32 13
32 40 67
40 32 52
32 43 38
43 32 38
32 44 43
44 32 32
32 46 12
46 32 9
32 47 24
47 32 19
36 38 24
38 36 38
36 40 49
40 36 86
36 43 62
43 36 58
36 44 59
44 36 63
36 46 24
46 36 43
36 47 66
47 36 53
38 40 56
40 38 49
38 43 35
43 38 49
38 44 13
44 38 25
38 46 19
46 38 14
38 47 28
47 38 20
40 43 80
43 40 58
40 44 18
44 40 26
40 46 44
46 40 43
40 47 21
47 40 33
43 44 82
44 43 55
43 46 55
46 43 37
43 47 27
47 43 38
44 46 16
46 44 24
44 47 13
47 44 18
46 47 10
47 46 10
