1 9 28 13 2550

188 223

1 3 8 37 52

2 10 49 49
5 13 40 30
12 10 31 32
15 11 36 16
19 14 13 13
22 9 42 57
28 14 43 67
33 13 46 10
35 10 62 63
3 13 52 64
4 12 20 26
6 12 21 47
7 11 17 63
8 14 31 62
9 12 52 33
10 10 51 21
11 14 42 41
13 13 5 25
14 12 12 42
16 14 52 41
17 13 27 23
18 12 17 33
20 10 57 58
21 13 62 42
23 12 16 57
24 13 8 52
25 11 7 38
26 12 27 68
27 11 30 48
29 9 58 48
30 14 58 27
31 11 37 69
32 13 38 46
34 12 61 33
36 12 63 69
37 14 32 22
38 13 45 35

39 59 15
40 5 6
41 10 17
42 21 10
43 5 64
44 30 15
45 39 10
46 32 39
47 25 32
48 25 55
49 48 28
50 56 37
51 30 40

1 2 11
2 1 12
1 5 31
5 1 22
1 12 28
12 1 21
1 15 48
15 1 36
1 19 29
19 1 46
1 22 4
22 1 7
1 28 9
28 1 16
1 33 50
33 1 43
1 35 39
35 1 27
1 3 11
3 1 19
1 4 43
4 1 31
1 6 18
6 1 17
1 7 28
7 1 23
1 8 15
8 1 12
1 9 26
9 1 24
1 10 24
10 1 34
1 11 17
11 1 12
1 13 42
13 1 42
1 14 31
14 1 27
1 16 21
16 1 19
1 17 44
17 1 31
1 18 32
18 1 28
1 20 23
20 1 21
1 21 35
21 1 27
1 23 16
23 1 22
1 24 42
24 1 29
1 25 42
25 1 33
1 26 21
26 1 19
1 27 7
27 1 8
1 29 30
29 1 21
1 30 44
30 1 32
1 31 14
31 1 17
1 32 3
32 1 6
1 34 35
34 1 31
1 36 29
36 1 31
1 37 41
37 1 30
1 38 16
38 1 19
1 39 54
39 1 43
1 40 82
40 1 56
1 41 39
41 1 44
1 42 32
42 1 45
1 43 29
43 1 34
1 44 53
44 1 37
1 45 31
45 1 42
1 46 8
46 1 14
1 47 28
47 1 23
1 48 8
48 1 12
1 49 38
49 1 26
1 50 26
50 1 24
1 51 18
51 1 14
2 5 14
5 2 21
2 12 27
12 2 25
2 15 42
15 2 35
2 19 29
19 2 51
2 22 10
22 2 11
2 28 15
28 2 19
2 33 34
33 2 39
2 35 10
35 2 19
2 3 10
3 2 15
2 4 47
4 2 37
2 6 32
6 2 28
2 7 44
7 2 35
2 8 14
8 2 22
2 9 15
9 2 16
2 10 41
10 2 28
2 11 10
11 2 11
2 13 66
13 2 50
2 14 39
14 2 38
2 16 8
16 2 9
2 17 38
17 2 34
2 18 31
18 2 36
2 20 15
20 2 12
2 21 13
21 2 15
2 23 28
23 2 34
2 24 52
24 2 41
2 25 37
25 2 43
2 26 29
26 2 29
2 27 26
27 2 19
2 29 5
29 2 9
2 30 30
30 2 24
2 31 34
31 2 23
2 32 9
32 2 11
2 34 18
34 2 20
2 36 31
36 2 24
2 37 34
37 2 32
2 38 9
38 2 15
2 39 47
39 2 35
2 40 39
40 2 62
2 41 73
41 2 50
2 42 60
42 2 48
2 43 24
43 2 46
2 44 34
44 2 39
2 45 38
45 2 40
2 46 10
46 2 20
2 47 17
47 2 29
2 48 16
48 2 25
2 49 26
49 2 21
2 50 20
50 2 14
2 51 20
51 2 21
5 12 12
12 5 9
5 15 22
15 5 15
5 19 39
19 5 32
5 22 40
22 5 27
5 28 36
28 5 37
5 33 24
33 5 21
5 35 44
35 5 40
5 3 30
3 5 36
5 4 19
4 5 20
5 6 33
6 5 25
5 7 33
7 5 40
5 8 48
8 5 33
5 9 16
9 5 12
5 10 7
10 5 14
5 11 11
11 5 11
5 13 18
13 5 35
5 14 23
14 5 30
5 16 13
16 5 16
5 17 12
17 5 15
5 18 14
18 5 23
5 20 42
20 5 33
5 21 26
21 5 25
5 23 28
23 5 36
5 24 22
24 5 39
5 25 44
25 5 34
5 26 56
26 5 40
5 27 22
27 5 21
5 29 35
29 5 25
5 30 15
30 5 18
5 31 57
31 5 39
5 32 19
32 5 16
5 34 18
34 5 21
5 36 62
36 5 45
5 37 8
37 5 11
5 38 8
38 5 7
5 39 25
39 5 24
5 40 50
40 5 42
5 41 24
41 5 33
5 42 40
42 5 27
5 43 32
43 5 48
5 44 24
44 5 18
5 45 11
45 5 20
5 46 15
46 5 12
5 47 8
47 5 15
5 48 29
48 5 29
5 49 10
49 5 8
5 50 16
50 5 17
5 51 8
51 5 14
12 15 15
15 12 17
12 19 22
19 12 26
12 22 31
22 12 27
12 28 52
28 12 37
12 33 33
33 12 27
12 35 63
35 12 44
12 3 33
3 12 38
12 4 12
4 12 13
12 6 22
6 12 18
12 7 43
7 12 34
12 8 44
8 12 30
12 9 15
9 12 21
12 10 24
10 12 23
12 11 16
11 12 14
12 13 35
13 12 27
12 14 15
14 12 21
12 16 20
16 12 23
12 17 11
17 12 10
12 18 9
18 12 14
12 20 42
20 12 37
12 21 47
21 12 33
12 23 40
23 12 29
12 24 41
24 12 30
12 25 26
25 12 25
12 26 27
26 12 36
12 27 8
27 12 16
12 29 19
29 12 31
12 30 34
30 12 27
12 31 35
31 12 37
12 32 22
32 12 16
12 34 16
34 12 30
12 36 44
36 12 49
12 37 14
37 12 10
12 38 12
38 12 14
12 39 36
39 12 33
12 40 38
40 12 37
12 41 19
41 12 26
12 42 33
42 12 24
12 43 58
43 12 41
12 44 11
44 12 17
12 45 19
45 12 23
12 46 5
46 12 7
12 47 5
47 12 6
12 48 31
48 12 24
12 49 15
49 12 17
12 50 15
50 12 25
12 51 9
51 12 8
15 19 34
19 15 23
15 22 40
22 15 41
15 28 71
28 15 51
15 33 7
33 15 12
15 35 62
35 15 54
15 3 47
3 15 51
15 4 18
4 15 19
15 6 46
6 15 34
15 7 31
7 15 51
15 8 43
8 15 46
15 9 15
9 15 23
15 10 10
10 15 16
15 11 16
11 15 26
15 13 23
13 15 32
15 14 51
14 15 35
15 16 26
16 15 30
15 17 11
17 15 11
15 18 18
18 15 25
15 20 48
20 15 47
15 21 38
21 15 37
15 23 41
23 15 46
15 24 23
24 15 46
15 25 53
25 15 36
15 26 74
26 15 53
15 27 31
27 15 33
15 29 21
29 15 39
15 30 24
30 15 25
15 31 55
31 15 53
15 32 40
32 15 30
15 34 35
34 15 30
15 36 70
36 15 59
15 37 9
37 15 7
15 38 22
38 15 21
15 39 15
39 15 23
15 40 30
40 15 33
15 41 37
41 15 26
15 42 19
42 15 16
15 43 78
43 15 57
15 44 8
44 15 6
15 45 4
45 15 7
15 46 22
46 15 23
15 47 14
47 15 19
15 48 30
48 15 40
15 49 14
49 15 17
15 50 23
50 15 29
15 51 27
51 15 25
19 22 65
22 19 53
19 28 84
28 19 62
19 33 26
33 19 33
19 35 70
35 19 70
19 3 93
3 19 64
19 4 21
4 19 15
19 6 25
6 19 35
19 7 48
7 19 50
19 8 71
8 19 52
19 9 53
9 19 44
19 10 36
10 19 39
19 11 22
11 19 40
19 13 11
13 19 14
19 14 26
14 19 29
19 16 51
16 19 48
19 17 14
17 19 17
19 18 20
18 19 20
19 20 43
20 19 63
19 21 67
21 19 57
19 23 28
23 19 44
19 24 32
24 19 39
19 25 17
25 19 26
19 26 72
26 19 57
19 27 31
27 19 39
19 29 38
29 19 57
19 30 24
30 19 47
19 31 51
31 19 61
19 32 61
32 19 41
19 34 27
34 19 52
19 36 39
36 19 75
19 37 23
37 19 21
19 38 26
38 19 39
19 39 62
39 19 46
19 40 9
40 19 11
19 41 3
41 19 5
19 42 11
42 19 9
19 43 30
43 19 51
19 44 12
44 19 17
19 45 27
45 19 26
19 46 30
46 19 32
19 47 22
47 19 22
19 48 43
48 19 44
19 49 33
49 19 38
19 50 46
50 19 49
19 51 23
51 19 31
22 28 10
28 22 10
22 33 54
33 22 47
22 35 27
35 22 21
22 3 13
3 22 12
22 4 47
4 22 38
22 6 13
6 22 23
22 7 35
7 22 26
22 8 12
8 22 12
22 9 20
9 22 26
22 10 55
10 22 37
22 11 23
11 22 16
22 13 54
13 22 49
22 14 20
14 22 34
22 16 11
16 22 19
22 17 22
17 22 37
22 18 42
18 22 35
22 20 9
20 22 15
22 21 22
21 22 25
22 23 36
23 22 26
22 24 45
24 22 34
22 25 25
25 22 40
22 26 15
26 22 19
22 27 12
27 22 15
22 29 16
29 22 18
22 30 22
30 22 34
22 31 12
31 22 13
22 32 6
32 22 12
22 34 34
34 22 31
22 36 29
36 22 24
22 37 31
37 22 36
22 38 22
38 22 22
22 39 25
39 22 45
22 40 49
40 22 63
22 41 50
41 22 51
22 42 44
42 22 51
22 43 43
43 22 38
22 44 43
44 22 43
22 45 53
45 22 47
22 46 19
46 22 21
22 47 42
47 22 30
22 48 20
48 22 17
22 49 44
49 22 30
22 50 12
50 22 24
22 51 31
51 22 21
28 33 32
33 28 57
28 35 27
35 28 19
28 3 8
3 28 9
28 4 63
4 28 47
28 6 39
6 28 30
28 7 36
7 28 26
28 8 19
8 28 13
28 9 47
9 28 35
28 10 45
10 28 47
28 11 24
11 28 26
28 13 80
13 28 57
28 14 49
14 28 40
28 16 39
16 28 28
28 17 52
17 28 47
28 18 50
18 28 43
28 20 10
20 28 17
28 21 33
21 28 31
28 23 17
23 28 29
28 24 24
24 28 38
28 25 41
25 28 46
28 26 8
26 28 16
28 27 14
27 28 23
28 29 31
29 28 24
28 30 35
30 28 43
28 31 3
31 28 6
28 32 28
32 28 22
28 34 19
34 28 38
28 36 11
36 28 20
28 37 25
37 28 46
28 38 34
38 28 32
28 39 30
39 28 54
28 40 104
40 28 72
28 41 89
41 28 60
28 42 58
42 28 61
28 43 31
43 28 38
28 44 35
44 28 53
28 45 45
45 28 57
28 46 18
46 28 30
28 47 58
47 28 39
28 48 21
48 28 22
28 49 27
49 28 39
28 50 28
50 28 33
28 51 20
51 28 30
33 35 29
35 33 55
33 3 68
3 33 54
33 4 41
4 33 31
33 6 52
6 33 45
33 7 75
7 33 60
33 8 52
8 33 54
33 9 34
9 33 24
33 10 7
10 33 12
33 11 37
11 33 31
33 13 26
13 33 44
33 14 65
14 33 47
33 16 29
16 33 32
33 17 14
17 33 23
33 18 38
18 33 37
33 20 26
20 33 49
33 21 46
21 33 36
33 23 63
23 33 56
33 24 65
24 33 57
33 25 65
25 33 48
33 26 78
26 33 61
33 27 51
27 33 41
33 29 28
29 33 40
33 30 22
30 33 21
33 31 44
31 33 60
33 32 31
32 33 37
33 34 25
34 33 27
33 36 50
36 33 61
33 37 19
37 33 18
33 38 24
38 33 25
33 39 10
39 33 14
33 40 36
40 33 41
33 41 30
41 33 37
33 42 37
42 33 25
33 43 101
43 33 68
33 44 17
44 33 17
33 45 6
45 33 7
33 46 38
46 33 32
33 47 16
47 33 30
33 48 45
48 33 49
33 49 22
49 33 18
33 50 39
50 33 29
33 51 29
51 33 34
35 3 10
3 35 10
35 4 42
4 35 56
35 6 58
6 35 44
35 7 64
7 35 45
35 8 25
8 35 31
35 9 36
9 35 32
35 10 51
10 35 43
35 11 40
11 35 30
35 13 75
13 35 68
35 14 75
14 35 54
35 16 34
16 35 24
35 17 68
17 35 53
35 18 41
18 35 54
35 20 4
20 35 7
35 21 26
21 35 21
35 23 37
23 35 46
35 24 78
24 35 55
35 25 87
25 35 60
35 26 38
26 35 35
35 27 45
27 35 35
35 29 21
29 35 16
35 30 50
30 35 36
35 31 33
31 35 26
35 32 34
32 35 29
35 34 28
34 35 30
35 36 8
36 35 6
35 37 72
37 35 51
35 38 25
38 35 33
35 39 61
39 35 48
35 40 81
40 35 81
35 41 101
41 35 69
35 42 98
42 35 67
35 43 40
43 35 57
35 44 42
44 35 58
35 45 34
45 35 58
35 46 25
46 35 38
35 47 49
47 35 48
35 48 47
48 35 38
35 49 27
49 35 38
35 50 16
50 35 27
35 51 29
51 35 39
3 4 53
4 3 50
3 6 21
6 3 35
3 7 49
7 3 35
3 8 11
8 3 21
3 9 46
9 3 31
3 10 27
10 3 43
3 11 36
11 3 25
3 13 65
13 3 61
3 14 25
14 3 45
3 16 32
16 3 23
3 17 52
17 3 48
3 18 35
18 3 47
3 20 7
20 3 8
3 21 13
21 3 24
3 23 40
23 3 37
3 24 56
24 3 46
3 25 47
25 3 51
3 26 18
26 3 25
3 27 38
27 3 27
3 29 12
29 3 17
3 30 55
30 3 37
3 31 13
31 3 15
3 32 24
32 3 23
3 34 44
34 3 32
3 36 13
36 3 12
3 37 60
37 3 46
3 38 25
38 3 30
3 39 68
39 3 49
3 40 90
40 3 75
3 41 63
41 3 63
3 42 42
42 3 62
3 43 40
43 3 47
3 44 54
44 3 53
3 45 56
45 3 56
3 46 26
46 3 32
3 47 52
47 3 42
3 48 36
48 3 28
3 49 47
49 3 36
3 50 31
50 3 27
3 51 43
51 3 33
4 6 27
6 4 21
4 7 31
7 4 37
4 8 22
8 4 38
4 9 30
9 4 32
4 10 26
10 4 31
4 11 32
11 4 27
4 13 17
13 4 15
4 14 18
14 4 18
4 16 24
16 4 35
4 17 8
17 4 8
4 18 6
18 4 8
4 20 70
20 4 49
4 21 58
21 4 45
4 23 23
23 4 31
4 24 33
24 4 29
4 25 14
25 4 18
4 26 36
26 4 43
4 27 24
27 4 24
4 29 31
29 4 44
4 30 56
30 4 38
4 31 45
31 4 46
4 32 17
32 4 27
4 34 30
34 4 41
4 36 88
36 4 61
4 37 18
37 4 13
4 38 17
38 4 27
4 39 46
39 4 41
4 40 28
40 4 25
4 41 12
41 4 13
4 42 22
42 4 16
4 43 51
43 4 41
4 44 14
44 4 15
4 45 19
45 4 25
4 46 14
46 4 18
4 47 6
47 4 8
4 48 21
48 4 29
4 49 27
49 4 28
4 50 53
50 4 37
4 51 13
51 4 17
6 7 19
7 6 16
6 8 19
8 6 18
6 9 33
9 6 34
6 10 58
10 6 40
6 11 13
11 6 22
6 13 37
13 6 27
6 14 12
14 6 10
6 16 26
16 6 32
6 17 36
17 6 25
6 18 20
18 6 15
6 20 39
20 6 38
6 21 46
21 6 41
6 23 6
23 6 11
6 24 14
24 6 14
6 25 18
25 6 16
6 26 17
26 6 22
6 27 13
27 6 9
6 29 21
29 6 37
6 30 41
30 6 42
6 31 35
31 6 27
6 32 21
32 6 17
6 34 55
34 6 42
6 36 68
36 6 47
6 37 39
37 6 27
6 38 34
38 6 27
6 39 36
39 6 50
6 40 52
40 6 44
6 41 26
41 6 32
6 42 43
42 6 37
6 43 25
43 6 23
6 44 44
44 6 33
6 45 21
45 6 41
6 46 12
46 6 14
6 47 10
47 6 16
6 48 10
48 6 9
6 49 38
49 6 33
6 50 31
50 6 36
6 51 15
51 6 11
7 8 15
8 7 14
7 9 37
9 7 46
7 10 56
10 7 54
7 11 20
11 7 33
7 13 37
13 7 40
7 14 18
14 7 22
7 16 26
16 7 41
7 17 42
17 7 41
7 18 40
18 7 30
7 20 37
20 7 40
7 21 62
21 7 50
7 23 5
23 7 6
7 24 9
24 7 14
7 25 17
25 7 27
7 26 6
26 7 11
7 27 22
27 7 20
7 29 42
29 7 44
7 30 73
30 7 54
7 31 23
31 7 21
7 32 28
32 7 27
7 34 69
34 7 53
7 36 32
36 7 46
7 37 37
37 7 44
7 38 25
38 7 40
7 39 56
39 7 64
7 40 78
40 7 58
7 41 47
41 7 46
7 42 66
42 7 53
7 43 15
43 7 12
7 44 70
44 7 50
7 45 57
45 7 57
7 46 22
46 7 28
7 47 46
47 7 32
7 48 6
48 7 11
7 49 59
49 7 46
7 50 60
50 7 47
7 51 35
51 7 26
8 9 24
9 8 36
8 10 62
10 8 46
8 11 22
11 8 24
8 13 30
13 8 45
8 14 22
14 8 28
8 16 27
16 8 30
8 17 51
17 8 39
8 18 25
18 8 32
8 20 34
20 8 26
8 21 48
21 8 37
8 23 15
23 8 16
8 24 19
24 8 25
8 25 27
25 8 34
8 26 6
26 8 7
8 27 11
27 8 14
8 29 33
29 8 30
8 30 38
30 8 44
8 31 10
31 8 9
8 32 11
32 8 17
8 34 56
34 8 42
8 36 22
36 8 33
8 37 26
37 8 40
8 38 42
38 8 30
8 39 52
39 8 54
8 40 83
40 8 62
8 41 42
41 8 49
8 42 78
42 8 53
8 43 16
43 8 26
8 44 31
44 8 47
8 45 30
45 8 53
8 46 19
46 8 23
8 47 29
47 8 31
8 48 12
48 8 9
8 49 53
49 8 38
8 50 37
50 8 35
8 51 20
51 8 22
9 10 9
10 9 12
9 11 19
11 9 13
9 13 36
13 9 48
9 14 32
14 9 41
9 16 8
16 9 8
9 17 37
17 9 27
9 18 40
18 9 35
9 20 16
20 9 25
9 21 14
21 9 13
9 23 27
23 9 43
9 24 70
24 9 48
9 25 51
25 9 45
9 26 34
26 9 43
9 27 32
27 9 27
9 29 10
29 9 16
9 30 4
30 9 8
9 31 55
31 9 39
9 32 20
32 9 19
9 34 6
34 9 9
9 36 33
36 9 38
9 37 31
37 9 23
9 38 6
38 9 7
9 39 19
39 9 19
9 40 39
40 9 54
9 41 32
41 9 45
9 42 35
42 9 39
9 43 81
43 9 56
9 44 21
44 9 28
9 45 32
45 9 26
9 46 20
46 9 21
9 47 35
47 9 27
9 48 34
48 9 35
9 49 5
49 9 6
9 50 8
50 9 6
9 51 26
51 9 23
10 11 32
11 10 22
10 13 51
13 10 46
10 14 50
14 10 44
10 16 24
16 10 20
10 17 18
17 10 24
10 18 53
18 10 36
10 20 42
20 10 37
10 21 29
21 10 24
10 23 39
23 10 50
10 24 77
24 10 53
10 25 49
25 10 47
10 26 58
26 10 53
10 27 24
27 10 34
10 29 23
29 10 28
10 30 13
30 10 9
10 31 58
31 10 50
10 32 16
32 10 28
10 34 8
34 10 16
10 36 61
36 10 49
10 37 12
37 10 19
10 38 18
38 10 15
10 39 12
39 10 10
10 40 38
40 10 48
10 41 58
41 10 41
10 42 28
42 10 32
10 43 88
43 10 63
10 44 20
44 10 22
10 45 23
45 10 16
10 46 27
46 10 26
10 47 17
47 10 28
10 48 64
48 10 43
10 49 9
49 10 8
10 50 16
50 10 17
10 51 17
51 10 28
11 13 54
13 11 40
11 14 26
14 11 30
11 16 9
16 11 10
11 17 18
17 11 23
11 18 35
18 11 26
11 20 17
20 11 23
11 21 10
21 11 20
11 23 16
23 11 31
11 24 41
24 11 36
11 25 20
25 11 35
11 26 27
26 11 31
11 27 13
27 11 14
11 29 13
29 11 17
11 30 24
30 11 21
11 31 26
31 11 28
11 32 6
32 11 6
11 34 12
34 11 21
11 36 36
36 11 35
11 37 28
37 11 21
11 38 7
38 11 7
11 39 24
39 11 31
11 40 31
40 11 51
11 41 50
41 11 40
11 42 55
42 11 37
11 43 24
43 11 44
11 44 33
44 11 28
11 45 44
45 11 31
11 46 5
46 11 10
11 47 28
47 11 19
11 48 20
48 11 22
11 49 19
49 11 14
11 50 14
50 11 15
11 51 12
51 11 12
13 14 20
14 13 18
13 16 31
16 13 50
13 17 22
17 13 22
13 18 17
18 13 14
13 20 46
20 13 61
13 21 87
21 13 59
13 23 23
23 13 34
13 24 30
24 13 27
13 25 17
25 13 13
13 26 48
26 13 48
13 27 35
27 13 34
13 29 32
29 13 58
13 30 59
30 13 53
13 31 77
31 13 54
13 32 27
32 13 39
13 34 84
34 13 57
13 36 42
36 13 72
13 37 16
37 13 27
13 38 60
38 13 41
13 39 31
39 13 55
13 40 23
40 13 19
13 41 6
41 13 9
13 42 26
42 13 22
13 43 38
43 13 39
13 44 19
44 13 27
13 45 22
45 13 37
13 46 39
46 13 30
13 47 17
47 13 21
13 48 34
48 13 36
13 49 23
49 13 43
13 50 54
50 13 52
13 51 41
51 13 29
14 16 22
16 14 40
14 17 23
17 14 24
14 18 9
18 14 10
14 20 65
20 14 48
14 21 54
21 14 50
14 23 10
23 14 16
14 24 9
24 14 11
14 25 7
25 14 6
14 26 16
26 14 30
14 27 17
27 14 19
14 29 55
29 14 46
14 30 68
30 14 48
14 31 34
31 14 37
14 32 17
32 14 26
14 34 58
34 14 50
14 36 49
36 14 58
14 37 27
37 14 28
14 38 48
38 14 34
14 39 77
39 14 54
14 40 25
40 14 37
14 41 24
41 14 25
14 42 20
42 14 33
14 43 18
43 14 23
14 44 30
44 14 32
14 45 36
45 14 42
14 46 24
46 14 20
14 47 23
47 14 16
14 48 13
48 14 18
14 49 33
49 14 39
14 50 64
50 14 44
14 51 22
51 14 18
16 17 25
17 16 31
16 18 39
18 16 36
16 20 22
20 16 18
16 21 13
21 16 10
16 23 27
23 16 39
16 24 62
24 16 45
16 25 59
25 16 45
16 26 33
26 16 37
16 27 25
27 16 23
16 29 8
29 16 9
16 30 21
30 16 15
16 31 29
31 16 32
16 32 20
32 16 15
16 34 7
34 16 12
16 36 37
36 16 30
16 37 34
37 16 28
16 38 7
38 16 9
16 39 31
39 16 27
16 40 77
40 16 58
16 41 24
41 16 48
16 42 49
42 16 44
16 43 36
43 16 52
16 44 37
44 16 34
16 45 28
45 16 34
16 46 23
46 16 20
16 47 29
47 16 28
16 48 21
48 16 30
16 49 17
49 16 14
16 50 4
50 16 6
16 51 32
51 16 22
17 18 11
18 17 14
17 20 28
20 17 46
17 21 53
21 17 40
17 23 20
23 17 36
17 24 44
24 17 35
17 25 37
25 17 25
17 26 36
26 17 45
17 27 35
27 17 25
17 29 41
29 17 40
17 30 38
30 17 31
17 31 46
31 17 47
17 32 34
32 17 25
17 34 50
34 17 35
17 36 74
36 17 58
17 37 3
37 17 5
17 38 11
38 17 22
17 39 30
39 17 33
17 40 22
40 17 28
17 41 18
41 17 18
17 42 15
42 17 14
17 43 24
43 17 47
17 44 9
44 17 9
17 45 22
45 17 18
17 46 10
46 17 17
17 47 13
47 17 9
17 48 34
48 17 32
17 49 27
49 17 22
17 50 24
50 17 32
17 51 9
51 17 17
18 20 42
20 18 47
18 21 65
21 18 46
18 23 24
23 18 24
18 24 12
24 18 21
18 25 9
25 18 11
18 26 48
26 18 36
18 27 21
27 18 20
18 29 49
29 18 44
18 30 42
30 18 41
18 31 35
31 18 41
18 32 37
32 18 25
18 34 46
34 18 44
18 36 31
36 18 58
18 37 21
37 18 19
18 38 21
38 18 28
18 39 50
39 18 46
18 40 43
40 18 30
18 41 25
41 18 17
18 42 25
42 18 23
18 43 25
43 18 33
18 44 18
44 18 22
18 45 47
45 18 32
18 46 13
46 18 16
18 47 7
47 18 8
18 48 12
48 18 23
18 49 31
49 18 31
18 50 22
50 18 39
18 51 21
51 18 15
20 21 14
21 20 17
20 23 57
23 20 41
20 24 69
24 20 49
20 25 39
25 20 54
20 26 24
26 20 32
20 27 17
27 20 29
20 29 5
29 20 10
20 30 37
30 20 31
20 31 27
31 20 23
20 32 13
32 20 22
20 34 31
34 20 25
20 36 13
36 20 13
20 37 41
37 20 44
20 38 26
38 20 26
20 39 51
39 20 43
20 40 56
40 20 74
20 41 63
41 20 62
20 42 30
42 20 60
20 43 73
43 20 52
20 44 68
44 20 51
20 45 70
45 20 51
20 46 38
46 20 31
20 47 54
47 20 41
20 48 31
48 20 32
20 49 23
49 20 31
20 50 28
50 20 21
20 51 29
51 20 32
21 23 68
23 21 48
21 24 33
24 21 55
21 25 66
25 21 55
21 26 62
26 21 44
21 27 31
27 21 33
21 29 5
29 21 7
21 30 15
30 21 16
21 31 35
31 21 37
21 32 23
32 21 24
21 34 6
34 21 9
21 36 21
36 21 27
21 37 37
37 21 36
21 38 16
38 21 18
21 39 21
39 21 27
21 40 99
40 21 67
21 41 49
41 21 57
21 42 47
42 21 52
21 43 82
43 21 61
21 44 41
44 21 42
21 45 25
45 21 39
21 46 25
46 21 30
21 47 48
47 21 38
21 48 30
48 21 39
21 49 13
49 21 20
21 50 7
50 21 8
21 51 33
51 21 32
23 24 9
24 23 9
23 25 30
25 23 21
23 26 9
26 23 16
23 27 16
27 23 17
23 29 45
29 23 43
23 30 58
30 23 52
23 31 18
31 23 24
23 32 26
32 23 25
23 34 74
34 23 51
23 36 41
36 23 49
23 37 52
37 23 38
23 38 28
38 23 36
23 39 56
39 23 60
23 40 29
40 23 52
23 41 59
41 23 40
23 42 41
42 23 47
23 43 15
43 23 13
23 44 27
44 23 44
23 45 33
45 23 52
23 46 15
46 23 24
23 47 34
47 23 27
23 48 10
48 23 9
23 49 31
49 23 43
23 50 31
50 23 45
23 51 32
51 23 22
24 25 12
25 24 14
24 26 25
26 24 25
24 27 12
27 24 22
24 29 32
29 24 50
24 30 65
30 24 56
24 31 48
31 24 34
24 32 23
32 24 30
24 34 73
34 24 56
24 36 51
36 24 58
24 37 19
37 24 38
24 38 57
38 24 41
24 39 42
39 24 63
24 40 35
40 24 46
24 41 49
41 24 35
24 42 43
42 24 44
24 43 13
43 24 12
24 44 40
44 24 43
24 45 51
45 24 52
24 46 20
46 24 27
24 47 33
47 24 26
24 48 22
48 24 17
24 49 49
49 24 46
24 50 40
50 24 50
24 51 31
51 24 25
25 26 33
26 25 36
25 27 21
27 25 25
25 29 52
29 25 52
25 30 39
30 25 52
25 31 37
31 25 43
25 32 27
32 25 32
25 34 61
34 25 54
25 36 49
36 25 64
25 37 19
37 25 30
25 38 31
38 25 38
25 39 37
39 25 57
25 40 26
40 25 32
25 41 21
41 25 21
25 42 35
42 25 31
25 43 17
43 25 26
25 44 31
44 25 33
25 45 35
45 25 43
25 46 22
46 25 25
25 47 16
47 25 19
25 48 25
48 25 25
25 49 21
49 25 42
25 50 28
50 25 49
25 51 30
51 25 23
26 27 26
27 26 20
26 29 26
29 26 37
26 30 52
30 26 51
26 31 6
31 26 10
26 32 22
32 26 25
26 34 54
34 26 49
26 36 21
36 26 36
26 37 44
37 26 46
26 38 26
38 26 38
26 39 34
39 26 62
26 40 78
40 26 66
26 41 63
41 26 54
26 42 81
42 26 58
26 43 26
43 26 22
26 44 43
44 26 53
26 45 37
45 26 59
26 46 29
46 26 29
26 47 25
47 26 36
26 48 8
48 26 13
26 49 44
49 26 45
26 50 57
50 26 42
26 51 14
51 26 28
27 29 23
29 27 28
27 30 43
30 27 35
27 31 32
31 27 22
27 32 11
32 27 8
27 34 46
34 27 34
27 36 55
36 27 39
27 37 18
37 27 26
27 38 18
38 27 20
27 39 29
39 27 44
27 40 42
40 27 49
27 41 42
41 27 37
27 42 25
42 27 39
27 43 33
43 27 30
27 44 29
44 27 33
27 45 55
45 27 39
27 46 11
46 27 9
27 47 23
47 27 17
27 48 7
48 27 9
27 49 23
49 27 27
27 50 33
50 27 28
27 51 7
51 27 8
29 30 28
30 29 21
29 31 31
31 29 30
29 32 12
32 29 20
29 34 19
34 29 15
29 36 22
36 29 22
29 37 46
37 29 37
29 38 20
38 29 18
29 39 40
39 29 33
29 40 69
40 29 67
29 41 30
41 29 57
29 42 65
42 29 53
29 43 58
43 29 55
29 44 25
44 29 43
29 45 22
45 29 42
29 46 29
46 29 28
29 47 33
47 29 37
29 48 38
48 29 34
29 49 11
49 29 22
29 50 13
50 29 11
29 51 19
51 29 29
30 31 35
31 30 47
30 32 14
32 30 28
30 34 6
34 30 7
30 36 44
36 30 42
30 37 13
37 30 26
30 38 18
38 30 15
30 39 9
39 30 12
30 40 54
40 30 57
30 41 27
41 30 49
30 42 61
42 30 41
30 43 39
43 30 64
30 44 20
44 30 30
30 45 32
45 30 25
30 46 18
46 30 29
30 47 38
47 30 33
30 48 28
48 30 43
30 49 5
49 30 10
30 50 5
50 30 10
30 51 43
51 30 31
31 32 27
32 31 23
31 34 45
34 31 43
31 36 27
36 31 26
31 37 26
37 31 47
31 38 42
38 31 35
31 39 58
39 31 58
31 40 98
40 31 71
31 41 86
41 31 59
31 42 66
42 31 61
31 43 25
43 31 32
31 44 27
44 31 54
31 45 31
45 31 59
31 46 37
46 31 30
31 47 54
47 31 39
31 48 26
48 31 18
31 49 33
49 31 42
31 50 35
50 31 37
31 51 36
51 31 30
32 34 14
34 32 26
32 36 27
36 32 34
32 37 15
37 32 25
32 38 13
38 32 13
32 39 47
39 32 37
32 40 39
40 32 52
32 41 24
41 32 40
32 42 29
42 32 40
32 43 30
43 32 38
32 44 16
44 32 32
32 45 20
45 32 36
32 46 11
46 32 9
32 47 27
47 32 19
32 48 10
48 32 16
32 49 21
49 32 21
32 50 23
50 32 20
32 51 7
51 32 10
34 36 33
36 34 36
34 37 39
37 34 31
34 38 16
38 34 16
34 39 15
39 34 18
34 40 91
40 34 62
34 41 30
41 34 53
34 42 65
42 34 46
34 43 55
43 34 64
34 44 32
44 34 36
34 45 35
45 34 32
34 46 18
46 34 30
34 47 20
47 34 36
34 48 37
48 34 42
34 49 17
49 34 14
34 50 8
50 34 6
34 51 40
51 34 32
36 37 49
37 36 56
36 38 37
38 36 38
36 39 58
39 36 54
36 40 112
40 36 86
36 41 52
41 36 74
36 42 95
42 36 72
36 43 65
43 36 58
36 44 68
44 36 63
36 45 38
45 36 64
36 46 63
46 36 43
36 47 79
47 36 53
36 48 21
48 36 40
36 49 56
49 36 44
36 50 35
50 36 33
36 51 57
51 36 44
37 38 19
38 37 18
37 39 31
39 37 28
37 40 16
40 37 31
37 41 33
41 37 23
37 42 19
42 37 16
37 43 65
43 37 50
37 44 9
44 37 7
37 45 8
45 37 14
37 46 25
46 37 17
37 47 10
47 37 12
37 48 41
48 37 34
37 49 23
49 37 17
37 50 31
50 37 28
37 51 26
51 37 18
38 39 29
39 38 24
38 40 35
40 38 49
38 41 42
41 38 39
38 42 51
42 38 35
38 43 53
43 38 49
38 44 25
44 38 25
38 45 36
45 38 26
38 46 9
46 38 14
38 47 28
47 38 20
38 48 40
48 38 28
38 49 10
49 38 8
38 50 11
50 38 11
38 51 19
51 38 16
39 40 71
40 39 55
39 41 26
41 39 49
39 42 50
42 39 38
39 43 40
43 39 73
39 44 17
44 39 29
39 45 29
45 39 21
39 46 20
46 39 36
39 47 25
47 39 38
39 48 35
48 39 52
39 49 24
49 39 17
39 50 19
50 39 22
39 51 50
51 39 38
40 41 12
41 40 12
40 42 18
42 40 16
40 43 40
43 40 58
40 44 38
44 40 26
40 45 26
45 40 34
40 46 59
46 40 43
40 47 44
47 40 33
40 48 47
48 40 53
40 49 59
49 40 48
40 50 59
50 40 60
40 51 36
51 40 42
41 42 15
42 41 13
41 43 35
43 41 47
41 44 28
44 41 20
41 45 41
45 41 30
41 46 20
46 41 31
41 47 20
47 41 21
41 48 45
48 41 41
41 49 45
49 41 40
41 50 41
50 41 50
41 51 39
51 41 30
42 43 69
43 42 56
42 44 8
44 42 10
42 45 21
45 42 18
42 46 20
46 42 31
42 47 15
47 42 22
42 48 37
48 42 45
42 49 35
49 42 32
42 50 42
50 42 44
42 51 29
51 42 31
43 44 39
44 43 55
43 45 85
45 43 64
43 46 41
46 43 37
43 47 28
47 43 38
43 48 23
48 43 22
43 49 83
49 43 56
43 50 62
50 43 58
43 51 19
51 43 35
44 45 5
45 44 10
44 46 24
46 44 24
44 47 12
47 44 18
44 48 31
48 44 40
44 49 14
49 44 22
44 50 22
50 44 34
44 51 13
51 44 25
45 46 30
46 45 30
45 47 35
47 45 26
45 48 49
48 45 47
45 49 14
49 45 20
45 50 16
50 45 32
45 51 25
51 45 31
46 47 11
47 46 10
46 48 10
48 46 17
46 49 26
49 46 19
46 50 24
50 46 24
46 51 1
51 46 2
47 48 21
48 47 23
47 49 13
49 47 23
47 50 40
50 47 31
47 51 9
51 47 9
48 49 42
49 48 35
48 50 19
50 48 36
48 51 14
51 48 16
49 50 10
50 49 12
49 51 15
51 49 22
50 51 22
51 50 26
