1 56 19 0 5700

309 384

76 4 12 22 22

3 9 45 35
4 9 55 20
6 8 50 50
9 9 40 66
10 12 55 65
12 9 62 35
14 11 62 24
15 12 21 36
17 10 9 56
18 12 62 48
19 11 66 14
21 11 26 13
22 12 11 28
23 10 7 43
25 11 41 46
26 9 55 34
29 9 43 26
30 10 31 76
32 11 26 29
33 9 50 40
34 12 55 50
35 12 54 10
36 10 60 15
37 8 47 66
38 12 30 60
40 11 12 17
41 9 15 14
42 8 16 19
43 8 21 48
44 10 50 30
45 10 51 42
46 9 50 15
47 10 48 21
48 11 12 38
50 10 29 39
51 12 54 38
52 12 55 57
53 10 67 41
54 10 10 70
55 12 6 25
56 12 65 27
58 11 70 64
59 10 64 4
60 12 36 6
61 10 30 20
63 9 15 5
64 12 50 70
65 9 57 72
66 10 45 42
67 12 38 33
68 12 50 4
70 12 59 5
71 9 35 60
72 10 27 24
73 10 40 20
74 10 40 37
1 11 36 26
2 9 21 45
5 10 33 34
7 12 55 45
8 10 26 59
11 9 35 51
13 10 62 57
16 9 33 44
20 9 44 13
24 11 17 64
27 10 35 16
28 12 52 26
31 10 22 53
39 10 30 50
49 8 15 56
57 9 40 60
62 12 20 30
69 9 66 8
75 8 40 40


76 3 28
3 76 26
76 4 48
4 76 33
76 6 40
6 76 39
76 9 30
9 76 48
76 10 43
10 76 54
76 12 56
12 76 42
76 14 21
14 76 40
76 15 14
15 76 14
76 17 25
17 76 36
76 18 57
18 76 47
76 19 59
19 76 45
76 21 7
21 76 10
76 22 13
22 76 13
76 23 14
23 76 26
76 25 23
25 76 30
76 26 40
26 76 35
76 29 19
29 76 21
76 30 82
30 76 55
76 32 7
32 76 8
76 33 24
33 76 33
76 34 44
34 76 43
76 35 25
35 76 34
76 36 26
36 76 39
76 37 71
37 76 51
76 38 37
38 76 39
76 40 11
40 76 11
76 41 9
41 76 11
76 42 7
42 76 7
76 43 26
43 76 26
76 44 23
44 76 29
76 45 49
45 76 35
76 46 20
46 76 29
76 47 15
47 76 26
76 48 25
48 76 19
76 50 13
50 76 18
76 51 24
51 76 35
76 52 26
52 76 48
76 53 58
53 76 48
76 54 37
54 76 49
76 55 17
55 76 16
76 56 43
56 76 43
76 58 50
58 76 63
76 59 59
59 76 45
76 60 21
60 76 21
76 61 7
61 76 8
76 63 15
63 76 18
76 64 69
64 76 55
76 65 78
65 76 61
76 66 23
66 76 30
76 67 25
67 76 19
76 68 32
68 76 33
76 70 59
70 76 40
76 71 44
71 76 40
76 72 5
72 76 5
76 73 20
73 76 18
76 74 19
74 76 23
76 1 22
1 76 15
76 2 26
2 76 23
76 5 17
5 76 16
76 7 37
7 76 40
76 8 29
8 76 37
76 11 25
11 76 32
76 13 69
13 76 53
76 16 18
16 76 25
76 20 35
20 76 24
76 24 29
24 76 42
76 27 8
27 76 14
76 28 31
28 76 30
76 31 30
31 76 31
76 39 42
39 76 29
76 49 40
49 76 35
76 57 54
57 76 42
76 62 5
62 76 8
76 69 32
69 76 46
76 75 34
75 76 25
3 4 23
4 3 18
3 6 10
6 3 16
3 9 30
9 3 31
3 10 20
10 3 32
3 12 20
12 3 17
3 14 20
14 3 20
3 15 12
15 3 24
3 17 23
17 3 42
3 18 12
18 3 21
3 19 17
19 3 30
3 21 40
21 3 29
3 22 47
22 3 35
3 23 53
23 3 39
3 25 6
25 3 12
3 26 13
26 3 10
3 29 6
29 3 9
3 30 32
30 3 43
3 32 28
32 3 20
3 33 9
33 3 7
3 34 10
34 3 18
3 35 16
35 3 27
3 36 36
36 3 25
3 37 29
37 3 31
3 38 28
38 3 29
3 40 32
40 3 38
3 41 46
41 3 37
3 42 43
42 3 33
3 43 40
43 3 27
3 44 10
44 3 7
3 45 6
45 3 9
3 46 19
46 3 21
3 47 13
47 3 14
3 48 24
48 3 33
3 50 19
50 3 16
3 51 11
51 3 9
3 52 31
52 3 24
3 53 21
53 3 22
3 54 25
54 3 49
3 55 38
55 3 40
3 56 21
56 3 22
3 58 35
58 3 38
3 59 23
59 3 36
3 60 34
60 3 30
3 61 29
61 3 21
3 63 37
63 3 42
3 64 36
64 3 35
3 65 36
65 3 39
3 66 10
66 3 7
3 67 9
67 3 7
3 68 45
68 3 31
3 70 49
70 3 33
3 71 40
71 3 27
3 72 11
72 3 21
3 73 18
73 3 16
3 74 3
74 3 5
3 1 15
1 3 13
3 2 15
2 3 26
3 5 11
5 3 12
3 7 11
7 3 14
3 8 24
8 3 31
3 11 14
11 3 19
3 13 18
13 3 28
3 16 13
16 3 15
3 20 15
20 3 22
3 24 23
24 3 40
3 27 22
27 3 21
3 28 9
28 3 11
3 31 16
31 3 29
3 39 15
39 3 21
3 49 40
49 3 37
3 57 26
57 3 25
3 62 30
62 3 25
3 69 23
69 3 34
3 75 8
75 3 7
4 6 26
6 4 30
4 9 32
9 4 48
4 10 51
10 4 45
4 12 14
12 4 17
4 14 6
14 4 8
4 15 50
15 4 38
4 17 72
17 4 58
4 18 41
18 4 29
4 19 13
19 4 13
4 21 34
21 4 30
4 22 60
22 4 45
4 23 51
23 4 53
4 25 21
25 4 30
4 26 18
26 4 14
4 29 15
29 4 13
4 30 74
30 4 61
4 32 23
32 4 30
4 33 13
33 4 21
4 34 39
34 4 30
4 35 11
35 4 10
4 36 8
36 4 7
4 37 58
37 4 46
4 38 48
38 4 47
4 40 31
40 4 43
4 41 52
41 4 40
4 42 43
42 4 39
4 43 51
43 4 44
4 44 13
44 4 11
4 45 30
45 4 22
4 46 9
46 4 7
4 47 7
47 4 7
4 48 38
48 4 46
4 50 21
50 4 32
4 51 11
51 4 18
4 52 41
52 4 37
4 53 33
53 4 24
4 54 58
54 4 67
4 55 66
55 4 49
4 56 16
56 4 12
4 58 35
58 4 46
4 59 17
59 4 18
4 60 31
60 4 24
4 61 21
61 4 25
4 63 33
63 4 43
4 64 52
64 4 50
4 65 32
65 4 52
4 66 18
66 4 24
4 67 23
67 4 21
4 68 10
68 4 17
4 70 23
70 4 16
4 71 26
71 4 45
4 72 35
72 4 28
4 73 16
73 4 15
4 74 23
74 4 23
4 1 12
1 4 20
4 2 44
2 4 42
4 5 31
5 4 26
4 7 15
7 4 25
4 8 49
8 4 49
4 11 53
11 4 37
4 13 46
13 4 38
4 16 33
16 4 33
4 20 14
20 4 13
4 24 76
24 4 58
4 27 22
27 4 20
4 28 6
28 4 7
4 31 69
31 4 47
4 39 58
39 4 39
4 49 30
49 4 54
4 57 59
57 4 43
4 62 37
62 4 36
4 69 23
69 4 16
4 75 34
75 4 25
6 9 18
9 6 19
6 10 20
10 6 16
6 12 26
12 6 19
6 14 20
14 6 29
6 15 32
15 6 32
6 17 47
17 6 41
6 18 13
18 6 12
6 19 57
19 6 39
6 21 25
21 6 44
6 22 51
22 6 45
6 23 65
23 6 44
6 25 5
25 6 10
6 26 10
26 6 17
6 29 23
29 6 25
6 30 26
30 6 32
6 32 24
32 6 32
6 33 8
33 6 10
6 34 7
34 6 5
6 35 22
35 6 40
6 36 27
36 6 36
6 37 17
37 6 16
6 38 18
38 6 22
6 40 54
40 6 50
6 41 48
41 6 50
6 42 25
42 6 46
6 43 22
43 6 29
6 44 27
44 6 20
6 45 7
45 6 8
6 46 22
46 6 35
6 47 40
47 6 29
6 48 50
48 6 40
6 50 31
50 6 24
6 51 9
51 6 13
6 52 8
52 6 9
6 53 27
53 6 19
6 54 26
54 6 44
6 55 70
55 6 51
6 56 19
56 6 27
6 58 24
58 6 24
6 59 70
59 6 48
6 60 62
60 6 46
6 61 47
61 6 36
6 63 38
63 6 57
6 64 13
64 6 20
6 65 26
65 6 23
6 66 11
66 6 9
6 67 23
67 6 20
6 68 44
68 6 46
6 70 39
70 6 46
6 71 24
71 6 18
6 72 42
72 6 34
6 73 23
73 6 32
6 74 11
74 6 16
6 1 38
1 6 28
6 2 17
2 6 29
6 5 29
5 6 23
6 7 6
7 6 7
6 8 37
8 6 26
6 11 20
11 6 15
6 13 20
13 6 14
6 16 17
16 6 18
6 20 36
20 6 37
6 24 27
24 6 36
6 27 23
27 6 37
6 28 27
28 6 24
6 31 23
31 6 28
6 39 29
39 6 20
6 49 30
49 6 36
6 57 20
57 6 14
6 62 38
62 6 36
6 69 62
69 6 45
6 75 16
75 6 14
9 10 10
10 9 15
9 12 42
12 9 38
9 14 42
14 9 47
9 15 41
15 9 36
9 17 39
17 9 33
9 18 25
18 9 28
9 19 61
19 9 58
9 21 54
21 9 55
9 22 27
22 9 48
9 23 41
23 9 40
9 25 16
25 9 20
9 26 33
26 9 35
9 29 30
29 9 40
9 30 17
30 9 13
9 32 53
32 9 40
9 33 27
33 9 28
9 34 23
34 9 22
9 35 55
35 9 58
9 36 60
36 9 55
9 37 9
37 9 7
9 38 7
38 9 12
9 40 59
40 9 56
9 41 63
41 9 58
9 42 78
42 9 53
9 43 27
43 9 26
9 44 32
44 9 37
9 45 21
45 9 26
9 46 30
46 9 52
9 47 24
47 9 46
9 48 46
48 9 39
9 50 17
50 9 29
9 51 42
51 9 31
9 52 20
52 9 17
9 53 42
53 9 37
9 54 20
54 9 30
9 55 73
55 9 53
9 56 23
56 9 46
9 58 18
58 9 30
9 59 72
59 9 66
9 60 54
60 9 60
9 61 30
61 9 47
9 63 71
63 9 66
9 64 14
64 9 11
9 65 18
65 9 18
9 66 13
66 9 25
9 67 38
67 9 33
9 68 67
68 9 63
9 70 57
70 9 64
9 71 7
71 9 8
9 72 59
72 9 44
9 73 52
73 9 46
9 74 26
74 9 29
9 1 35
1 9 40
9 2 23
2 9 28
9 5 35
5 9 33
9 7 31
7 9 26
9 8 22
8 9 16
9 11 19
11 9 16
9 13 31
13 9 24
9 16 31
16 9 23
9 20 60
20 9 53
9 24 25
24 9 23
9 27 46
27 9 50
9 28 57
28 9 42
9 31 23
31 9 22
9 39 25
39 9 19
9 49 28
49 9 27
9 57 8
57 9 6
9 62 27
62 9 41
9 69 35
69 9 63
9 75 35
75 9 26
10 12 31
12 10 31
10 14 30
14 10 42
10 15 61
15 10 45
10 17 25
17 10 47
10 18 10
18 10 18
10 19 59
19 10 52
10 21 35
21 10 60
10 22 76
22 10 57
10 23 47
23 10 53
10 25 35
25 10 24
10 26 33
26 10 31
10 29 57
29 10 41
10 30 14
30 10 26
10 32 51
32 10 46
10 33 14
33 10 25
10 34 20
34 10 15
10 35 65
35 10 55
10 36 45
36 10 50
10 37 9
37 10 8
10 38 36
38 10 25
10 40 48
40 10 64
10 41 73
41 10 65
10 42 58
42 10 60
10 43 20
43 10 38
10 44 21
44 10 35
10 45 19
45 10 23
10 46 74
46 10 50
10 47 26
47 10 44
10 48 33
48 10 50
10 50 35
50 10 36
10 51 25
51 10 27
10 52 6
52 10 8
10 53 25
53 10 27
10 54 33
54 10 45
10 55 87
55 10 63
10 56 32
56 10 39
10 58 13
58 10 15
10 59 88
59 10 62
10 60 88
60 10 62
10 61 30
61 10 51
10 63 87
63 10 72
10 64 5
64 10 7
10 65 6
65 10 7
10 66 31
66 10 25
10 67 49
67 10 36
10 68 73
68 10 61
10 70 79
70 10 60
10 71 31
71 10 21
10 72 39
72 10 50
10 73 62
73 10 47
10 74 30
74 10 32
10 1 40
1 10 43
10 2 49
2 10 39
10 5 48
5 10 38
10 7 14
7 10 20
10 8 31
8 10 30
10 11 19
11 10 24
10 13 16
13 10 11
10 16 21
16 10 30
10 20 48
20 10 53
10 24 29
24 10 38
10 27 60
27 10 53
10 28 27
28 10 39
10 31 33
31 10 35
10 39 33
39 10 29
10 49 50
49 10 41
10 57 21
57 10 16
10 62 66
62 10 49
10 69 65
69 10 58
10 75 33
75 10 29
12 14 16
14 12 11
12 15 48
15 12 41
12 17 32
17 12 57
12 18 8
18 12 13
12 19 22
19 12 21
12 21 43
21 12 42
12 22 52
22 12 51
12 23 33
23 12 56
12 25 28
25 12 24
12 26 7
26 12 7
12 29 16
29 12 21
12 30 73
30 12 51
12 32 41
32 12 36
12 33 10
33 12 13
12 34 19
34 12 17
12 35 32
35 12 26
12 36 12
36 12 20
12 37 23
37 12 34
12 38 52
38 12 41
12 40 42
40 12 53
12 41 28
41 12 51
12 42 70
42 12 49
12 43 42
43 12 43
12 44 8
44 12 13
12 45 17
45 12 13
12 46 14
46 12 23
12 47 20
47 12 19
12 48 47
48 12 50
12 50 46
50 12 33
12 51 11
51 12 9
12 52 31
52 12 23
12 53 11
53 12 8
12 54 35
54 12 63
12 55 45
55 12 56
12 56 9
56 12 9
12 58 36
58 12 30
12 59 36
59 12 31
12 60 26
60 12 38
12 61 43
61 12 35
12 63 56
63 12 56
12 64 55
64 12 37
12 65 46
65 12 37
12 66 13
66 12 18
12 67 16
67 12 24
12 68 30
68 12 33
12 70 40
70 12 30
12 71 35
71 12 37
12 72 41
72 12 37
12 73 18
73 12 26
12 74 25
74 12 22
12 1 31
1 12 28
12 2 26
2 12 42
12 5 27
5 12 29
12 7 10
7 12 12
12 8 32
8 12 43
12 11 34
11 12 31
12 13 29
13 12 22
12 16 38
16 12 30
12 20 15
20 12 28
12 24 65
24 12 54
12 27 24
27 12 33
12 28 18
28 12 13
12 31 31
31 12 44
12 39 49
39 12 35
12 49 44
49 12 51
12 57 20
57 12 33
12 62 30
62 12 42
12 69 32
69 12 27
12 75 29
75 12 23
14 15 56
15 14 43
14 17 53
17 14 62
14 18 21
18 14 24
14 19 15
19 14 11
14 21 36
21 14 38
14 22 59
22 14 51
14 23 48
23 14 58
14 25 37
25 14 30
14 26 6
26 14 12
14 29 18
29 14 19
14 30 73
30 14 60
14 32 36
32 14 36
14 33 28
33 14 20
14 34 34
34 14 27
14 35 17
35 14 16
14 36 9
36 14 9
14 37 62
37 14 45
14 38 28
38 14 48
14 40 65
40 14 50
14 41 68
41 14 48
14 42 65
42 14 46
14 43 44
43 14 48
14 44 10
44 14 13
14 45 18
45 14 21
14 46 22
46 14 15
14 47 19
47 14 14
14 48 53
48 14 52
14 50 51
50 14 36
14 51 22
51 14 16
14 52 21
52 14 34
14 53 10
53 14 18
14 54 93
54 14 69
14 55 42
55 14 56
14 56 4
56 14 4
14 58 60
58 14 41
14 59 27
59 14 20
14 60 39
60 14 32
14 61 26
61 14 32
14 63 44
63 14 51
14 64 36
64 14 48
14 65 54
65 14 48
14 66 15
66 14 25
14 67 20
67 14 25
14 68 14
68 14 23
14 70 13
70 14 19
14 71 39
71 14 45
14 72 41
72 14 35
14 73 11
73 14 22
14 74 29
74 14 25
14 1 16
1 14 26
14 2 37
2 14 46
14 5 46
5 14 31
14 7 25
7 14 22
14 8 37
8 14 50
14 11 22
11 14 38
14 13 37
13 14 33
14 16 36
16 14 35
14 20 31
20 14 21
14 24 38
24 14 60
14 27 28
27 14 28
14 28 10
28 14 10
14 31 31
31 14 49
14 39 56
39 14 41
14 49 39
49 14 57
14 57 44
57 14 42
14 62 48
62 14 42
14 69 9
69 14 16
14 75 35
75 14 27
15 17 20
17 15 23
15 18 35
18 15 43
15 19 50
19 15 50
15 21 21
21 15 24
15 22 14
22 15 13
15 23 17
23 15 16
15 25 13
25 15 22
15 26 22
26 15 34
15 29 19
29 15 24
15 30 33
30 15 41
15 32 7
32 15 9
15 33 27
33 15 29
15 34 23
34 15 37
15 35 24
35 15 42
15 36 22
36 15 44
15 37 32
37 15 40
15 38 35
38 15 26
15 40 15
40 15 21
15 41 28
41 15 23
15 42 23
42 15 18
15 43 13
43 15 12
15 44 36
44 15 30
15 45 34
45 15 31
15 46 43
46 15 36
15 47 19
47 15 31
15 48 9
48 15 9
15 50 8
50 15 9
15 51 47
51 15 33
15 52 49
52 15 40
15 53 30
53 15 46
15 54 19
54 15 36
15 55 22
55 15 19
15 56 66
56 15 45
15 58 32
58 15 56
15 59 79
59 15 54
15 60 21
60 15 34
15 61 13
61 15 18
15 63 44
63 15 31
15 64 38
64 15 45
15 65 33
65 15 51
15 66 15
66 15 25
15 67 15
67 15 17
15 68 28
68 15 43
15 70 30
70 15 49
15 71 31
71 15 28
15 72 15
72 15 13
15 73 32
73 15 25
15 74 13
74 15 19
15 1 24
1 15 18
15 2 13
2 15 9
15 5 6
5 15 12
15 7 50
7 15 35
15 8 12
8 15 24
15 11 29
11 15 21
15 13 52
13 15 46
15 16 17
16 15 14
15 20 46
20 15 33
15 24 23
24 15 28
15 27 18
27 15 24
15 28 32
28 15 33
15 31 19
31 15 17
15 39 16
39 15 17
15 49 14
49 15 21
15 57 40
57 15 31
15 62 6
62 15 6
15 69 43
69 15 53
15 75 22
75 15 19
17 18 67
18 17 54
17 19 97
19 17 71
17 21 51
21 17 46
17 22 16
22 17 28
17 23 15
23 17 13
17 25 42
25 17 34
17 26 41
26 17 51
17 29 40
29 17 45
17 30 24
30 17 29
17 32 20
32 17 32
17 33 42
33 17 44
17 34 55
34 17 46
17 35 41
35 17 64
17 36 81
36 17 65
17 37 40
37 17 39
17 38 27
38 17 21
17 40 33
40 17 39
17 41 46
41 17 42
17 42 24
42 17 38
17 43 19
43 17 14
17 44 58
44 17 48
17 45 38
45 17 44
17 46 64
46 17 58
17 47 35
47 17 52
17 48 10
48 17 18
17 50 31
50 17 26
17 51 68
51 17 48
17 52 38
52 17 46
17 53 47
53 17 60
17 54 17
54 17 14
17 55 27
55 17 31
17 56 53
56 17 63
17 58 72
58 17 61
17 59 42
59 17 75
17 60 77
60 17 57
17 61 51
61 17 42
17 63 56
63 17 51
17 64 36
64 17 43
17 65 45
65 17 50
17 66 46
66 17 38
17 67 54
67 17 37
17 68 76
68 17 66
17 70 80
70 17 71
17 71 13
71 17 26
17 72 27
72 17 37
17 73 54
73 17 48
17 74 53
74 17 36
17 1 38
1 17 40
17 2 17
2 17 16
17 5 20
5 17 33
17 7 47
7 17 47
17 8 11
8 17 17
17 11 20
11 17 26
17 13 65
13 17 53
17 16 34
16 17 27
17 20 79
20 17 55
17 24 7
24 17 11
17 27 58
27 17 48
17 28 62
28 17 52
17 31 12
31 17 13
17 39 23
39 17 22
17 49 7
49 17 6
17 57 42
57 17 31
17 62 20
62 17 28
17 69 85
69 17 74
17 75 42
75 17 35
18 19 29
19 18 34
18 21 72
21 18 50
18 22 48
22 18 55
18 23 47
23 18 55
18 25 28
25 18 21
18 26 23
26 18 16
18 29 30
29 18 29
18 30 51
30 18 42
18 32 32
32 18 41
18 33 9
33 18 14
18 34 5
34 18 7
18 35 23
35 18 39
18 36 40
36 18 33
18 37 13
37 18 23
18 38 28
38 18 34
18 40 63
40 18 58
18 41 58
41 18 58
18 42 32
42 18 54
18 43 51
43 18 41
18 44 15
44 18 22
18 45 7
45 18 13
18 46 38
46 18 35
18 47 40
47 18 30
18 48 48
48 18 51
18 50 44
50 18 34
18 51 9
51 18 13
18 52 13
52 18 11
18 53 7
53 18 9
18 54 45
54 18 56
18 55 30
55 18 60
18 56 19
56 18 21
18 58 17
58 18 18
18 59 48
59 18 44
18 60 59
60 18 49
18 61 54
61 18 42
18 63 41
63 18 63
18 64 18
64 18 25
18 65 30
65 18 25
18 66 24
66 18 18
18 67 40
67 18 28
18 68 51
68 18 46
18 70 27
70 18 43
18 71 39
71 18 29
18 72 31
72 18 42
18 73 41
73 18 36
18 74 24
74 18 24
18 1 37
1 18 34
18 2 55
2 18 41
18 5 30
5 18 32
18 7 8
7 18 8
18 8 55
8 18 38
18 11 35
11 18 27
18 13 5
13 18 9
18 16 18
16 18 29
18 20 45
20 18 39
18 24 38
24 18 48
18 27 52
27 18 42
18 28 13
28 18 24
18 31 58
31 18 40
18 39 37
39 18 32
18 49 35
49 18 47
18 57 16
57 18 25
18 62 32
62 18 46
18 69 37
69 18 40
18 75 12
75 18 23
19 21 21
21 19 40
19 22 85
22 19 57
19 23 66
23 19 66
19 25 38
25 19 41
19 26 23
26 19 23
19 29 23
29 19 26
19 30 74
30 19 71
19 32 42
32 19 43
19 33 16
33 19 31
19 34 49
34 19 38
19 35 16
35 19 13
19 36 5
36 19 6
19 37 35
37 19 55
19 38 42
38 19 58
19 40 69
40 19 54
19 41 42
41 19 51
19 42 71
42 19 50
19 43 47
43 19 56
19 44 32
44 19 22
19 45 16
45 19 32
19 46 20
46 19 16
19 47 16
47 19 19
19 48 49
48 19 59
19 50 61
50 19 44
19 51 35
51 19 27
19 52 51
52 19 44
19 53 16
53 19 27
19 54 57
54 19 79
19 55 73
55 19 61
19 56 16
56 19 13
19 58 70
58 19 50
19 59 10
59 19 10
19 60 28
60 19 31
19 61 39
61 19 36
19 63 36
63 19 52
19 64 66
64 19 58
19 65 76
65 19 59
19 66 50
66 19 35
19 67 37
67 19 34
19 68 21
68 19 19
19 70 12
70 19 11
19 71 79
71 19 55
19 72 51
72 19 40
19 73 30
73 19 27
19 74 23
74 19 34
19 1 29
1 19 32
19 2 29
2 19 55
19 5 43
5 19 39
19 7 30
7 19 33
19 8 63
8 19 60
19 11 28
11 19 48
19 13 47
13 19 43
19 16 35
16 19 45
19 20 18
20 19 22
19 24 37
24 19 70
19 27 45
27 19 31
19 28 20
28 19 18
19 31 84
31 19 58
19 39 35
39 19 51
19 49 57
49 19 66
19 57 47
57 19 53
19 62 50
62 19 48
19 69 7
69 19 6
19 75 41
75 19 36
21 22 16
22 21 21
21 23 49
23 21 36
21 25 36
25 21 36
21 26 24
26 21 36
21 29 24
29 21 21
21 30 34
30 21 63
21 32 12
32 21 16
21 33 43
33 21 36
21 34 58
34 21 47
21 35 24
35 21 28
21 36 42
36 21 34
21 37 49
37 21 57
21 38 55
38 21 47
21 40 10
40 21 15
21 41 10
41 21 11
21 42 6
42 21 12
21 43 40
43 21 35
21 44 40
44 21 29
21 45 53
45 21 38
21 46 17
46 21 24
21 47 16
47 21 23
21 48 16
48 21 29
21 50 33
50 21 26
21 51 21
51 21 37
21 52 62
52 21 53
21 53 40
53 21 49
21 54 75
54 21 59
21 55 16
55 21 23
21 56 36
56 21 41
21 58 77
58 21 67
21 59 31
59 21 39
21 60 12
60 21 12
21 61 4
61 21 8
21 63 7
63 21 14
21 64 63
64 21 62
21 65 91
65 21 67
21 66 49
66 21 35
21 67 12
67 21 23
21 68 32
68 21 26
21 70 28
70 21 34
21 71 54
71 21 48
21 72 6
72 21 11
21 73 10
73 21 15
21 74 34
74 21 27
21 1 16
1 21 16
21 2 26
2 21 32
21 5 13
5 21 22
21 7 56
7 21 43
21 8 36
8 21 46
21 11 53
11 21 39
21 13 52
13 21 57
21 16 40
16 21 32
21 20 18
20 21 18
21 24 48
24 21 52
21 27 10
27 21 9
21 28 33
28 21 29
21 31 27
31 21 40
21 39 51
39 21 37
21 49 53
49 21 44
21 57 36
57 21 49
21 62 24
62 21 18
21 69 27
69 21 40
21 75 28
75 21 30
22 23 20
23 22 16
22 25 33
25 22 35
22 26 26
26 22 44
22 29 24
29 22 32
22 30 42
30 22 52
22 32 11
32 22 15
22 33 29
33 22 41
22 34 72
34 22 49
22 35 30
35 22 47
22 36 59
36 22 51
22 37 38
37 22 52
22 38 26
38 22 37
22 40 14
40 22 11
22 41 12
41 22 15
22 42 11
42 22 10
22 43 22
43 22 22
22 44 57
44 22 39
22 45 39
45 22 42
22 46 26
46 22 41
22 47 24
47 22 38
22 48 14
48 22 10
22 50 27
50 22 21
22 51 51
51 22 44
22 52 35
52 22 53
22 53 57
53 22 57
22 54 59
54 22 42
22 55 6
55 22 6
22 56 59
56 22 54
22 58 62
58 22 69
22 59 39
59 22 58
22 60 35
60 22 33
22 61 31
61 22 21
22 63 19
63 22 23
22 64 51
64 22 57
22 65 72
65 22 64
22 66 34
66 22 37
22 67 24
67 22 27
22 68 38
68 22 46
22 70 40
70 22 53
22 71 45
71 22 40
22 72 20
72 22 16
22 73 40
73 22 30
22 74 38
74 22 30
22 1 34
1 22 25
22 2 22
2 22 20
22 5 17
5 22 23
22 7 53
7 22 47
22 8 21
8 22 34
22 11 19
11 22 33
22 13 72
13 22 59
22 16 25
16 22 27
22 20 37
20 22 36
22 24 35
24 22 36
22 27 18
27 22 27
22 28 24
28 22 41
22 31 17
31 22 27
22 39 23
39 22 29
22 49 31
49 22 28
22 57 47
57 22 43
22 62 8
62 22 9
22 69 62
69 22 58
22 75 22
75 22 31
23 25 26
25 23 34
23 26 36
26 23 49
23 29 54
29 23 40
23 30 34
30 23 41
23 32 23
32 23 24
23 33 47
33 23 43
23 34 28
34 23 49
23 35 59
35 23 57
23 36 31
36 23 60
23 37 58
37 23 46
23 38 16
38 23 29
23 40 14
40 23 26
23 41 17
41 23 30
23 42 22
42 23 26
23 43 16
43 23 15
23 44 43
44 23 45
23 45 43
45 23 44
23 46 49
46 23 51
23 47 27
47 23 47
23 48 9
48 23 7
23 50 18
50 23 22
23 51 30
51 23 47
23 52 73
52 23 50
23 53 67
53 23 60
23 54 23
54 23 27
23 55 19
55 23 18
23 56 58
56 23 60
23 58 58
58 23 66
23 59 70
59 23 69
23 60 41
60 23 47
23 61 45
61 23 32
23 63 30
63 23 38
23 64 53
64 23 51
23 65 36
65 23 58
23 66 36
66 23 38
23 67 48
67 23 33
23 68 66
68 23 58
23 70 36
70 23 64
23 71 31
71 23 33
23 72 32
72 23 27
23 73 59
73 23 40
23 74 41
74 23 33
23 1 31
1 23 34
23 2 18
2 23 14
23 5 18
5 23 28
23 7 67
7 23 48
23 8 17
8 23 25
23 11 26
11 23 29
23 13 36
13 23 57
23 16 29
16 23 26
23 20 71
20 23 48
23 24 24
24 23 23
23 27 54
27 23 39
23 28 61
28 23 48
23 31 17
31 23 18
23 39 14
39 23 24
23 49 18
49 23 15
23 57 38
57 23 37
23 62 13
62 23 18
23 69 47
69 23 68
23 75 26
75 23 33
25 26 24
26 25 18
25 29 24
29 25 20
25 30 32
30 25 32
25 32 31
32 25 23
25 33 8
33 25 11
25 34 14
34 25 15
25 35 41
35 25 38
25 36 21
36 25 36
25 37 14
37 25 21
25 38 14
38 25 18
25 40 48
40 25 41
25 41 37
41 25 41
25 42 26
42 25 37
25 43 26
43 25 20
25 44 13
44 25 18
25 45 10
45 25 11
25 46 40
46 25 32
25 47 16
47 25 26
25 48 19
48 25 30
25 50 18
50 25 14
25 51 9
51 25 15
25 52 12
52 25 18
25 53 27
53 25 26
25 54 43
54 25 39
25 55 33
55 25 41
25 56 35
56 25 30
25 58 18
58 25 34
25 59 47
59 25 48
25 60 43
60 25 40
25 61 26
61 25 28
25 63 54
63 25 49
25 64 33
64 25 26
25 65 19
65 25 31
25 66 4
66 25 6
25 67 9
67 25 13
25 68 49
68 25 43
25 70 56
70 25 45
25 71 17
71 25 15
25 72 22
72 25 26
25 73 20
73 25 26
25 74 10
74 25 9
25 1 25
1 25 21
25 2 12
2 25 20
25 5 12
5 25 14
25 7 8
7 25 14
25 8 23
8 25 20
25 11 4
11 25 8
25 13 22
13 25 24
25 16 10
16 25 8
25 20 28
20 25 33
25 24 25
24 25 30
25 27 30
27 25 31
25 28 30
28 25 23
25 31 25
31 25 20
25 39 10
39 25 12
25 49 38
49 25 28
25 57 14
57 25 14
25 62 16
62 25 26
25 69 27
69 25 45
25 75 4
75 25 6
26 29 17
29 26 14
26 30 51
30 26 48
26 32 15
32 26 29
26 33 4
33 26 8
26 34 10
34 26 16
26 35 14
35 26 24
26 36 26
36 26 20
26 37 31
37 26 33
26 38 53
38 26 36
26 40 45
40 26 46
26 41 57
41 26 44
26 42 36
42 26 42
26 43 40
43 26 37
26 44 7
44 26 6
26 45 13
45 26 9
26 46 13
46 26 20
26 47 13
47 26 15
26 48 27
48 26 43
26 50 27
50 26 26
26 51 3
51 26 4
26 52 22
52 26 23
26 53 11
53 26 14
26 54 81
54 26 58
26 55 65
55 26 49
26 56 9
56 26 12
26 58 27
58 26 34
26 59 24
59 26 31
26 60 23
60 26 34
26 61 17
61 26 28
26 63 25
63 26 49
26 64 48
64 26 36
26 65 33
65 26 38
26 66 19
66 26 13
26 67 11
67 26 17
26 68 39
68 26 30
26 70 32
70 26 29
26 71 33
71 26 33
26 72 16
72 26 30
26 73 19
73 26 20
26 74 8
74 26 15
26 1 23
1 26 21
26 2 27
2 26 36
26 5 20
5 26 22
26 7 8
7 26 11
26 8 39
8 26 38
26 11 19
11 26 26
26 13 28
13 26 24
26 16 33
16 26 24
26 20 24
20 26 24
26 24 65
24 26 48
26 27 22
27 26 27
26 28 9
28 26 9
26 31 21
31 26 38
26 39 42
39 26 30
26 49 50
49 26 46
26 57 43
57 26 30
26 62 35
62 26 35
26 69 39
69 26 28
26 75 18
75 26 16
29 30 59
30 29 51
29 32 16
32 29 17
29 33 16
33 29 16
29 34 29
34 29 27
29 35 14
35 29 19
29 36 26
36 29 20
29 37 38
37 29 40
29 38 53
38 29 36
29 40 30
40 29 32
29 41 30
41 29 30
29 42 41
42 29 28
29 43 39
43 29 31
29 44 8
44 29 8
29 45 23
45 29 18
29 46 17
46 29 13
29 47 10
47 29 7
29 48 21
48 29 33
29 50 28
50 29 19
29 51 13
51 29 16
29 52 44
52 29 33
29 53 41
53 29 28
29 54 51
54 29 55
29 55 23
55 29 37
29 56 14
56 29 22
29 58 42
58 29 47
29 59 19
59 29 30
29 60 21
60 29 21
29 61 8
61 29 14
29 63 28
63 29 35
29 64 44
64 29 45
29 65 51
65 29 48
29 66 16
66 29 16
29 67 6
67 29 9
29 68 33
68 29 23
29 70 32
70 29 26
29 71 21
71 29 35
29 72 10
72 29 16
29 73 9
73 29 7
29 74 16
74 29 11
29 1 4
1 29 7
29 2 43
2 29 29
29 5 9
5 29 13
29 7 22
7 29 22
29 8 23
8 29 37
29 11 34
11 29 26
29 13 35
13 29 36
29 16 21
16 29 21
29 20 16
20 29 13
29 24 49
24 29 46
29 27 13
27 29 13
29 28 8
28 29 9
29 31 20
31 29 34
29 39 17
39 29 27
29 49 27
49 29 41
29 57 37
57 29 34
29 62 32
62 29 23
29 69 15
69 29 29
29 75 8
75 29 14
30 32 40
32 30 47
30 33 59
33 30 41
30 34 34
34 30 35
30 35 72
35 30 70
30 36 70
36 30 68
30 37 23
37 30 19
30 38 14
38 30 16
30 40 55
40 30 62
30 41 53
41 30 64
30 42 34
42 30 59
30 43 33
43 30 30
30 44 30
44 30 50
30 45 44
45 30 39
30 46 58
46 30 64
30 47 40
47 30 58
30 48 36
48 30 42
30 50 43
50 30 37
30 51 63
51 30 44
30 52 17
52 30 31
30 53 69
53 30 50
30 54 12
54 30 22
30 55 65
55 30 56
30 56 69
56 30 60
30 58 59
58 30 41
30 59 77
59 30 79
30 60 83
60 30 70
30 61 40
61 30 56
30 63 71
63 30 72
30 64 21
64 30 20
30 65 20
65 30 26
30 66 43
66 30 37
30 67 58
67 30 44
30 68 91
68 30 74
30 70 59
70 30 76
30 71 23
71 30 16
30 72 34
72 30 52
30 73 52
73 30 56
30 74 30
74 30 40
30 1 39
1 30 50
30 2 32
2 30 33
30 5 29
5 30 42
30 7 36
7 30 39
30 8 11
8 30 18
30 11 27
11 30 25
30 13 35
13 30 36
30 16 39
16 30 32
30 20 74
20 30 64
30 24 20
24 30 18
30 27 39
27 30 60
30 28 69
28 30 54
30 31 28
31 30 25
30 39 25
39 30 26
30 49 28
49 30 26
30 57 20
57 30 18
30 62 33
62 30 47
30 69 71
69 30 76
30 75 41
75 30 37
32 33 36
33 32 26
32 34 30
34 32 36
32 35 18
35 32 34
32 36 25
36 32 37
32 37 24
37 32 43
32 38 25
38 32 31
32 40 13
40 32 18
32 41 28
41 32 19
32 42 12
42 32 14
32 43 10
43 32 20
32 44 30
44 32 24
32 45 37
45 32 28
32 46 33
46 32 28
32 47 30
47 32 23
32 48 23
48 32 17
32 50 9
50 32 10
32 51 26
51 32 29
32 52 34
52 32 40
32 53 49
53 32 42
32 54 26
54 32 44
32 55 15
55 32 20
32 56 51
56 32 39
32 58 49
58 32 56
32 59 55
59 32 45
32 60 18
60 32 25
32 61 12
61 32 10
32 63 26
63 32 26
32 64 66
64 32 47
32 65 48
65 32 53
32 66 23
66 32 23
32 67 10
67 32 13
32 68 52
68 32 35
32 70 27
70 32 41
32 71 19
71 32 32
32 72 5
72 32 5
32 73 24
73 32 17
32 74 9
74 32 16
32 1 13
1 32 10
32 2 13
2 32 17
32 5 6
5 32 9
32 7 20
7 32 33
32 8 24
8 32 30
32 11 34
11 32 24
32 13 47
13 32 46
32 16 19
16 32 17
32 20 33
20 32 24
32 24 46
24 32 36
32 27 12
27 32 16
32 28 15
28 32 26
32 31 28
31 32 24
32 39 23
39 32 21
32 49 43
49 32 29
32 57 36
57 32 34
32 62 7
62 32 6
32 69 34
69 32 45
32 75 10
75 32 18
33 34 13
34 33 11
33 35 22
35 33 30
33 36 22
36 33 27
33 37 24
37 33 26
33 38 22
38 33 28
33 40 27
40 33 44
33 41 37
41 33 44
33 42 57
42 33 40
33 43 25
43 33 30
33 44 8
44 33 10
33 45 2
45 33 2
33 46 15
46 33 25
33 47 27
47 33 19
33 48 19
48 33 38
33 50 27
50 33 21
33 51 4
51 33 4
33 52 22
52 33 18
33 53 18
53 33 17
33 54 48
54 33 50
33 55 29
55 33 46
33 56 23
56 33 20
33 58 35
58 33 31
33 59 54
59 33 39
33 60 40
60 33 37
33 61 18
61 33 28
33 63 59
63 33 49
33 64 36
64 33 30
33 65 31
65 33 33
33 66 5
66 33 5
33 67 15
67 33 14
33 68 51
68 33 36
33 70 43
70 33 36
33 71 17
71 33 25
33 72 34
72 33 28
33 73 30
73 33 22
33 74 11
74 33 10
33 1 28
1 33 20
33 2 17
2 33 29
33 5 13
5 33 18
33 7 5
7 33 7
33 8 32
8 33 31
33 11 18
11 33 19
33 13 22
13 33 21
33 16 16
16 33 17
33 20 33
20 33 28
33 24 41
24 33 41
33 27 40
27 33 28
33 28 11
28 33 14
33 31 19
31 33 31
33 39 27
39 33 22
33 49 22
49 33 38
33 57 16
57 33 22
33 62 30
62 33 32
33 69 51
69 33 36
33 75 7
75 33 10
34 35 21
35 34 40
34 36 21
36 34 35
34 37 26
37 34 18
34 38 36
38 34 27
34 40 75
40 34 54
34 41 35
41 34 54
34 42 37
42 34 50
34 43 42
43 34 34
34 44 17
44 34 21
34 45 11
45 34 9
34 46 45
46 34 35
34 47 16
47 34 30
34 48 67
48 34 45
34 50 27
50 34 28
34 51 15
51 34 12
34 52 5
52 34 7
34 53 21
53 34 15
34 54 45
54 34 49
34 55 41
55 34 55
34 56 29
56 34 25
34 58 19
58 34 21
34 59 39
59 34 47
34 60 69
60 34 48
34 61 28
61 34 39
34 63 82
63 34 60
34 64 30
64 34 21
34 65 31
65 34 22
34 66 18
66 34 13
34 67 18
67 34 24
34 68 35
68 34 46
34 70 65
70 34 45
34 71 18
71 34 22
34 72 47
72 34 38
34 73 36
73 34 34
34 74 17
74 34 20
34 1 31
1 34 31
34 2 30
2 34 34
34 5 27
5 34 27
34 7 5
7 34 5
34 8 44
8 34 30
34 11 12
11 34 20
34 13 5
13 34 10
34 16 15
16 34 23
34 20 31
20 34 39
34 24 27
24 34 40
34 27 23
27 34 39
34 28 25
28 34 24
34 31 40
31 34 33
34 39 17
39 34 25
34 49 53
49 34 40
34 57 18
57 34 18
34 62 38
62 34 40
34 69 41
69 34 43
34 75 23
75 34 18
35 36 9
36 35 8
35 37 33
37 35 56
35 38 70
38 35 55
35 40 47
40 35 43
35 41 33
41 35 39
35 42 46
42 35 39
35 43 42
43 35 50
35 44 26
44 35 20
35 45 34
45 35 32
35 46 5
46 35 6
35 47 17
47 35 12
35 48 39
48 35 50
35 50 37
50 35 38
35 51 18
51 35 28
35 52 52
52 35 47
35 53 37
53 35 34
35 54 57
54 35 74
35 55 68
55 35 50
35 56 19
56 35 20
35 58 45
58 35 56
35 59 16
59 35 12
35 60 14
60 35 18
35 61 35
61 35 26
35 63 40
63 35 39
35 64 67
64 35 60
35 65 70
65 35 62
35 66 32
66 35 33
35 67 19
67 35 28
35 68 10
68 35 7
35 70 7
70 35 7
35 71 43
71 35 53
35 72 26
72 35 30
35 73 20
73 35 17
35 74 43
74 35 30
35 1 23
1 35 24
35 2 43
2 35 48
35 5 29
5 35 32
35 7 38
7 35 35
35 8 28
8 35 56
35 11 31
11 35 45
35 13 45
13 35 48
35 16 41
16 35 40
35 20 14
20 35 10
35 24 96
24 35 65
35 27 15
27 35 20
35 28 22
28 35 16
35 31 34
31 35 54
35 39 62
39 35 47
35 49 57
49 35 60
35 57 71
57 35 52
35 62 24
62 35 39
35 69 17
69 35 12
35 75 29
75 35 33
36 37 43
37 36 53
36 38 28
38 36 54
36 40 43
40 36 48
36 41 38
41 36 45
36 42 57
42 36 44
36 43 61
43 36 51
36 44 9
44 36 18
36 45 30
45 36 28
36 46 6
46 36 10
36 47 10
47 36 13
36 48 36
48 36 53
36 50 27
50 36 39
36 51 29
51 36 24
36 52 38
52 36 42
36 53 23
53 36 27
36 54 92
54 36 74
36 55 68
55 36 55
36 56 16
56 36 13
36 58 29
58 36 50
36 59 6
59 36 12
36 60 29
60 36 26
36 61 41
61 36 30
36 63 52
63 36 46
36 64 59
64 36 56
36 65 38
65 36 57
36 66 45
66 36 31
36 67 15
67 36 28
36 68 17
68 36 15
36 70 5
70 36 10
36 71 32
71 36 51
36 72 19
72 36 34
36 73 20
73 36 21
36 74 42
74 36 30
36 1 26
1 36 26
36 2 72
2 36 49
36 5 23
5 36 33
36 7 24
7 36 30
36 8 49
8 36 56
36 11 43
11 36 44
36 13 57
13 36 42
36 16 23
16 36 40
36 20 10
20 36 16
36 24 38
24 36 65
36 27 25
27 36 25
36 28 13
28 36 14
36 31 74
31 36 54
36 39 36
39 36 46
36 49 34
49 36 61
36 57 66
57 36 49
36 62 33
62 36 42
36 69 12
69 36 9
36 75 33
75 36 32
37 38 19
38 37 18
37 40 52
40 37 60
37 41 51
41 37 61
37 42 48
42 37 56
37 43 22
43 37 32
37 44 41
44 37 36
37 45 29
45 37 24
37 46 50
46 37 51
37 47 56
47 37 45
37 48 36
48 37 45
37 50 18
50 37 32
37 51 20
51 37 29
37 52 10
52 37 12
37 53 16
53 37 32
37 54 55
54 37 37
37 55 54
55 37 58
37 56 54
56 37 43
37 58 28
58 37 23
37 59 41
59 37 64
37 60 47
60 37 61
37 61 54
61 37 49
37 63 52
63 37 69
37 64 3
64 37 5
37 65 17
65 37 12
37 66 21
66 37 24
37 67 21
67 37 34
37 68 36
68 37 62
37 70 60
70 37 62
37 71 16
71 37 13
37 72 27
72 37 47
37 73 35
73 37 47
37 74 18
74 37 30
37 1 39
1 37 41
37 2 47
2 37 33
37 5 48
5 37 35
37 7 11
7 37 22
37 8 11
8 37 22
37 11 21
11 37 19
37 13 18
13 37 17
37 16 17
16 37 26
37 20 28
20 37 53
37 24 26
24 37 30
37 27 61
27 37 51
37 28 28
28 37 40
37 31 24
31 37 28
37 39 31
39 37 23
37 49 50
49 37 34
37 57 9
57 37 9
37 62 44
62 37 45
37 69 47
69 37 61
37 75 28
75 37 27
38 40 59
40 38 47
38 41 63
41 38 48
38 42 33
42 38 43
38 43 8
43 38 15
38 44 41
44 38 36
38 45 14
45 38 28
38 46 35
46 38 49
38 47 35
47 38 43
38 48 19
48 38 28
38 50 25
50 38 21
38 51 35
51 38 33
38 52 28
52 38 25
38 53 22
53 38 42
38 54 23
54 38 22
38 55 44
55 38 42
38 56 35
56 38 48
38 58 48
58 38 40
38 59 86
59 38 66
38 60 78
60 38 54
38 61 22
61 38 40
38 63 62
63 38 57
38 64 18
64 38 22
38 65 29
65 38 29
38 66 20
66 38 23
38 67 39
67 38 28
38 68 67
68 38 59
38 70 47
70 38 62
38 71 3
71 38 5
38 72 42
72 38 36
38 73 49
73 38 41
38 74 36
74 38 25
38 1 29
1 38 34
38 2 16
2 38 17
38 5 25
5 38 26
38 7 25
7 38 29
38 8 2
8 38 4
38 11 12
11 38 10
38 13 39
13 38 32
38 16 17
16 38 16
38 20 41
20 38 49
38 24 11
24 38 14
38 27 25
27 38 44
38 28 52
28 38 40
38 31 8
31 38 11
38 39 9
39 38 10
38 49 14
49 38 16
38 57 6
57 38 10
38 62 28
62 38 32
38 69 54
69 38 63
38 75 21
75 38 22
40 41 5
41 40 4
40 42 4
42 40 4
40 43 19
43 40 32
40 44 25
44 40 40
40 45 49
45 40 46
40 46 39
46 40 38
40 47 44
47 40 36
40 48 13
48 40 21
40 50 15
50 40 28
40 51 51
51 40 46
40 52 64
52 40 58
40 53 51
53 40 59
40 54 55
54 40 53
40 55 9
55 40 10
40 56 45
56 40 54
40 58 106
58 40 74
40 59 56
59 40 54
40 60 34
60 40 26
40 61 21
61 40 18
40 63 6
63 40 12
40 64 59
64 40 65
40 65 72
65 40 71
40 66 55
66 40 41
40 67 35
67 40 30
40 68 58
68 40 40
40 70 34
70 40 49
40 71 27
71 40 49
40 72 13
72 40 16
40 73 18
73 40 28
40 74 21
74 40 34
40 1 26
1 40 26
40 2 21
2 40 29
40 5 17
5 40 27
40 7 51
7 40 51
40 8 32
8 40 44
40 11 53
11 40 41
40 13 64
13 40 64
40 16 28
16 40 34
40 20 38
20 40 32
40 24 41
24 40 47
40 27 19
27 40 23
40 28 58
28 40 41
40 31 40
31 40 37
40 39 48
39 40 38
40 49 51
49 40 39
40 57 74
57 40 51
40 62 21
62 40 15
40 69 73
69 40 55
40 75 38
75 40 36
41 42 6
42 41 5
41 43 17
43 41 34
41 44 47
44 41 38
41 45 30
45 41 46
41 46 36
46 41 35
41 47 43
47 41 34
41 48 31
48 41 24
41 50 27
50 41 29
41 51 48
51 41 46
41 52 79
52 41 59
41 53 62
53 41 58
41 54 41
54 41 56
41 55 14
55 41 14
41 56 29
56 41 52
41 58 69
58 41 74
41 59 26
59 41 50
41 60 27
60 41 22
41 61 16
61 41 16
41 63 6
63 41 9
41 64 75
64 41 66
41 65 40
65 41 72
41 66 52
66 41 41
41 67 19
67 41 30
41 68 22
68 41 36
41 70 32
70 41 45
41 71 70
71 41 50
41 72 16
72 41 16
41 73 16
73 41 26
41 74 50
74 41 34
41 1 31
1 41 24
41 2 45
2 41 32
41 5 18
5 41 27
41 7 44
7 41 51
41 8 58
8 41 46
41 11 62
11 41 42
41 13 72
13 41 64
41 16 25
16 41 35
41 20 21
20 41 29
41 24 46
24 41 50
41 27 23
27 41 20
41 28 20
28 41 39
41 31 24
31 41 40
41 39 49
39 41 39
41 49 54
49 41 42
41 57 64
57 41 52
41 62 20
62 41 17
41 69 53
69 41 51
41 75 19
75 41 36
42 43 20
43 42 29
42 44 39
44 42 36
42 45 48
45 42 42
42 46 23
46 42 34
42 47 20
47 42 32
42 48 20
48 42 19
42 50 12
50 42 24
42 51 36
51 42 42
42 52 35
52 42 54
42 53 76
53 42 55
42 54 35
54 42 51
42 55 17
55 42 12
42 56 63
56 42 50
42 58 48
58 42 70
42 59 31
59 42 50
42 60 32
60 42 24
42 61 10
61 42 14
42 63 13
63 42 14
42 64 54
64 42 61
42 65 39
65 42 67
42 66 52
66 42 37
42 67 26
67 42 26
42 68 39
68 42 37
42 70 24
70 42 45
42 71 66
71 42 45
42 72 15
72 42 12
42 73 21
73 42 24
42 74 29
74 42 30
42 1 17
1 42 21
42 2 26
2 42 26
42 5 17
5 42 23
42 7 34
7 42 47
42 8 21
8 42 41
42 11 39
11 42 37
42 13 80
13 42 60
42 16 15
16 42 30
42 20 27
20 42 28
42 24 48
24 42 45
42 27 11
27 42 19
42 28 32
28 42 37
42 31 25
31 42 35
42 39 19
39 42 34
42 49 39
49 42 37
42 57 47
57 42 48
42 62 17
62 42 12
42 69 53
69 42 51
42 75 16
75 42 32
43 44 35
44 43 34
43 45 39
45 43 31
43 46 24
46 43 44
43 47 34
47 43 38
43 48 10
48 43 13
43 50 8
50 43 12
43 51 23
51 43 34
43 52 29
52 43 35
43 53 50
53 43 47
43 54 17
54 43 25
43 55 35
55 43 27
43 56 40
56 43 49
43 58 48
58 43 52
43 59 53
59 43 61
43 60 44
60 43 45
43 61 25
61 43 29
43 63 32
63 43 43
43 64 48
64 43 36
43 65 25
65 43 43
43 66 34
66 43 25
43 67 22
67 43 23
43 68 51
68 43 53
43 70 67
70 43 57
43 71 16
71 43 18
43 72 18
72 43 25
43 73 47
73 43 34
43 74 20
74 43 22
43 1 19
1 43 27
43 2 4
2 43 3
43 5 26
5 43 18
43 7 27
7 43 34
43 8 10
8 43 12
43 11 17
11 43 14
43 13 37
13 43 42
43 16 14
16 43 13
43 20 33
20 43 42
43 24 21
24 43 16
43 27 22
27 43 35
43 28 30
28 43 38
43 31 5
31 43 5
43 39 11
39 43 9
43 49 12
49 43 10
43 57 23
57 43 22
43 62 22
62 43 18
43 69 58
69 43 60
43 75 13
75 43 21
44 45 7
45 44 12
44 46 10
46 44 15
44 47 5
47 44 9
44 48 54
48 44 39
44 50 12
50 44 23
44 51 13
51 44 9
44 52 14
52 44 27
44 53 10
53 44 20
44 54 39
54 44 57
44 55 47
55 44 44
44 56 22
56 44 15
44 58 39
58 44 39
44 59 33
59 44 30
44 60 18
60 44 28
44 61 24
61 44 22
44 63 32
63 44 43
44 64 44
64 44 40
44 65 57
65 44 42
44 66 19
66 44 13
44 67 12
67 44 12
44 68 25
68 44 26
44 70 32
70 44 27
44 71 34
71 44 34
44 72 34
72 44 24
44 73 8
73 44 14
44 74 17
74 44 12
44 1 18
1 44 15
44 2 45
2 44 33
44 5 11
5 44 17
44 7 17
7 44 16
44 8 39
8 44 38
44 11 18
11 44 26
44 13 20
13 44 30
44 16 15
16 44 22
44 20 19
20 44 18
44 24 28
24 44 47
44 27 15
27 44 21
44 28 3
28 44 4
44 31 47
31 44 36
44 39 39
39 44 28
44 49 32
49 44 44
44 57 31
57 44 32
44 62 44
62 44 30
44 69 16
69 44 27
44 75 19
75 44 14
45 46 26
46 45 27
45 47 13
47 45 21
45 48 54
48 45 39
45 50 30
50 45 22
45 51 3
51 45 5
45 52 18
52 45 16
45 53 22
53 45 16
45 54 41
54 45 50
45 55 24
55 45 48
45 56 30
56 45 21
45 58 21
58 45 29
45 59 24
59 45 40
45 60 39
60 45 39
45 61 25
61 45 30
45 63 46
63 45 51
45 64 34
64 45 28
45 65 42
65 45 31
45 66 6
66 45 6
45 67 8
67 45 16
45 68 51
68 45 38
45 70 51
70 45 38
45 71 12
71 45 24
45 72 39
72 45 30
45 73 36
73 45 25
45 74 13
74 45 12
45 1 19
1 45 22
45 2 38
2 45 30
45 5 11
5 45 20
45 7 3
7 45 5
45 8 43
8 45 30
45 11 24
11 45 18
45 13 15
13 45 19
45 16 24
16 45 18
45 20 40
20 45 30
45 24 50
24 45 40
45 27 33
27 45 30
45 28 13
28 45 16
45 31 46
31 45 31
45 39 17
39 45 22
45 49 55
49 45 39
45 57 18
57 45 21
45 62 38
62 45 33
45 69 45
69 45 37
45 75 16
75 45 11
46 47 7
47 46 6
46 48 37
48 46 44
46 50 20
50 46 32
46 51 25
51 46 23
46 52 41
52 46 42
46 53 24
53 46 31
46 54 71
54 46 68
46 55 43
55 46 45
46 56 16
56 46 19
46 58 77
58 46 53
46 59 17
59 46 18
46 60 19
60 46 17
46 61 16
61 46 21
46 63 49
63 46 36
46 64 45
64 46 55
46 65 29
65 46 57
46 66 39
66 46 27
46 67 31
67 46 22
46 68 6
68 46 11
46 70 19
70 46 13
46 71 58
71 46 47
46 72 24
72 46 25
46 73 12
73 46 11
46 74 34
74 46 24
46 1 20
1 46 18
46 2 47
2 46 41
46 5 29
5 46 25
46 7 24
7 46 30
46 8 52
8 46 50
46 11 55
11 46 39
46 13 46
13 46 44
46 16 47
16 46 34
46 20 6
20 46 6
46 24 58
24 46 59
46 27 14
27 46 15
46 28 14
28 46 11
46 31 28
31 46 47
46 39 59
39 46 40
46 49 43
49 46 54
46 57 68
57 46 46
46 62 24
62 46 34
46 69 22
69 46 17
46 75 18
75 46 27
47 48 32
48 47 40
47 50 14
50 47 26
47 51 17
51 47 18
47 52 52
52 47 37
47 53 22
53 47 28
47 54 40
54 47 62
47 55 33
55 47 42
47 56 15
56 47 18
47 58 25
58 47 48
47 59 20
59 47 23
47 60 15
60 47 19
47 61 14
61 47 18
47 63 29
63 47 37
47 64 72
64 47 49
47 65 38
65 47 52
47 66 21
66 47 21
47 67 14
67 47 16
47 68 10
68 47 17
47 70 27
70 47 19
47 71 48
71 47 41
47 72 19
72 47 21
47 73 7
73 47 8
47 74 10
74 47 18
47 1 14
1 47 13
47 2 30
2 47 36
47 5 26
5 47 20
47 7 37
7 47 25
47 8 23
8 47 44
47 11 37
11 47 33
47 13 52
13 47 39
47 16 15
16 47 27
47 20 12
20 47 9
47 24 41
24 47 53
47 27 16
27 47 14
47 28 8
28 47 6
47 31 31
31 47 41
47 39 18
39 47 34
47 49 41
49 47 48
47 57 36
57 47 40
47 62 35
62 47 29
47 69 21
69 47 22
47 75 31
75 47 21
48 50 20
50 48 17
48 51 39
51 48 42
48 52 48
52 48 47
48 53 53
53 48 55
48 54 36
54 48 32
48 55 15
55 48 14
48 56 62
56 48 54
48 58 66
58 48 64
48 59 35
59 48 62
48 60 44
60 48 40
48 61 30
61 48 25
48 63 42
63 48 33
48 64 63
64 48 50
48 65 81
65 48 56
48 66 32
66 48 33
48 67 34
67 48 26
48 68 34
68 48 51
48 70 62
70 48 57
48 71 40
71 48 32
48 72 17
72 48 20
48 73 39
73 48 33
48 74 23
74 48 28
48 1 40
1 48 27
48 2 11
2 48 11
48 5 21
5 48 21
48 7 23
7 48 44
48 8 16
8 48 25
48 11 36
11 48 26
48 13 64
13 48 53
48 16 28
16 48 22
48 20 49
20 48 41
48 24 26
24 48 26
48 27 34
27 48 32
48 28 50
28 48 42
48 31 22
31 48 18
48 39 27
39 48 22
48 49 17
49 48 18
48 57 28
57 48 36
48 62 16
62 48 11
48 69 63
69 48 62
48 75 28
75 48 28
50 51 34
51 50 25
50 52 44
52 50 32
50 53 37
53 50 38
50 54 27
54 50 36
50 55 33
55 50 27
50 56 25
56 50 38
50 58 51
58 50 48
50 59 55
59 50 49
50 60 39
60 50 34
50 61 27
61 50 19
50 63 31
63 50 37
50 64 41
64 50 37
50 65 55
65 50 43
50 66 15
66 50 16
50 67 10
67 50 11
50 68 28
68 50 41
50 70 35
70 50 45
50 71 17
71 50 22
50 72 21
72 50 15
50 73 30
73 50 22
50 74 16
74 50 11
50 1 18
1 50 15
50 2 11
2 50 10
50 5 7
5 50 6
50 7 18
7 50 27
50 8 11
8 50 20
50 11 17
11 50 13
50 13 23
13 50 38
50 16 8
16 50 6
50 20 33
20 50 30
50 24 37
24 50 28
50 27 29
27 50 24
50 28 37
28 50 26
50 31 15
31 50 16
50 39 8
39 50 11
50 49 27
49 50 22
50 57 21
57 50 24
50 62 19
62 50 13
50 69 66
69 50 48
50 75 14
75 50 11
51 52 13
52 51 19
51 53 11
53 51 13
51 54 36
54 51 54
51 55 58
55 51 50
51 56 15
56 51 16
51 58 41
58 51 31
51 59 47
59 51 35
51 60 22
60 51 37
51 61 44
61 51 30
51 63 59
63 51 51
51 64 40
64 51 32
51 65 28
65 51 34
51 66 11
66 51 10
51 67 13
67 51 17
51 68 17
68 51 34
51 70 45
70 51 33
51 71 41
71 51 29
51 72 16
72 51 30
51 73 33
73 51 23
51 74 19
74 51 14
51 1 26
1 51 22
51 2 22
2 51 33
51 5 13
5 51 21
51 7 6
7 51 7
51 8 30
8 51 35
51 11 28
11 51 23
51 13 21
13 51 21
51 16 25
16 51 21
51 20 33
20 51 27
51 24 65
24 51 45
51 27 22
27 51 29
51 28 10
28 51 12
51 31 32
31 51 35
51 39 20
39 51 27
51 49 57
49 51 43
51 57 32
57 51 26
51 62 46
62 51 35
51 69 40
69 51 32
51 75 20
75 51 14
52 53 26
53 52 20
52 54 61
54 52 47
52 55 67
55 52 59
52 56 24
56 52 32
52 58 20
58 52 17
52 59 39
59 52 54
52 60 61
60 52 54
52 61 24
61 52 45
52 63 81
63 52 66
52 64 11
64 52 14
52 65 13
65 52 15
52 66 17
66 52 18
52 67 32
67 52 29
52 68 47
68 52 53
52 70 34
70 52 52
52 71 11
71 52 20
52 72 28
72 52 43
52 73 36
73 52 40
52 74 36
74 52 25
52 1 53
1 52 36
52 2 35
2 52 36
52 5 25
5 52 32
52 7 11
7 52 12
52 8 42
8 52 29
52 11 23
11 52 21
52 13 4
13 52 7
52 16 35
16 52 26
52 20 45
20 52 45
52 24 55
24 52 39
52 27 39
27 52 46
52 28 39
28 52 31
52 31 22
31 52 33
52 39 14
39 52 26
52 49 46
49 52 40
52 57 16
57 52 15
52 62 34
62 52 44
52 69 35
69 52 50
52 75 24
75 52 23
53 54 47
54 53 64
53 55 49
55 53 63
53 56 7
56 53 14
53 58 21
58 53 23
53 59 51
59 53 37
53 60 51
60 53 47
53 61 47
61 53 43
53 63 56
63 53 63
53 64 38
64 53 34
53 65 30
65 53 33
53 66 19
66 53 22
53 67 24
67 53 30
53 68 21
68 53 41
53 70 40
70 53 37
53 71 47
71 53 37
53 72 39
72 53 43
53 73 49
73 53 34
53 74 23
74 53 27
53 1 45
1 53 34
53 2 55
2 53 46
53 5 37
5 53 34
53 7 19
7 53 13
53 8 28
8 53 45
53 11 45
11 53 34
53 13 14
13 53 17
53 16 29
16 53 34
53 20 23
20 53 36
53 24 71
24 53 55
53 27 28
27 53 41
53 28 18
28 53 21
53 31 36
31 53 47
53 39 23
39 53 38
53 49 39
49 53 54
53 57 30
57 53 33
53 62 33
62 53 48
53 69 29
69 53 33
53 75 38
75 53 27
54 55 57
55 54 45
54 56 53
56 54 70
54 58 32
58 54 60
54 59 94
59 54 85
54 60 67
60 54 69
54 61 55
61 54 54
54 63 43
63 54 65
54 64 46
64 54 40
54 65 70
65 54 47
54 66 29
66 54 45
54 67 24
67 54 46
54 68 89
68 54 77
54 70 109
70 54 81
54 71 21
71 54 27
54 72 43
72 54 49
54 73 75
73 54 58
54 74 56
74 54 45
54 1 26
1 54 51
54 2 31
2 54 27
54 5 38
5 54 42
54 7 27
7 54 51
54 8 26
8 54 19
54 11 28
11 54 31
54 13 62
13 54 54
54 16 34
16 54 35
54 20 76
20 54 66
54 24 8
24 54 9
54 27 69
27 54 60
54 28 79
28 54 61
54 31 21
31 54 21
54 39 29
39 54 28
54 49 14
49 54 15
54 57 17
57 54 32
54 62 27
62 54 41
54 69 97
69 54 84
54 75 42
75 54 42
55 56 88
56 55 59
55 58 53
58 55 75
55 59 79
59 55 62
55 60 31
60 55 36
55 61 22
61 55 25
55 63 29
63 55 22
55 64 38
64 55 63
55 65 38
65 55 69
55 66 61
66 55 43
55 67 22
67 55 33
55 68 56
68 55 49
55 70 29
70 55 57
55 71 41
71 55 45
55 72 24
72 55 21
55 73 45
73 55 34
55 74 30
74 55 36
55 1 30
1 55 30
55 2 34
2 55 25
55 5 25
5 55 28
55 7 30
7 55 53
55 8 41
8 55 39
55 11 41
11 55 39
55 13 55
13 55 64
55 16 38
16 55 33
55 20 49
20 55 39
55 24 28
24 55 40
55 27 17
27 55 30
55 28 43
28 55 46
55 31 25
31 55 32
55 39 41
39 55 35
55 49 33
49 55 32
55 57 38
57 55 49
55 62 15
62 55 15
55 69 73
69 55 62
55 75 47
75 55 37
56 58 44
58 56 37
56 59 21
59 56 23
56 60 52
60 56 36
56 61 39
61 56 36
56 63 46
63 56 55
56 64 65
64 56 46
56 65 56
65 56 46
56 66 31
66 56 25
56 67 26
67 56 28
56 68 21
68 56 27
56 70 29
70 56 23
56 71 26
71 56 45
56 72 24
72 56 38
56 73 33
73 56 26
56 74 32
74 56 27
56 1 38
1 56 29
56 2 44
2 56 48
56 5 16
5 56 32
56 7 28
7 56 21
56 8 69
8 56 50
56 11 25
11 56 38
56 13 19
13 56 30
56 16 47
16 56 36
56 20 32
20 56 25
56 24 72
24 56 60
56 27 27
27 56 32
56 28 11
28 56 13
56 31 62
31 56 50
56 39 53
39 56 42
56 49 60
49 56 58
56 57 37
57 56 41
56 62 43
62 56 45
56 69 12
69 56 19
56 75 32
75 56 28
58 59 68
59 58 60
58 60 98
60 58 67
58 61 45
61 58 59
58 63 96
63 58 80
58 64 20
64 58 21
58 65 16
65 58 15
58 66 18
66 58 33
58 67 32
67 58 44
58 68 49
68 58 63
58 70 52
70 58 60
58 71 25
71 58 35
58 72 51
72 58 58
58 73 76
73 58 53
58 74 35
74 58 40
58 1 40
1 58 51
58 2 65
2 58 52
58 5 67
5 58 47
58 7 14
7 58 24
58 8 26
8 58 44
58 11 25
11 58 37
58 13 9
13 58 11
58 16 30
16 58 42
58 20 71
20 58 57
58 24 38
24 58 53
58 27 56
27 58 59
58 28 59
28 58 42
58 31 29
31 58 49
58 39 29
39 58 42
58 49 61
49 58 55
58 57 27
57 58 30
58 62 83
62 58 60
58 69 74
69 58 56
58 75 39
75 58 38
59 60 30
60 59 28
59 61 19
61 59 38
59 63 64
63 59 49
59 64 64
64 59 67
59 65 48
65 59 68
59 66 29
66 59 42
59 67 20
67 59 39
59 68 11
68 59 14
59 70 7
70 59 5
59 71 52
71 59 63
59 72 61
72 59 42
59 73 25
73 59 29
59 74 32
74 59 41
59 1 27
1 59 36
59 2 75
2 59 59
59 5 38
5 59 43
59 7 40
7 59 42
59 8 99
8 59 67
59 11 80
11 59 55
59 13 68
13 59 53
59 16 53
16 59 50
59 20 24
20 59 22
59 24 65
24 59 76
59 27 43
27 59 31
59 28 19
28 59 25
59 31 85
31 59 64
59 39 69
39 59 57
59 49 92
49 59 71
59 57 89
57 59 61
59 62 54
62 59 51
59 69 5
69 59 4
59 75 30
75 59 43
60 61 22
61 60 15
60 63 15
63 60 21
60 64 75
64 60 66
60 65 52
65 60 69
60 66 55
66 60 37
60 67 17
67 60 27
60 68 10
68 60 14
60 70 15
70 60 23
60 71 68
71 60 54
60 72 11
72 60 20
60 73 9
73 60 15
60 74 40
74 60 31
60 1 22
1 60 20
60 2 29
2 60 42
60 5 15
5 60 28
60 7 24
7 60 43
60 8 46
8 60 54
60 11 26
11 60 45
60 13 53
13 60 57
60 16 38
16 60 38
60 20 12
20 60 11
60 24 36
24 60 61
60 27 10
27 60 10
60 28 23
28 60 25
60 31 63
31 60 49
60 39 65
39 60 44
60 49 53
49 60 54
60 57 74
57 60 54
60 62 17
62 60 29
60 69 41
69 60 30
60 75 38
75 60 34
61 63 20
63 61 21
61 64 34
64 61 54
61 65 34
65 61 59
61 66 24
66 61 27
61 67 14
67 61 15
61 68 19
68 61 26
61 70 45
70 61 33
61 71 29
71 61 40
61 72 5
72 61 5
61 73 14
73 61 10
61 74 23
74 61 19
61 1 11
1 61 8
61 2 21
2 61 27
61 5 17
5 61 14
61 7 51
7 61 35
61 8 26
8 61 39
61 11 36
11 61 31
61 13 31
13 61 49
61 16 18
16 61 24
61 20 15
20 61 15
61 24 40
24 61 45
61 27 3
27 61 6
61 28 30
28 61 23
61 31 27
31 61 34
61 39 25
39 61 30
61 49 45
49 61 39
61 57 22
57 61 41
61 62 11
62 61 14
61 69 55
69 61 38
61 75 16
75 61 22
63 64 45
64 63 74
63 65 50
65 63 79
63 66 40
66 63 48
63 67 25
67 63 36
63 68 40
68 63 35
63 70 35
70 63 44
63 71 53
71 63 59
63 72 32
72 63 22
63 73 25
73 63 29
63 74 49
74 63 40
63 1 41
1 63 29
63 2 20
2 63 40
63 5 44
5 63 34
63 7 70
7 63 56
63 8 64
8 63 55
63 11 68
11 63 50
63 13 82
13 63 70
63 16 43
16 63 43
63 20 25
20 63 30
63 24 44
24 63 59
63 27 23
27 63 23
63 28 24
28 63 43
63 31 46
31 63 48
63 39 58
39 63 47
63 49 30
49 63 51
63 57 87
57 63 60
63 62 18
62 63 25
63 69 35
69 63 51
63 75 29
75 63 43
64 65 7
65 64 7
64 66 14
66 64 28
64 67 48
67 64 39
64 68 37
68 64 66
64 70 82
70 64 66
64 71 17
71 64 18
64 72 36
72 64 51
64 73 32
73 64 51
64 74 46
74 64 34
64 1 35
1 64 46
64 2 41
2 64 38
64 5 40
5 64 40
64 7 36
7 64 25
64 8 29
8 64 26
64 11 33
11 64 24
64 13 26
13 64 18
64 16 42
16 64 31
64 20 81
20 64 57
64 24 27
24 64 34
64 27 82
27 64 56
64 28 39
28 64 44
64 31 31
31 64 33
64 39 37
39 64 28
64 49 43
49 64 38
64 57 12
57 64 14
64 62 53
62 64 50
64 69 69
69 64 64
64 75 44
75 64 32
65 66 26
66 65 32
65 67 50
67 65 43
65 68 68
68 65 68
65 70 45
70 65 67
65 71 31
71 65 25
65 72 29
72 65 57
65 73 52
73 65 55
65 74 43
74 65 39
65 1 64
1 65 50
65 2 26
2 65 45
65 5 59
5 65 45
65 7 22
7 65 27
65 8 36
8 65 33
65 11 15
11 65 30
65 13 15
13 65 16
65 16 21
16 65 37
65 20 70
20 65 60
65 24 47
24 65 41
65 27 53
27 65 60
65 28 35
28 65 46
65 31 25
31 65 40
65 39 52
39 65 35
65 49 39
49 65 45
65 57 23
57 65 21
65 62 31
62 65 56
65 69 47
69 65 65
65 75 24
75 65 36
66 67 11
67 66 11
66 68 34
68 66 38
66 70 45
70 66 40
66 71 29
71 66 21
66 72 32
72 66 25
66 73 13
73 66 23
66 74 8
74 66 7
66 1 12
1 66 18
66 2 26
2 66 24
66 5 11
5 66 14
66 7 8
7 66 10
66 8 16
8 66 25
66 11 15
11 66 13
66 13 17
13 66 23
66 16 11
16 66 12
66 20 39
20 66 29
66 24 23
24 66 36
66 27 21
27 66 28
66 28 11
28 66 17
66 31 19
31 66 25
66 39 23
39 66 17
66 49 36
49 66 33
66 57 14
57 66 19
66 62 28
62 66 28
66 69 20
69 66 40
66 75 4
75 66 5
67 68 24
68 67 31
67 70 33
70 67 35
67 71 29
71 67 27
67 72 12
72 67 14
67 73 8
73 67 13
67 74 5
74 67 4
67 1 10
1 67 7
67 2 16
2 67 21
67 5 7
5 67 5
67 7 29
7 67 21
67 8 28
8 67 29
67 11 26
11 67 18
67 13 42
13 67 34
67 16 6
16 67 12
67 20 16
20 67 21
67 24 46
24 67 37
67 27 23
27 67 17
67 28 19
28 67 16
67 31 13
31 67 26
67 39 27
39 67 19
67 49 23
49 67 33
67 57 38
57 67 27
67 62 12
62 67 18
67 69 38
69 67 38
67 75 10
75 67 7
68 70 13
70 68 9
68 71 61
71 68 58
68 72 35
72 68 30
68 73 13
73 68 19
68 74 47
74 68 34
68 1 21
1 68 26
68 2 69
2 68 50
68 5 31
5 68 34
68 7 51
7 68 41
68 8 88
8 68 60
68 11 42
11 68 49
68 13 75
13 68 54
68 16 42
16 68 43
68 20 10
20 68 11
68 24 63
24 68 68
68 27 21
27 68 19
68 28 22
28 68 22
68 31 40
31 68 56
68 39 49
39 68 50
68 49 74
49 68 63
68 57 66
57 68 57
68 62 38
62 68 40
68 69 13
69 68 16
68 75 40
75 68 37
70 71 84
71 70 60
70 72 20
72 70 37
70 73 20
73 70 24
70 74 40
74 70 37
70 1 16
1 70 31
70 2 65
2 70 54
70 5 36
5 70 38
70 7 25
7 70 40
70 8 77
8 70 63
70 11 36
11 70 52
70 13 48
13 70 52
70 16 40
16 70 46
70 20 18
20 70 17
70 24 71
24 70 72
70 27 23
27 70 26
70 28 20
28 70 22
70 31 68
31 70 60
70 39 60
39 70 53
70 49 85
49 70 67
70 57 76
57 70 58
70 62 28
62 70 46
70 69 9
69 70 8
70 75 49
75 70 40
71 72 23
72 71 37
71 73 54
73 71 40
71 74 20
74 71 24
71 1 26
1 71 34
71 2 12
2 71 21
71 5 15
5 71 26
71 7 28
7 71 25
71 8 12
8 71 9
71 11 12
11 71 9
71 13 24
13 71 27
71 16 17
16 71 16
71 20 55
20 71 48
71 24 10
24 71 18
71 27 56
27 71 44
71 28 53
28 71 38
71 31 15
31 71 15
71 39 8
39 71 11
71 49 16
49 71 20
71 57 5
57 71 5
71 62 27
62 71 34
71 69 59
69 71 61
71 75 30
75 71 21
72 73 10
73 72 14
72 74 21
74 72 18
72 1 7
1 72 9
72 2 18
2 72 22
72 5 15
5 72 12
72 7 50
7 72 35
72 8 48
8 72 35
72 11 18
11 72 28
72 13 65
13 72 48
72 16 11
16 72 21
72 20 14
20 72 20
72 24 49
24 72 41
72 27 12
27 72 11
72 28 26
28 72 25
72 31 31
31 72 29
72 39 28
39 72 26
72 49 43
49 72 34
72 57 53
57 72 38
72 62 6
62 72 9
72 69 26
69 72 42
72 75 19
75 72 21
73 74 20
74 73 17
73 1 9
1 73 7
73 2 25
2 73 31
73 5 15
5 73 16
73 7 18
7 73 29
73 8 28
8 73 41
73 11 23
11 73 31
73 13 24
13 73 43
73 16 32
16 73 25
73 20 4
20 73 8
73 24 40
24 73 50
73 27 3
27 73 6
73 28 13
28 73 13
73 31 52
31 73 38
73 39 41
39 73 32
73 49 28
49 73 44
73 57 27
57 73 40
73 62 24
62 73 22
73 69 31
69 73 29
73 75 18
75 73 20
74 1 10
1 74 11
74 2 21
2 74 21
74 5 8
5 74 8
74 7 20
7 74 17
74 8 33
8 74 26
74 11 10
11 74 15
74 13 31
13 74 30
74 16 14
16 74 10
74 20 27
20 74 24
74 24 29
24 74 35
74 27 27
27 74 21
74 28 10
28 74 16
74 31 20
31 74 24
74 39 17
39 74 16
74 49 44
49 74 31
74 57 27
57 74 23
74 62 21
62 74 21
74 69 34
69 74 39
74 75 4
75 74 3
1 2 23
2 1 24
1 5 6
5 1 9
1 7 36
7 1 27
1 8 27
8 1 34
1 11 17
11 1 25
1 13 22
13 1 40
1 16 11
16 1 18
1 20 8
20 1 15
1 24 39
24 1 42
1 27 10
27 1 10
1 28 11
28 1 16
1 31 31
31 1 30
1 39 13
39 1 25
1 49 45
49 1 37
1 57 27
57 1 34
1 62 21
62 1 16
1 69 18
69 1 35
1 75 19
75 1 14
2 5 21
5 2 16
2 7 27
7 2 34
2 8 17
8 2 15
2 11 17
11 2 15
2 13 50
13 2 43
2 16 6
16 2 12
2 20 45
20 2 39
2 24 14
24 2 19
2 27 42
27 2 32
2 28 36
28 2 36
2 31 8
31 2 8
2 39 11
39 2 10
2 49 17
49 2 13
2 57 13
57 2 24
2 62 9
62 2 15
2 69 50
69 2 58
2 75 15
75 2 20
5 7 30
7 5 25
5 8 24
8 5 26
5 11 21
11 5 17
5 13 51
13 5 37
5 16 9
16 5 10
5 20 25
20 5 24
5 24 33
24 5 34
5 27 10
27 5 18
5 28 31
28 5 21
5 31 31
31 5 22
5 39 17
39 5 16
5 49 35
49 5 28
5 57 27
57 5 27
5 62 16
62 5 14
5 69 51
69 5 42
5 75 7
75 5 9
7 8 33
8 7 32
7 11 18
11 7 21
7 13 13
13 7 14
7 16 31
16 7 22
7 20 42
20 7 34
7 24 42
24 7 42
7 27 34
27 7 35
7 28 15
28 7 19
7 31 48
31 7 34
7 39 32
39 7 25
7 49 29
49 7 41
7 57 27
57 7 21
7 62 49
62 7 38
7 69 32
69 7 38
7 75 14
75 7 15
8 11 7
11 8 12
8 13 49
13 8 36
8 16 23
16 8 17
8 20 56
20 8 49
8 24 5
24 8 10
8 27 40
27 8 44
8 28 23
28 8 42
8 31 6
31 8 7
8 39 10
39 8 10
8 49 7
49 8 11
8 57 18
57 8 14
8 62 42
62 8 30
8 69 67
69 8 65
8 75 34
75 8 24
11 13 27
13 11 28
11 16 10
16 11 7
11 20 29
20 11 39
11 24 29
24 11 22
11 27 20
27 11 35
11 28 44
28 11 30
11 31 17
31 11 13
11 39 7
39 11 5
11 49 15
49 11 21
11 57 7
57 11 10
11 62 33
62 11 26
11 69 68
69 11 53
11 75 12
75 11 12
13 16 39
16 13 32
13 20 47
20 13 48
13 24 33
24 13 46
13 27 57
27 13 49
13 28 17
28 13 33
13 31 52
31 13 40
13 39 35
39 13 33
13 49 38
49 13 47
13 57 16
57 13 22
13 62 57
62 13 50
13 69 55
69 13 49
13 75 28
75 13 28
16 20 45
20 16 33
16 24 16
24 16 26
16 27 37
27 16 28
16 28 22
28 16 26
16 31 13
31 16 14
16 39 10
39 16 7
16 49 32
49 16 22
16 57 18
57 16 17
16 62 26
62 16 19
16 69 42
69 16 49
16 75 7
75 16 8
20 24 46
24 20 58
20 27 10
27 20 9
20 28 21
28 20 15
20 31 53
31 20 46
20 39 32
39 20 40
20 49 48
49 20 52
20 57 34
57 20 47
20 62 33
62 20 29
20 69 31
69 20 22
20 75 30
75 20 27
24 27 63
27 24 51
24 28 41
28 24 52
24 31 11
31 24 12
24 39 13
39 24 19
24 49 6
49 24 8
24 57 30
57 24 23
24 62 35
62 24 34
24 69 109
69 24 74
24 75 20
75 24 33
27 28 20
28 27 20
27 31 31
31 27 39
27 39 24
39 27 34
27 49 31
49 27 45
27 57 41
57 27 44
27 62 18
62 27 20
27 69 43
69 27 32
27 75 35
75 27 24
28 31 57
31 28 40
28 39 43
39 28 33
28 49 30
49 28 48
28 57 23
57 28 36
28 62 17
62 28 32
28 69 23
69 28 23
28 75 18
75 28 18
31 39 8
39 31 9
31 49 9
49 31 8
31 57 19
57 31 19
31 62 18
62 31 23
31 69 68
69 31 63
31 75 31
75 31 22
39 49 21
49 39 16
39 57 13
57 39 14
39 62 20
62 39 22
39 69 50
69 39 55
39 75 12
75 39 14
49 57 30
57 49 25
49 62 13
62 49 26
49 69 37
69 49 70
49 75 28
75 49 30
57 62 25
62 57 36
57 69 52
69 57 58
57 75 27
75 57 20
62 69 26
69 62 51
62 75 16
75 62 22
69 75 29
75 69 41
