1 4 14 7 650

128 134

1 3 4 37 52

3 12 52 64
4 19 20 26
5 13 40 30
18 19 17 33
2 12 49 49
6 12 21 47
7 17 17 63
8 14 31 62
9 13 52 33
10 17 51 21
11 18 42 41
12 13 31 32
13 13 5 25
14 14 12 42
15 15 36 16
16 16 52 41
17 16 27 23
19 14 13 13

20 57 58
21 62 42
22 42 57
23 16 57
24 8 52
25 7 38
26 27 68

1 3 13
3 1 19
1 4 26
4 1 31
1 5 18
5 1 22
1 18 40
18 1 28
1 2 16
2 1 12
1 6 19
6 1 17
1 7 17
7 1 23
1 8 7
8 1 12
1 9 31
9 1 24
1 10 50
10 1 34
1 11 9
11 1 12
1 12 28
12 1 21
1 13 61
13 1 42
1 14 20
14 1 27
1 15 44
15 1 36
1 16 23
16 1 19
1 17 31
17 1 31
1 19 52
19 1 46
1 20 16
20 1 21
1 21 39
21 1 27
1 22 7
22 1 7
1 23 27
23 1 22
1 24 27
24 1 29
1 25 44
25 1 33
1 26 10
26 1 19
3 4 72
4 3 50
3 5 28
5 3 36
3 18 39
18 3 47
3 2 16
2 3 15
3 6 37
6 3 35
3 7 49
7 3 35
3 8 25
8 3 21
3 9 25
9 3 31
3 10 32
10 3 43
3 11 27
11 3 25
3 12 29
12 3 38
3 13 61
13 3 61
3 14 48
14 3 45
3 15 38
15 3 51
3 16 25
16 3 23
3 17 69
17 3 48
3 19 52
19 3 64
3 20 8
20 3 8
3 21 34
21 3 24
3 22 17
22 3 12
3 23 54
23 3 37
3 24 39
24 3 46
3 25 55
25 3 51
3 26 31
26 3 25
4 5 19
5 4 20
4 18 5
18 4 8
4 2 33
2 4 37
4 6 14
6 4 21
4 7 47
7 4 37
4 8 38
8 4 38
4 9 45
9 4 32
4 10 32
10 4 31
4 11 20
11 4 27
4 12 17
12 4 13
4 13 20
13 4 15
4 14 19
14 4 18
4 15 13
15 4 19
4 16 43
16 4 35
4 17 11
17 4 8
4 19 19
19 4 15
4 20 33
20 4 49
4 21 44
21 4 45
4 22 39
22 4 38
4 23 30
23 4 31
4 24 42
24 4 29
4 25 22
25 4 18
4 26 40
26 4 43
5 18 30
18 5 23
5 2 27
2 5 21
5 6 34
6 5 25
5 7 42
7 5 40
5 8 34
8 5 33
5 9 15
9 5 12
5 10 11
10 5 14
5 11 13
11 5 11
5 12 9
12 5 9
5 13 27
13 5 35
5 14 23
14 5 30
5 15 18
15 5 15
5 16 10
16 5 16
5 17 9
17 5 15
5 19 46
19 5 32
5 20 26
20 5 33
5 21 36
21 5 25
5 22 26
22 5 27
5 23 19
23 5 36
5 24 34
24 5 39
5 25 17
25 5 34
5 26 40
26 5 40
18 2 37
2 18 36
18 6 16
6 18 15
18 7 33
7 18 30
18 8 31
8 18 32
18 9 48
9 18 35
18 10 43
10 18 36
18 11 22
11 18 26
18 12 14
12 18 14
18 13 13
13 18 14
18 14 14
14 18 10
18 15 36
15 18 25
18 16 50
16 18 36
18 17 13
17 18 14
18 19 19
19 18 20
18 20 70
20 18 47
18 21 34
21 18 46
18 22 21
22 18 35
18 23 22
23 18 24
18 24 25
24 18 21
18 25 11
25 18 11
18 26 42
26 18 36
2 6 28
6 2 28
2 7 42
7 2 35
2 8 14
8 2 22
2 9 16
9 2 16
2 10 16
10 2 28
2 11 16
11 2 11
2 12 28
12 2 25
2 13 33
13 2 50
2 14 36
14 2 38
2 15 29
15 2 35
2 16 7
16 2 9
2 17 47
17 2 34
2 19 56
19 2 51
2 20 16
20 2 12
2 21 13
21 2 15
2 22 10
22 2 11
2 23 27
23 2 34
2 24 49
24 2 41
2 25 24
25 2 43
2 26 31
26 2 29
6 7 13
7 6 16
6 8 19
8 6 18
6 9 26
9 6 34
6 10 20
10 6 40
6 11 26
11 6 22
6 12 14
12 6 18
6 13 23
13 6 27
6 14 10
14 6 10
6 15 21
15 6 34
6 16 38
16 6 32
6 17 26
17 6 25
6 19 40
19 6 35
6 20 47
20 6 38
6 21 49
21 6 41
6 22 19
22 6 23
6 23 6
23 6 11
6 24 9
24 6 14
6 25 9
25 6 16
6 26 13
26 6 22
7 8 14
8 7 14
7 9 38
9 7 46
7 10 37
10 7 54
7 11 19
11 7 33
7 12 44
12 7 34
7 13 27
13 7 40
7 14 32
14 7 22
7 15 53
15 7 51
7 16 50
16 7 41
7 17 38
17 7 41
7 19 61
19 7 50
7 20 28
20 7 40
7 21 30
21 7 50
7 22 31
22 7 26
7 23 5
23 7 6
7 24 11
24 7 14
7 25 34
25 7 27
7 26 6
26 7 11
8 9 30
9 8 36
8 10 61
10 8 46
8 11 29
11 8 24
8 12 16
12 8 30
8 13 44
13 8 45
8 14 19
14 8 28
8 15 35
15 8 46
8 16 34
16 8 30
8 17 56
17 8 39
8 19 71
19 8 52
8 20 19
20 8 26
8 21 41
21 8 37
8 22 15
22 8 12
8 23 18
23 8 16
8 24 33
24 8 25
8 25 45
25 8 34
8 26 5
26 8 7
9 10 14
10 9 12
9 11 9
11 9 13
9 12 14
12 9 21
9 13 50
13 9 48
9 14 53
14 9 41
9 15 34
15 9 23
9 16 10
16 9 8
9 17 32
17 9 27
9 19 63
19 9 44
9 20 25
20 9 25
9 21 11
21 9 13
9 22 28
22 9 26
9 23 22
23 9 43
9 24 32
24 9 48
9 25 65
25 9 45
9 26 38
26 9 43
10 11 17
11 10 22
10 12 18
12 10 23
10 13 48
13 10 46
10 14 45
14 10 44
10 15 13
15 10 16
10 16 13
16 10 20
10 17 21
17 10 24
10 19 47
19 10 39
10 20 38
20 10 37
10 21 26
21 10 24
10 22 22
22 10 37
10 23 62
23 10 50
10 24 74
24 10 53
10 25 53
25 10 47
10 26 50
26 10 53
11 12 20
12 11 14
11 13 36
13 11 40
11 14 40
14 11 30
11 15 23
15 11 26
11 16 10
16 11 10
11 17 17
17 11 23
11 19 36
19 11 40
11 20 15
20 11 23
11 21 21
21 11 20
11 22 14
22 11 16
11 23 28
23 11 31
11 24 28
24 11 36
11 25 32
25 11 35
11 26 26
26 11 31
12 13 24
13 12 27
12 14 12
14 12 21
12 15 15
15 12 17
12 16 20
16 12 23
12 17 8
17 12 10
12 19 27
19 12 26
12 20 20
20 12 37
12 21 47
21 12 33
12 22 26
22 12 27
12 23 30
23 12 29
12 24 34
24 12 30
12 25 36
25 12 25
12 26 44
26 12 36
13 14 24
14 13 18
13 15 41
15 13 32
13 16 70
16 13 50
13 17 21
17 13 22
13 19 7
19 13 14
13 20 59
20 13 61
13 21 72
21 13 59
13 22 66
22 13 49
13 23 22
23 13 34
13 24 23
24 13 27
13 25 9
25 13 13
13 26 68
26 13 48
14 15 25
15 14 35
14 16 40
16 14 40
14 17 34
17 14 24
14 19 28
19 14 29
14 20 29
20 14 48
14 21 33
21 14 50
14 22 42
22 14 34
14 23 21
23 14 16
14 24 15
24 14 11
14 25 8
25 14 6
14 26 16
26 14 30
15 16 15
16 15 30
15 17 8
17 15 11
15 19 28
19 15 23
15 20 68
20 15 47
15 21 52
21 15 37
15 22 25
22 15 41
15 23 32
23 15 46
15 24 63
24 15 46
15 25 24
25 15 36
15 26 73
26 15 53
16 17 27
17 16 31
16 19 37
19 16 48
16 20 17
20 16 18
16 21 12
21 16 10
16 22 16
22 16 19
16 23 22
23 16 39
16 24 56
24 16 45
16 25 42
25 16 45
16 26 29
26 16 37
17 19 18
19 17 17
17 20 24
20 17 46
17 21 44
21 17 40
17 22 50
22 17 37
17 23 19
23 17 36
17 24 45
24 17 35
17 25 20
25 17 25
17 26 34
26 17 45
19 20 82
20 19 63
19 21 30
21 19 57
19 22 77
22 19 53
19 23 60
23 19 44
19 24 24
24 19 39
19 25 22
25 19 26
19 26 58
26 19 57
20 21 20
21 20 17
20 22 18
22 20 15
20 23 50
23 20 41
20 24 58
24 20 49
20 25 70
25 20 54
20 26 21
26 20 32
21 22 19
22 21 25
21 23 24
23 21 48
21 24 60
24 21 55
21 25 69
25 21 55
21 26 47
26 21 44
22 23 30
23 22 26
22 24 35
24 22 34
22 25 31
25 22 40
22 26 28
26 22 19
23 24 11
24 23 9
23 25 20
25 23 21
23 26 16
26 23 16
24 25 14
25 24 14
24 26 31
26 24 25
25 26 27
26 25 36
