1 12 13 0 650

157 174

1 3 5 37 52

3 11 52 64
7 11 17 63
8 13 31 62
9 14 52 33
11 17 42 41
12 11 31 32
15 17 36 16
17 12 27 23
21 13 62 42
22 17 42 57
25 17 7 38
26 15 27 68
2 16 49 49
4 12 20 26
5 14 40 30
6 11 21 47
10 12 51 21
13 13 5 25
14 17 12 42
16 13 52 41
18 17 17 33
19 14 13 13
20 12 57 58
23 12 16 57
24 17 8 52


1 3 13
3 1 19
1 7 21
7 1 23
1 8 11
8 1 12
1 9 18
9 1 24
1 11 16
11 1 12
1 12 25
12 1 21
1 15 43
15 1 36
1 17 26
17 1 31
1 21 39
21 1 27
1 22 8
22 1 7
1 25 35
25 1 33
1 26 17
26 1 19
1 2 10
2 1 12
1 4 46
4 1 31
1 5 17
5 1 22
1 6 16
6 1 17
1 10 32
10 1 34
1 13 42
13 1 42
1 14 31
14 1 27
1 16 21
16 1 19
1 18 17
18 1 28
1 19 65
19 1 46
1 20 23
20 1 21
1 23 16
23 1 22
1 24 22
24 1 29
3 7 50
7 3 35
3 8 18
8 3 21
3 9 27
9 3 31
3 11 36
11 3 25
3 12 36
12 3 38
3 15 51
15 3 51
3 17 38
17 3 48
3 21 12
21 3 24
3 22 10
22 3 12
3 25 63
25 3 51
3 26 34
26 3 25
3 2 13
2 3 15
3 4 45
4 3 50
3 5 48
5 3 36
3 6 51
6 3 35
3 10 43
10 3 43
3 13 81
13 3 61
3 14 59
14 3 45
3 16 33
16 3 23
3 18 43
18 3 47
3 19 80
19 3 64
3 20 6
20 3 8
3 23 43
23 3 37
3 24 41
24 3 46
7 8 18
8 7 14
7 9 26
9 7 46
7 11 36
11 7 33
7 12 43
12 7 34
7 15 29
15 7 51
7 17 42
17 7 41
7 21 46
21 7 50
7 22 27
22 7 26
7 25 20
25 7 27
7 26 9
26 7 11
7 2 40
2 7 35
7 4 29
4 7 37
7 5 21
5 7 40
7 6 11
6 7 16
7 10 30
10 7 54
7 13 51
13 7 40
7 14 15
14 7 22
7 16 29
16 7 41
7 18 31
18 7 30
7 19 32
19 7 50
7 20 27
20 7 40
7 23 4
23 7 6
7 24 12
24 7 14
8 9 23
9 8 36
8 11 13
11 8 24
8 12 26
12 8 30
8 15 51
15 8 46
8 17 31
17 8 39
8 21 41
21 8 37
8 22 6
22 8 12
8 25 45
25 8 34
8 26 5
26 8 7
8 2 25
2 8 22
8 4 21
4 8 38
8 5 24
5 8 33
8 6 11
6 8 18
8 10 56
10 8 46
8 13 37
13 8 45
8 14 18
14 8 28
8 16 33
16 8 30
8 18 36
18 8 32
8 19 39
19 8 52
8 20 14
20 8 26
8 23 10
23 8 16
8 24 13
24 8 25
9 11 12
11 9 13
9 12 22
12 9 21
9 15 27
15 9 23
9 17 28
17 9 27
9 21 17
21 9 13
9 22 24
22 9 26
9 25 67
25 9 45
9 26 37
26 9 43
9 2 16
2 9 16
9 4 23
4 9 32
9 5 16
5 9 12
9 6 19
6 9 34
9 10 6
10 9 12
9 13 37
13 9 48
9 14 59
14 9 41
9 16 9
16 9 8
9 18 21
18 9 35
9 19 32
19 9 44
9 20 36
20 9 25
9 23 64
23 9 43
9 24 60
24 9 48
11 12 7
12 11 14
11 15 24
15 11 26
11 17 30
17 11 23
11 21 22
21 11 20
11 22 18
22 11 16
11 25 36
25 11 35
11 26 40
26 11 31
11 2 11
2 11 11
11 4 38
4 11 27
11 5 11
5 11 11
11 6 21
6 11 22
11 10 17
10 11 22
11 13 28
13 11 40
11 14 37
14 11 30
11 16 10
16 11 10
11 18 34
18 11 26
11 19 24
19 11 40
11 20 20
20 11 23
11 23 46
23 11 31
11 24 31
24 11 36
12 15 13
15 12 17
12 17 7
17 12 10
12 21 43
21 12 33
12 22 22
22 12 27
12 25 16
25 12 25
12 26 23
26 12 36
12 2 14
2 12 25
12 4 13
4 12 13
12 5 12
5 12 9
12 6 17
6 12 18
12 10 29
10 12 23
12 13 38
13 12 27
12 14 15
14 12 21
12 16 18
16 12 23
12 18 10
18 12 14
12 19 21
19 12 26
12 20 19
20 12 37
12 23 38
23 12 29
12 24 29
24 12 30
15 17 11
17 15 11
15 21 46
21 15 37
15 22 50
22 15 41
15 25 29
25 15 36
15 26 35
26 15 53
15 2 45
2 15 35
15 4 25
4 15 19
15 5 14
5 15 15
15 6 40
6 15 34
15 10 9
10 15 16
15 13 46
13 15 32
15 14 41
14 15 35
15 16 20
16 15 30
15 18 27
18 15 25
15 19 25
19 15 23
15 20 29
20 15 47
15 23 58
23 15 46
15 24 66
24 15 46
17 21 52
21 17 40
17 22 38
22 17 37
17 25 26
25 17 25
17 26 39
26 17 45
17 2 33
2 17 34
17 4 5
4 17 8
17 5 14
5 17 15
17 6 17
6 17 25
17 10 27
10 17 24
17 13 30
13 17 22
17 14 32
14 17 24
17 16 20
16 17 31
17 18 12
18 17 14
17 19 17
19 17 17
17 20 30
20 17 46
17 23 28
23 17 36
17 24 47
24 17 35
21 22 31
22 21 25
21 25 60
25 21 55
21 26 28
26 21 44
21 2 10
2 21 15
21 4 40
4 21 45
21 5 27
5 21 25
21 6 40
6 21 41
21 10 24
10 21 24
21 13 63
13 21 59
21 14 62
14 21 50
21 16 13
16 21 10
21 18 40
18 21 46
21 19 82
19 21 57
21 20 14
20 21 17
21 23 54
23 21 48
21 24 36
24 21 55
22 25 22
25 22 40
22 26 23
26 22 19
22 2 9
2 22 11
22 4 22
4 22 38
22 5 34
5 22 27
22 6 34
6 22 23
22 10 23
10 22 37
22 13 63
13 22 49
22 14 43
14 22 34
22 16 18
16 22 19
22 18 27
18 22 35
22 19 28
19 22 53
22 20 11
20 22 15
22 23 35
23 22 26
22 24 48
24 22 34
25 26 37
26 25 36
25 2 41
2 25 43
25 4 22
4 25 18
25 5 21
5 25 34
25 6 15
6 25 16
25 10 31
10 25 47
25 13 11
13 25 13
25 14 5
14 25 6
25 16 24
16 25 45
25 18 9
18 25 11
25 19 22
19 25 26
25 20 73
20 25 54
25 23 25
23 25 21
25 24 7
24 25 14
26 2 16
2 26 29
26 4 45
4 26 43
26 5 30
5 26 40
26 6 17
6 26 22
26 10 39
10 26 53
26 13 36
13 26 48
26 14 37
14 26 30
26 16 21
16 26 37
26 18 39
18 26 36
26 19 32
19 26 57
26 20 45
20 26 32
26 23 23
23 26 16
26 24 15
24 26 25
2 4 31
4 2 37
2 5 31
5 2 21
2 6 17
6 2 28
2 10 18
10 2 28
2 13 27
13 2 50
2 14 33
14 2 38
2 16 9
16 2 9
2 18 21
18 2 36
2 19 65
19 2 51
2 20 12
20 2 12
2 23 47
23 2 34
2 24 41
24 2 41
4 5 12
5 4 20
4 6 20
6 4 21
4 10 33
10 4 31
4 13 18
13 4 15
4 14 20
14 4 18
4 16 36
16 4 35
4 18 11
18 4 8
4 19 15
19 4 15
4 20 34
20 4 49
4 23 18
23 4 31
4 24 38
24 4 29
5 6 23
6 5 25
5 10 8
10 5 14
5 13 33
13 5 35
5 14 16
14 5 30
5 16 11
16 5 16
5 18 12
18 5 23
5 19 23
19 5 32
5 20 47
20 5 33
5 23 24
23 5 36
5 24 44
24 5 39
6 10 37
10 6 40
6 13 15
13 6 27
6 14 11
14 6 10
6 16 33
16 6 32
6 18 20
18 6 15
6 19 18
19 6 35
6 20 46
20 6 38
6 23 13
23 6 11
6 24 14
24 6 14
10 13 55
13 10 46
10 14 63
14 10 44
10 16 14
16 10 20
10 18 48
18 10 36
10 19 27
19 10 39
10 20 55
20 10 37
10 23 32
23 10 50
10 24 37
24 10 53
13 14 14
14 13 18
13 16 50
16 13 50
13 18 18
18 13 14
13 19 17
19 13 14
13 20 80
20 13 61
13 23 22
23 13 34
13 24 22
24 13 27
14 16 46
16 14 40
14 18 10
18 14 10
14 19 27
19 14 29
14 20 31
20 14 48
14 23 9
23 14 16
14 24 15
24 14 11
16 18 30
18 16 36
16 19 24
19 16 48
16 20 23
20 16 18
16 23 28
23 16 39
16 24 36
24 16 45
18 19 25
19 18 20
18 20 53
20 18 47
18 23 23
23 18 24
18 24 23
24 18 21
19 20 83
20 19 63
19 23 26
23 19 44
19 24 37
24 19 39
20 23 35
23 20 41
20 24 54
24 20 49
23 24 5
24 23 9
