1 14 42 19 5700

244 290

1 4 9 22 22

4 9 45 35
5 9 55 20
6 8 33 34
7 9 50 50
9 12 26 59
21 9 44 13
22 11 26 13
25 12 17 64
30 10 43 26
35 12 55 50
42 11 15 14
46 11 51 42
47 12 50 15
52 10 54 38
2 11 36 26
3 9 21 45
8 9 55 45
10 10 40 66
11 11 55 65
12 9 35 51
13 12 62 35
14 12 62 57
15 10 62 24
16 8 21 36
17 12 33 44
18 11 9 56
19 9 62 48
20 8 66 14
23 8 11 28
24 10 7 43
26 10 41 46
27 9 55 34
28 10 35 16
29 11 52 26
31 10 31 76
32 12 22 53
33 12 26 29
34 10 50 40
36 10 54 10
37 12 60 15
38 12 47 66
39 11 30 60
40 10 30 50
41 12 12 17
43 10 16 19
44 9 21 48
45 12 50 30
48 9 48 21
49 10 12 38
50 12 15 56
51 12 29 39
53 12 55 57
54 9 67 41
55 10 10 70
56 10 6 25
57 10 65 27

58 40 60
59 70 64
60 64 4
61 36 6
62 30 20
63 20 30
64 15 5
65 50 70
66 57 72
67 45 42
68 38 33
69 50 4
70 66 8
71 59 5
72 35 60
73 27 24
74 40 20
75 40 37
76 40 40

1 4 28
4 1 26
1 5 48
5 1 33
1 6 9
6 1 16
1 7 32
7 1 39
1 9 45
9 1 37
1 21 29
21 1 24
1 22 6
22 1 10
1 25 28
25 1 42
1 30 24
30 1 21
1 35 33
35 1 43
1 42 13
42 1 11
1 46 35
46 1 35
1 47 17
47 1 29
1 52 44
52 1 35
1 2 16
2 1 15
1 3 31
3 1 23
1 8 31
8 1 40
1 10 69
10 1 48
1 11 44
11 1 54
1 12 27
12 1 32
1 13 38
13 1 42
1 14 79
14 1 53
1 15 53
15 1 40
1 16 14
16 1 14
1 17 16
17 1 25
1 18 41
18 1 36
1 19 68
19 1 47
1 20 35
20 1 45
1 23 7
23 1 13
1 24 34
24 1 26
1 26 31
26 1 30
1 27 18
27 1 35
1 28 15
28 1 14
1 29 25
29 1 30
1 31 42
31 1 55
1 32 27
32 1 31
1 33 6
33 1 8
1 34 33
34 1 33
1 36 29
36 1 34
1 37 38
37 1 39
1 38 71
38 1 51
1 39 41
39 1 39
1 40 37
40 1 29
1 41 11
41 1 11
1 43 5
43 1 7
1 44 31
44 1 26
1 45 20
45 1 29
1 48 38
48 1 26
1 49 16
49 1 19
1 50 22
50 1 35
1 51 18
51 1 18
1 53 55
53 1 48
1 54 24
54 1 48
1 55 37
55 1 49
1 56 17
56 1 16
1 57 55
57 1 43
1 58 23
58 1 42
1 59 65
59 1 63
1 60 25
60 1 45
1 61 26
61 1 21
1 62 6
62 1 8
1 63 5
63 1 8
1 64 26
64 1 18
1 65 33
65 1 55
1 66 36
66 1 61
1 67 35
67 1 30
1 68 22
68 1 19
1 69 24
69 1 33
1 70 34
70 1 46
1 71 27
71 1 40
1 72 37
72 1 40
1 73 6
73 1 5
1 74 14
74 1 18
1 75 21
75 1 23
1 76 34
76 1 25
4 5 23
5 4 18
4 6 8
6 4 12
4 7 21
7 4 16
4 9 17
9 4 31
4 21 29
21 4 22
4 22 25
22 4 29
4 25 44
25 4 40
4 30 7
30 4 9
4 35 10
35 4 18
4 42 32
42 4 37
4 46 9
46 4 9
4 47 19
47 4 21
4 52 11
52 4 9
4 2 16
2 4 13
4 3 25
3 4 26
4 8 14
8 4 14
4 10 38
10 4 31
4 11 34
11 4 32
4 12 13
12 4 19
4 13 14
13 4 17
4 14 18
14 4 28
4 15 18
15 4 20
4 16 35
16 4 24
4 17 8
17 4 15
4 18 28
18 4 42
4 19 19
19 4 21
4 20 20
20 4 30
4 23 38
23 4 35
4 24 42
24 4 39
4 26 16
26 4 12
4 27 9
27 4 10
4 28 17
28 4 21
4 29 13
29 4 11
4 31 35
31 4 43
4 32 34
32 4 29
4 33 13
33 4 20
4 34 9
34 4 7
4 36 37
36 4 27
4 37 21
37 4 25
4 38 43
38 4 31
4 39 23
39 4 29
4 40 28
40 4 21
4 41 22
41 4 38
4 43 29
43 4 33
4 44 30
44 4 27
4 45 8
45 4 7
4 48 11
48 4 14
4 49 22
49 4 33
4 50 39
50 4 37
4 51 12
51 4 16
4 53 14
53 4 24
4 54 17
54 4 22
4 55 67
55 4 49
4 56 22
56 4 40
4 57 32
57 4 22
4 58 32
58 4 25
4 59 37
59 4 38
4 60 47
60 4 36
4 61 17
61 4 30
4 62 15
62 4 21
4 63 20
63 4 25
4 64 25
64 4 42
4 65 18
65 4 35
4 66 46
66 4 39
4 67 7
67 4 7
4 68 8
68 4 7
4 69 25
69 4 31
4 70 40
70 4 34
4 71 36
71 4 33
4 72 31
72 4 27
4 73 30
73 4 21
4 74 17
74 4 16
4 75 5
75 4 5
4 76 8
76 4 7
5 6 20
6 5 26
5 7 41
7 5 30
5 9 41
9 5 49
5 21 8
21 5 13
5 22 29
22 5 30
5 25 46
25 5 58
5 30 18
30 5 13
5 35 43
35 5 30
5 42 39
42 5 40
5 46 32
46 5 22
5 47 10
47 5 7
5 52 22
52 5 18
5 2 16
2 5 20
5 3 46
3 5 42
5 8 35
8 5 25
5 10 38
10 5 48
5 11 31
11 5 45
5 12 42
12 5 37
5 13 18
13 5 17
5 14 23
14 5 38
5 15 6
15 5 8
5 16 38
16 5 38
5 17 17
17 5 33
5 18 71
18 5 58
5 19 20
19 5 29
5 20 17
20 5 13
5 23 39
23 5 45
5 24 35
24 5 53
5 26 16
26 5 30
5 27 19
27 5 14
5 28 19
28 5 20
5 29 9
29 5 7
5 31 41
31 5 61
5 32 36
32 5 47
5 33 27
33 5 30
5 34 23
34 5 21
5 36 9
36 5 10
5 37 10
37 5 7
5 38 53
38 5 46
5 39 33
39 5 47
5 40 43
40 5 39
5 41 61
41 5 43
5 43 38
43 5 39
5 44 60
44 5 44
5 45 6
45 5 11
5 48 8
48 5 7
5 49 55
49 5 46
5 50 45
50 5 54
5 51 41
51 5 32
5 53 32
53 5 37
5 54 18
54 5 24
5 55 52
55 5 67
5 56 73
56 5 49
5 57 14
57 5 12
5 58 28
58 5 43
5 59 26
59 5 46
5 60 23
60 5 18
5 61 35
61 5 24
5 62 31
62 5 25
5 63 25
63 5 36
5 64 54
64 5 43
5 65 28
65 5 50
5 66 59
66 5 52
5 67 33
67 5 24
5 68 19
68 5 21
5 69 10
69 5 17
5 70 16
70 5 16
5 71 11
71 5 16
5 72 26
72 5 45
5 73 32
73 5 28
5 74 18
74 5 15
5 75 12
75 5 23
5 76 34
76 5 25
6 7 29
7 6 23
6 9 23
9 6 26
6 21 19
21 6 24
6 22 24
22 6 22
6 25 39
25 6 34
6 30 19
30 6 13
6 35 24
35 6 27
6 42 21
42 6 27
6 46 21
46 6 20
6 47 31
47 6 25
6 52 25
52 6 21
6 2 6
2 6 9
6 3 12
3 6 16
6 8 23
8 6 25
6 10 45
10 6 33
6 11 19
11 6 38
6 12 16
12 6 17
6 13 16
13 6 29
6 14 20
14 6 37
6 15 38
15 6 31
6 16 15
16 6 12
6 17 10
17 6 10
6 18 36
18 6 33
6 19 31
19 6 32
6 20 58
20 6 39
6 23 20
23 6 23
6 24 27
24 6 28
6 26 10
26 6 14
6 27 21
27 6 22
6 28 19
28 6 18
6 29 22
29 6 21
6 31 52
31 6 42
6 32 20
32 6 22
6 33 8
33 6 9
6 34 9
34 6 18
6 36 28
36 6 32
6 37 40
37 6 33
6 38 25
38 6 35
6 39 25
39 6 26
6 40 22
40 6 16
6 41 36
41 6 27
6 43 12
43 6 23
6 44 21
44 6 18
6 45 17
45 6 17
6 48 27
48 6 20
6 49 20
49 6 21
6 50 15
50 6 28
6 51 4
51 6 6
6 53 44
53 6 32
6 54 22
54 6 34
6 55 22
55 6 42
6 56 17
56 6 28
6 57 19
57 6 32
6 58 38
58 6 27
6 59 47
59 6 47
6 60 24
60 6 43
6 61 16
61 6 28
6 62 7
62 6 14
6 63 14
63 6 14
6 64 18
64 6 34
6 65 36
65 6 40
6 66 30
66 6 45
6 67 12
67 6 14
6 68 3
68 6 5
6 69 28
69 6 34
6 70 58
70 6 42
6 71 42
71 6 38
6 72 27
72 6 26
6 73 11
73 6 12
6 74 8
74 6 16
6 75 10
75 6 8
6 76 6
76 6 9
7 9 29
9 7 26
7 21 36
21 7 37
7 22 53
22 7 44
7 25 41
25 7 36
7 30 13
30 7 25
7 35 6
35 7 5
7 42 29
42 7 50
7 46 9
46 7 8
7 47 22
47 7 35
7 52 17
52 7 13
7 2 16
2 7 28
7 3 24
3 7 29
7 8 5
8 7 7
7 10 21
10 7 19
7 11 9
11 7 16
7 12 10
12 7 15
7 13 18
13 7 19
7 14 19
14 7 14
7 15 17
15 7 29
7 16 25
16 7 32
7 17 22
17 7 18
7 18 32
18 7 41
7 19 8
19 7 12
7 20 58
20 7 39
7 23 62
23 7 45
7 24 58
24 7 44
7 26 11
26 7 10
7 27 19
27 7 17
7 28 43
28 7 37
7 29 14
29 7 24
7 31 41
31 7 32
7 32 14
32 7 28
7 33 33
33 7 32
7 34 5
34 7 10
7 36 25
36 7 40
7 37 39
37 7 36
7 38 14
38 7 16
7 39 26
39 7 22
7 40 21
40 7 20
7 41 69
41 7 50
7 43 36
43 7 46
7 44 42
44 7 29
7 45 14
45 7 20
7 48 40
48 7 29
7 49 35
49 7 40
7 50 42
50 7 36
7 51 17
51 7 24
7 53 6
53 7 9
7 54 17
54 7 19
7 55 59
55 7 44
7 56 44
56 7 51
7 57 14
57 7 27
7 58 20
58 7 14
7 59 17
59 7 24
7 60 24
60 7 48
7 61 47
61 7 46
7 62 24
62 7 36
7 63 37
63 7 36
7 64 72
64 7 57
7 65 28
65 7 20
7 66 20
66 7 23
7 67 11
67 7 9
7 68 11
68 7 20
7 69 25
69 7 46
7 70 33
70 7 45
7 71 50
71 7 46
7 72 23
72 7 18
7 73 20
73 7 34
7 74 23
74 7 32
7 75 18
75 7 16
7 76 15
76 7 14
9 21 51
21 9 49
9 22 50
22 9 46
9 25 13
25 9 10
9 30 24
30 9 37
9 35 16
35 9 30
9 42 28
42 9 46
9 46 20
46 9 30
9 47 71
47 9 50
9 52 37
52 9 35
9 2 36
2 9 34
9 3 22
3 9 15
9 8 33
8 9 32
9 10 21
10 9 16
9 11 43
11 9 30
9 12 7
12 9 12
9 13 41
13 9 43
9 14 26
14 9 36
9 15 45
15 9 50
9 16 33
16 9 24
9 17 16
17 9 17
9 18 15
18 9 17
9 19 50
19 9 38
9 20 58
20 9 60
9 23 34
23 9 34
9 24 31
24 9 25
9 26 19
26 9 20
9 27 52
27 9 38
9 28 26
28 9 44
9 29 41
29 9 42
9 31 26
31 9 18
9 32 5
32 9 7
9 33 31
33 9 30
9 34 29
34 9 31
9 36 66
36 9 56
9 37 48
37 9 56
9 38 15
38 9 22
9 39 5
39 9 4
9 40 10
40 9 10
9 41 63
41 9 44
9 43 52
43 9 41
9 44 9
44 9 12
9 45 52
45 9 38
9 48 38
48 9 44
9 49 31
49 9 25
9 50 7
50 9 11
9 51 25
51 9 20
9 53 31
53 9 29
9 54 67
54 9 45
9 55 19
55 9 19
9 56 22
56 9 39
9 57 67
57 9 50
9 58 17
58 9 14
9 59 32
59 9 44
9 60 77
60 9 67
9 61 31
61 9 54
9 62 54
62 9 39
9 63 40
63 9 30
9 64 38
64 9 55
9 65 33
65 9 26
9 66 42
66 9 33
9 67 19
67 9 25
9 68 26
68 9 29
9 69 52
69 9 60
9 70 53
70 9 65
9 71 55
71 9 63
9 72 5
72 9 9
9 73 35
73 9 35
9 74 31
74 9 41
9 75 33
75 9 26
9 76 33
76 9 24
21 22 23
22 21 18
21 25 59
25 21 58
21 30 10
30 21 13
21 35 21
35 21 39
21 42 15
42 21 29
21 46 43
46 21 30
21 47 8
47 21 6
21 52 15
52 21 27
21 2 18
2 21 15
21 3 44
3 21 39
21 8 29
8 21 34
21 10 65
10 21 53
21 11 58
11 21 53
21 12 23
12 21 39
21 13 20
13 21 28
21 14 49
14 21 48
21 15 12
15 21 21
21 16 34
16 21 33
21 17 40
17 21 33
21 18 64
18 21 55
21 19 37
19 21 39
21 20 11
20 21 22
21 23 49
23 21 36
21 24 33
24 21 48
21 26 22
26 21 33
21 27 33
27 21 24
21 28 7
28 21 9
21 29 10
29 21 15
21 31 61
31 21 64
21 32 66
32 21 46
21 33 16
33 21 24
21 34 25
34 21 28
21 36 10
36 21 10
21 37 17
37 21 16
21 38 32
38 21 53
21 39 31
39 21 49
21 40 57
40 21 40
21 41 27
41 21 32
21 43 32
43 21 28
21 44 35
44 21 42
21 45 11
45 21 18
21 48 7
48 21 9
21 49 28
49 21 41
21 50 34
50 21 52
21 51 16
51 21 30
21 53 48
53 21 45
21 54 28
54 21 36
21 55 72
55 21 66
21 56 51
56 21 39
21 57 19
57 21 25
21 58 52
58 21 47
21 59 31
59 21 57
21 60 18
60 21 22
21 61 12
61 21 11
21 62 21
62 21 15
21 63 40
63 21 29
21 64 29
64 21 30
21 65 76
65 21 57
21 66 83
66 21 60
21 67 22
67 21 29
21 68 27
68 21 21
21 69 12
69 21 11
21 70 20
70 21 22
21 71 20
71 21 17
21 72 60
72 21 48
21 73 17
73 21 20
21 74 11
74 21 8
21 75 33
75 21 24
21 76 38
76 21 27
22 25 54
25 22 52
22 30 12
30 22 21
22 35 69
35 22 47
22 42 15
42 22 11
22 46 36
46 22 38
22 47 21
47 22 24
22 52 24
52 22 37
22 2 22
2 22 16
22 3 20
3 22 32
22 8 44
8 22 43
22 10 71
10 22 55
22 11 36
11 22 60
22 12 56
12 22 39
22 13 50
13 22 42
22 14 83
14 22 57
22 15 27
15 22 38
22 16 30
16 22 24
22 17 36
17 22 32
22 18 31
18 22 46
22 19 71
19 22 50
22 20 34
20 22 40
22 23 19
23 22 21
22 24 21
24 22 36
22 26 37
26 22 36
22 27 41
27 22 36
22 28 13
28 22 9
22 29 21
29 22 29
22 31 38
31 22 63
22 32 58
32 22 40
22 33 22
33 22 16
22 34 37
34 22 36
22 36 24
36 22 28
22 37 33
37 22 34
22 38 46
38 22 57
22 39 42
39 22 47
22 40 32
40 22 37
22 41 20
41 22 15
22 43 8
43 22 12
22 44 21
44 22 35
22 45 17
45 22 29
22 48 22
48 22 23
22 49 39
49 22 29
22 50 44
50 22 44
22 51 14
51 22 26
22 53 44
53 22 53
22 54 66
54 22 49
22 55 60
55 22 59
22 56 34
56 22 23
22 57 23
57 22 41
22 58 64
58 22 49
22 59 89
59 22 67
22 60 48
60 22 39
22 61 10
61 22 12
22 62 6
62 22 8
22 63 20
63 22 18
22 64 10
64 22 14
22 65 61
65 22 62
22 66 38
66 22 67
22 67 31
67 22 35
22 68 25
68 22 23
22 69 34
69 22 26
22 70 21
70 22 40
22 71 26
71 22 34
22 72 58
72 22 48
22 73 9
73 22 11
22 74 20
74 22 15
22 75 27
75 22 27
22 76 24
76 22 30
25 30 31
30 25 46
25 35 50
35 25 40
25 42 50
42 25 50
25 46 37
46 25 40
25 47 77
47 25 59
25 52 41
52 25 45
25 2 33
2 25 42
25 3 23
3 25 19
25 8 46
8 25 42
25 10 32
10 25 23
25 11 54
11 25 38
25 12 31
12 25 22
25 13 39
13 25 54
25 14 30
14 25 46
25 15 62
15 25 60
25 16 22
16 25 28
25 17 35
17 25 26
25 18 11
18 25 11
25 19 33
19 25 48
25 20 89
20 25 70
25 23 25
23 25 36
25 24 21
24 25 23
25 26 34
26 25 30
25 27 37
27 25 48
25 28 75
28 25 51
25 29 29
29 25 52
25 31 21
31 25 18
25 32 15
32 25 12
25 33 27
33 25 36
25 34 36
34 25 41
25 36 87
36 25 65
25 37 70
37 25 65
25 38 43
38 25 30
25 39 11
39 25 14
25 40 20
40 25 19
25 41 60
41 25 47
25 43 63
43 25 45
25 44 14
44 25 16
25 45 56
45 25 47
25 48 53
48 25 53
25 49 17
49 25 26
25 50 8
50 25 8
25 51 14
51 25 28
25 53 51
53 25 39
25 54 45
54 25 55
25 55 5
55 25 9
25 56 54
56 25 40
25 57 53
57 25 60
25 58 32
58 25 23
25 59 39
59 25 53
25 60 90
60 25 76
25 61 33
61 25 61
25 62 41
62 25 45
25 63 21
63 25 34
25 64 48
64 25 59
25 65 19
65 25 34
25 66 35
66 25 41
25 67 23
67 25 36
25 68 45
68 25 37
25 69 45
69 25 68
25 70 68
70 25 74
25 71 64
71 25 72
25 72 18
72 25 18
25 73 59
73 25 41
25 74 56
74 25 50
25 75 41
75 25 35
25 76 35
76 25 33
30 35 27
35 30 27
30 42 25
42 30 30
30 46 25
46 30 18
30 47 10
47 30 13
30 52 12
52 30 16
30 2 4
2 30 7
30 3 29
3 30 29
30 8 24
8 30 22
30 10 48
10 30 40
30 11 32
11 30 41
30 12 19
12 30 26
30 13 16
13 30 21
30 14 23
14 30 36
30 15 17
15 30 19
30 16 20
16 30 24
30 17 27
17 30 21
30 18 66
18 30 45
30 19 39
19 30 29
30 20 24
20 30 26
30 23 24
23 30 32
30 24 30
24 30 40
30 26 22
26 30 20
30 27 14
27 30 14
30 28 16
28 30 13
30 29 6
29 30 9
30 31 45
31 30 51
30 32 45
32 30 34
30 33 22
33 30 17
30 34 17
34 30 16
30 36 16
36 30 19
30 37 14
37 30 20
30 38 50
38 30 40
30 39 23
39 30 36
30 40 36
40 30 27
30 41 25
41 30 32
30 43 16
43 30 28
30 44 19
44 30 31
30 45 10
45 30 8
30 48 8
48 30 7
30 49 25
49 30 33
30 50 59
50 30 41
30 51 10
51 30 19
30 53 20
53 30 33
30 54 34
54 30 28
30 55 37
55 30 55
30 56 54
56 30 37
30 57 28
57 30 22
30 58 41
58 30 34
30 59 69
59 30 47
30 60 39
60 30 30
30 61 14
61 30 21
30 62 16
62 30 14
30 63 27
63 30 23
30 64 47
64 30 35
30 65 43
65 30 45
30 66 26
66 30 48
30 67 17
67 30 16
30 68 6
68 30 9
30 69 16
69 30 23
30 70 36
70 30 29
30 71 19
71 30 26
30 72 18
72 30 35
30 73 21
73 30 16
30 74 10
74 30 7
30 75 10
75 30 11
30 76 17
76 30 14
35 42 47
42 35 54
35 46 6
46 35 9
35 47 33
47 35 35
35 52 6
52 35 12
35 2 40
2 35 31
35 3 34
3 35 34
35 8 7
8 35 5
35 10 23
10 35 22
35 11 21
11 35 15
35 12 24
12 35 20
35 13 14
13 35 17
35 14 9
14 35 10
35 15 34
15 35 27
35 16 39
16 35 37
35 17 17
17 35 23
35 18 51
18 35 46
35 19 7
19 35 7
35 20 28
20 35 38
35 23 69
23 35 49
35 24 53
24 35 49
35 26 8
26 35 15
35 27 8
27 35 16
35 28 36
28 35 39
35 29 16
29 35 24
35 31 39
31 35 35
35 32 27
32 35 33
35 33 32
33 35 36
35 34 12
34 35 11
35 36 53
36 35 40
35 37 28
37 35 35
35 38 11
38 35 18
35 39 40
39 35 27
35 40 16
40 35 25
35 41 33
41 35 54
35 43 34
43 35 50
35 44 21
44 35 34
35 45 17
45 35 21
35 48 22
48 35 30
35 49 65
49 35 45
35 50 30
50 35 40
35 51 14
51 35 28
35 53 6
53 35 7
35 54 22
54 35 15
35 55 56
55 35 49
35 56 61
56 35 55
35 57 29
57 35 25
35 58 9
58 35 18
35 59 30
59 35 21
35 60 66
60 35 47
35 61 28
61 35 48
35 62 43
62 35 39
35 63 36
63 35 40
35 64 48
64 35 60
35 65 13
65 35 21
35 66 13
66 35 22
35 67 9
67 35 13
35 68 13
68 35 24
35 69 64
69 35 46
35 70 46
70 35 43
35 71 34
71 35 45
35 72 25
72 35 22
35 73 41
73 35 38
35 74 30
74 35 34
35 75 27
75 35 20
35 76 12
76 35 18
42 46 46
46 42 46
42 47 36
47 42 35
42 52 38
52 42 46
42 2 12
2 42 24
42 3 37
3 42 32
42 8 27
8 42 51
42 10 30
10 42 58
42 11 61
11 42 65
42 12 40
12 42 42
42 13 74
13 42 51
42 14 51
14 42 64
42 15 56
15 42 48
42 16 33
16 42 23
42 17 52
17 42 35
42 18 57
18 42 42
42 19 70
19 42 58
42 20 63
20 42 51
42 23 9
23 42 15
42 24 24
24 42 30
42 26 38
26 42 41
42 27 38
27 42 44
42 28 17
28 42 20
42 29 24
29 42 39
42 31 47
31 42 64
42 32 40
32 42 40
42 33 16
33 42 19
42 34 27
34 42 44
42 36 40
36 42 39
42 37 26
37 42 45
42 38 67
38 42 61
42 39 69
39 42 48
42 40 43
40 42 39
42 41 4
41 42 4
42 43 6
43 42 5
42 44 29
44 42 34
42 45 46
45 42 38
42 48 39
48 42 34
42 49 22
49 42 24
42 50 37
50 42 42
42 51 25
51 42 29
42 53 68
53 42 59
42 54 86
54 42 58
42 55 75
55 42 56
42 56 9
56 42 14
42 57 46
57 42 52
42 58 55
58 42 52
42 59 101
59 42 74
42 60 30
60 42 50
42 61 13
61 42 22
42 62 13
62 42 16
42 63 9
63 42 17
42 64 12
64 42 9
42 65 75
65 42 66
42 66 49
66 42 72
42 67 40
67 42 41
42 68 31
68 42 30
42 69 47
69 42 36
42 70 61
70 42 51
42 71 26
71 42 45
42 72 51
72 42 50
42 73 11
73 42 16
42 74 23
74 42 26
42 75 37
75 42 34
42 76 41
76 42 36
46 47 40
47 46 27
46 52 5
52 46 5
46 2 27
2 46 22
46 3 15
3 46 30
46 8 4
8 46 5
46 10 16
10 46 26
46 11 24
11 46 23
46 12 16
12 46 18
46 13 19
13 46 13
46 14 21
14 46 19
46 15 16
15 46 21
46 16 18
16 46 31
46 17 22
17 46 18
46 18 22
18 46 44
46 19 17
19 46 13
46 20 20
20 46 32
46 23 36
23 46 42
46 24 61
24 46 44
46 26 16
26 46 11
46 27 7
27 46 9
46 28 20
28 46 30
46 29 18
29 46 16
46 31 27
31 46 39
46 32 38
32 46 31
46 33 25
33 46 28
46 34 1
34 46 2
46 36 28
36 46 32
46 37 31
37 46 28
46 38 25
38 46 24
46 39 27
39 46 28
46 40 24
40 46 22
46 41 43
41 46 46
46 43 33
43 46 42
46 44 28
44 46 31
46 45 8
45 46 12
46 48 27
48 46 21
46 49 37
49 46 39
46 50 38
50 46 39
46 51 22
51 46 22
46 53 15
53 46 16
46 54 22
54 46 16
46 55 56
55 46 50
46 56 59
56 46 48
46 57 13
57 46 21
46 58 24
58 46 21
46 59 17
59 46 29
46 60 52
60 46 40
46 61 31
61 46 39
46 62 40
62 46 30
46 63 44
63 46 33
46 64 55
64 46 51
46 65 26
65 46 28
46 66 23
66 46 31
46 67 5
67 46 6
46 68 14
68 46 16
46 69 40
69 46 38
46 70 31
70 46 37
46 71 40
71 46 38
46 72 31
72 46 24
46 73 18
73 46 30
46 74 14
74 46 25
46 75 17
75 46 12
46 76 12
76 46 11
47 52 31
52 47 23
47 2 16
2 47 18
47 3 49
3 47 41
47 8 27
8 47 30
47 10 42
10 47 52
47 11 68
11 47 50
47 12 32
12 47 39
47 13 33
13 47 23
47 14 46
14 47 44
47 15 14
15 47 15
47 16 22
16 47 36
47 17 30
17 47 34
47 18 86
18 47 58
47 19 27
19 47 35
47 20 8
20 47 16
47 23 32
23 47 41
47 24 45
24 47 51
47 26 32
26 47 32
47 27 25
27 47 20
47 28 14
28 47 15
47 29 13
29 47 11
47 31 66
31 47 64
47 32 33
32 47 47
47 33 25
33 47 28
47 34 23
34 47 25
47 36 5
36 47 6
47 37 12
37 47 10
47 38 28
38 47 51
47 39 73
39 47 49
47 40 38
40 47 40
47 41 45
41 47 38
47 43 23
43 47 34
47 44 23
44 47 44
47 45 18
45 47 15
47 48 3
48 47 6
47 49 53
49 47 44
47 50 64
50 47 54
47 51 17
51 47 32
47 53 28
53 47 42
47 54 28
54 47 31
47 55 82
55 47 68
47 56 48
56 47 45
47 57 11
57 47 19
47 58 44
58 47 46
47 59 53
59 47 53
47 60 17
60 47 18
47 61 11
61 47 17
47 62 21
62 47 21
47 63 20
63 47 34
47 64 19
64 47 36
47 65 51
65 47 55
47 66 63
66 47 57
47 67 40
67 47 27
47 68 16
68 47 22
47 69 6
69 47 11
47 70 21
70 47 17
47 71 17
71 47 13
47 72 51
72 47 47
47 73 33
73 47 25
47 74 10
74 47 11
47 75 19
75 47 24
47 76 38
76 47 27
52 2 28
2 52 22
52 3 40
3 52 33
52 8 9
8 52 7
52 10 38
10 52 31
52 11 34
11 52 27
52 12 32
12 52 23
52 13 13
13 52 9
52 14 29
14 52 21
52 15 13
15 52 16
52 16 37
16 52 33
52 17 26
17 52 21
52 18 35
18 52 48
52 19 9
19 52 13
52 20 38
20 52 27
52 23 59
23 52 44
52 24 34
24 52 47
52 26 11
26 52 15
52 27 4
27 52 4
52 28 25
28 52 29
52 29 17
29 52 12
52 31 51
31 52 44
52 32 34
32 52 35
52 33 21
33 52 29
52 34 3
34 52 4
52 36 32
36 52 28
52 37 16
37 52 24
52 38 18
38 52 29
52 39 42
39 52 33
52 40 31
40 52 27
52 41 68
41 52 46
52 43 46
43 52 42
52 44 34
44 52 34
52 45 11
45 52 9
52 48 26
48 52 18
52 49 54
49 52 42
52 50 56
50 52 43
52 51 29
51 52 25
52 53 16
53 52 19
52 54 12
54 52 13
52 55 72
55 52 54
52 56 54
56 52 50
52 57 16
57 52 16
52 58 13
58 52 26
52 59 19
59 52 31
52 60 22
60 52 35
52 61 19
61 52 37
52 62 19
62 52 30
52 63 18
63 52 35
52 64 75
64 52 51
52 65 42
65 52 32
52 66 20
66 52 34
52 67 5
67 52 10
52 68 15
68 52 17
52 69 20
69 52 34
52 70 38
70 52 32
52 71 31
71 52 33
52 72 20
72 52 29
52 73 34
73 52 30
52 74 29
74 52 23
52 75 18
75 52 14
52 76 7
76 52 14
2 3 33
3 2 24
2 8 25
8 2 27
2 10 36
10 2 40
2 11 36
11 2 43
2 12 20
12 2 25
2 13 35
13 2 28
2 14 24
14 2 40
2 15 20
15 2 26
2 16 12
16 2 18
2 17 14
17 2 18
2 18 37
18 2 40
2 19 40
19 2 34
2 20 33
20 2 32
2 23 19
23 2 25
2 24 29
24 2 34
2 26 26
26 2 21
2 27 26
27 2 21
2 28 10
28 2 10
2 29 8
29 2 16
2 31 44
31 2 50
2 32 31
32 2 30
2 33 6
33 2 10
2 34 20
34 2 20
2 36 20
36 2 24
2 37 34
37 2 26
2 38 23
38 2 41
2 39 18
39 2 34
2 40 26
40 2 25
2 41 20
41 2 26
2 43 16
43 2 21
2 44 35
44 2 27
2 45 16
45 2 15
2 48 17
48 2 13
2 49 18
49 2 27
2 50 42
50 2 37
2 51 10
51 2 15
2 53 42
53 2 36
2 54 38
54 2 34
2 55 34
55 2 51
2 56 18
56 2 30
2 57 19
57 2 29
2 58 33
58 2 34
2 59 26
59 2 51
2 60 49
60 2 36
2 61 21
61 2 20
2 62 9
62 2 8
2 63 8
63 2 16
2 64 40
64 2 29
2 65 31
65 2 46
2 66 52
66 2 50
2 67 25
67 2 18
2 68 4
68 2 7
2 69 24
69 2 26
2 70 48
70 2 35
2 71 39
71 2 31
2 72 41
72 2 34
2 73 8
73 2 9
2 74 5
74 2 7
2 75 6
75 2 11
2 76 8
76 2 14
3 8 21
8 3 34
3 10 41
10 3 28
3 11 47
11 3 39
3 12 11
12 3 15
3 13 37
13 3 42
3 14 63
14 3 43
3 15 61
15 3 46
3 16 7
16 3 9
3 17 17
17 3 12
3 18 20
18 3 16
3 19 28
19 3 41
3 20 39
20 3 55
3 23 18
23 3 20
3 24 9
24 3 14
3 26 22
26 3 20
3 27 25
27 3 36
3 28 31
28 3 32
3 29 43
29 3 36
3 31 19
31 3 33
3 32 5
32 3 8
3 33 12
33 3 17
3 34 36
34 3 29
3 36 70
36 3 48
3 37 65
37 3 49
3 38 26
38 3 33
3 39 19
39 3 17
3 40 13
40 3 10
3 41 18
41 3 29
3 43 24
43 3 26
3 44 3
44 3 3
3 45 20
45 3 33
3 48 48
48 3 36
3 49 14
49 3 11
3 50 18
50 3 13
3 51 9
51 3 10
3 53 22
53 3 36
3 54 63
54 3 46
3 55 33
55 3 27
3 56 32
56 3 25
3 57 36
57 3 48
3 58 24
58 3 24
3 59 67
59 3 52
3 60 43
60 3 59
3 61 33
61 3 42
3 62 36
62 3 27
3 63 17
63 3 15
3 64 52
64 3 40
3 65 54
65 3 38
3 66 62
66 3 45
3 67 29
67 3 24
3 68 31
68 3 21
3 69 27
69 3 50
3 70 55
70 3 58
3 71 78
71 3 54
3 72 21
72 3 21
3 73 15
73 3 22
3 74 26
74 3 31
3 75 29
75 3 21
3 76 12
76 3 20
8 10 16
10 8 26
8 11 20
11 8 20
8 12 27
12 8 21
8 13 6
13 8 12
8 14 13
14 8 14
8 15 17
15 8 22
8 16 51
16 8 35
8 17 18
17 8 22
8 18 32
18 8 47
8 19 7
19 8 8
8 20 29
20 8 33
8 23 32
23 8 47
8 24 52
24 8 48
8 26 17
26 8 14
8 27 8
27 8 11
8 28 31
28 8 35
8 29 16
29 8 19
8 31 29
31 8 39
8 32 36
32 8 34
8 33 44
33 8 33
8 34 10
34 8 7
8 36 26
36 8 35
8 37 23
37 8 30
8 38 14
38 8 22
8 39 27
39 8 29
8 40 27
40 8 25
8 41 30
41 8 51
8 43 48
43 8 47
8 44 39
44 8 34
8 45 23
45 8 16
8 48 22
48 8 25
8 49 54
49 8 44
8 50 39
50 8 41
8 51 18
51 8 27
8 53 15
53 8 12
8 54 9
54 8 13
8 55 54
55 8 51
8 56 74
56 8 53
8 57 19
57 8 21
8 58 18
58 8 21
8 59 28
59 8 24
8 60 43
60 8 42
8 61 33
61 8 43
8 62 28
62 8 35
8 63 28
63 8 38
8 64 29
64 8 56
8 65 22
65 8 25
8 66 27
66 8 27
8 67 13
67 8 10
8 68 18
68 8 21
8 69 35
69 8 41
8 70 50
70 8 38
8 71 44
71 8 40
8 72 26
72 8 25
8 73 23
73 8 35
8 74 40
74 8 29
8 75 18
75 8 17
8 76 17
76 8 15
10 11 21
11 10 15
10 12 18
12 10 16
10 13 50
13 10 38
10 14 19
14 10 24
10 15 44
15 10 47
10 16 24
16 10 36
10 17 23
17 10 23
10 18 43
18 10 33
10 19 39
19 10 28
10 20 85
20 10 58
10 23 54
23 10 48
10 24 35
24 10 40
10 26 16
26 10 20
10 27 42
27 10 35
10 28 68
28 10 50
10 29 36
29 10 42
10 31 15
31 10 13
10 32 30
32 10 22
10 33 30
33 10 40
10 34 16
34 10 28
10 36 60
36 10 58
10 37 82
37 10 55
10 38 5
38 10 7
10 39 7
39 10 12
10 40 14
40 10 19
10 41 34
41 10 56
10 43 76
43 10 53
10 44 38
44 10 26
10 45 48
45 10 37
10 48 68
48 10 46
10 49 45
49 10 39
10 50 30
50 10 27
10 51 15
51 10 29
10 53 22
53 10 17
10 54 48
54 10 37
10 55 27
55 10 30
10 56 58
56 10 53
10 57 61
57 10 46
10 58 5
58 10 6
10 59 42
59 10 30
10 60 53
60 10 66
10 61 64
61 10 60
10 62 60
62 10 47
10 63 21
63 10 41
10 64 56
64 10 66
10 65 13
65 10 11
10 66 11
66 10 18
10 67 13
67 10 25
10 68 26
68 10 33
10 69 47
69 10 63
10 70 68
70 10 63
10 71 52
71 10 64
10 72 5
72 10 8
10 73 29
73 10 44
10 74 68
74 10 46
10 75 17
75 10 29
10 76 37
76 10 26
11 12 15
12 11 24
11 13 27
13 11 31
11 14 6
14 11 11
11 15 27
15 11 42
11 16 25
16 11 45
11 17 30
17 11 30
11 18 43
18 11 47
11 19 25
19 11 18
11 20 43
20 11 52
11 23 53
23 11 57
11 24 29
24 11 53
11 26 19
26 11 24
11 27 16
27 11 31
11 28 39
28 11 53
11 29 36
29 11 39
11 31 19
31 11 26
11 32 25
32 11 35
11 33 63
33 11 46
11 34 19
34 11 25
11 36 43
36 11 55
11 37 70
37 11 50
11 38 5
38 11 8
11 39 36
39 11 25
11 40 31
40 11 29
11 41 81
41 11 64
11 43 67
43 11 60
11 44 26
44 11 38
11 45 44
45 11 35
11 48 25
48 11 44
11 49 64
49 11 50
11 50 22
50 11 41
11 51 28
51 11 36
11 53 9
53 11 8
11 54 14
54 11 27
11 55 55
55 11 45
11 56 55
56 11 63
11 57 46
57 11 39
11 58 16
58 11 16
11 59 20
59 11 15
11 60 77
60 11 62
11 61 57
61 11 62
11 62 50
62 11 51
11 63 63
63 11 49
11 64 78
64 11 72
11 65 7
65 11 7
11 66 8
66 11 7
11 67 37
67 11 25
11 68 34
68 11 36
11 69 40
69 11 61
11 70 33
70 11 58
11 71 54
71 11 60
11 72 28
72 11 21
11 73 68
73 11 50
11 74 54
74 11 47
11 75 37
75 11 32
11 76 37
76 11 29
12 13 29
13 12 31
12 14 23
14 12 28
12 15 56
15 12 38
12 16 17
16 12 21
12 17 5
17 12 7
12 18 22
18 12 26
12 19 25
19 12 27
12 20 53
20 12 48
12 23 24
23 12 33
12 24 33
24 12 29
12 26 9
26 12 8
12 27 14
27 12 26
12 28 37
28 12 35
12 29 19
29 12 30
12 31 23
31 12 25
12 32 9
32 12 13
12 33 25
33 12 24
12 34 25
34 12 19
12 36 61
36 12 45
12 37 30
37 12 44
12 38 10
38 12 19
12 39 7
39 12 10
12 40 5
40 12 5
12 41 38
41 12 41
12 43 20
43 12 37
12 44 13
44 12 14
12 45 36
45 12 26
12 48 31
48 12 33
12 49 15
49 12 26
12 50 26
50 12 21
12 51 15
51 12 13
12 53 12
53 12 21
12 54 29
54 12 34
12 55 20
55 12 31
12 56 33
56 12 39
12 57 39
57 12 38
12 58 13
58 12 10
12 59 34
59 12 37
12 60 63
60 12 55
12 61 27
61 12 45
12 62 32
62 12 31
12 63 15
63 12 26
12 64 62
64 12 50
12 65 30
65 12 24
12 66 42
66 12 30
12 67 19
67 12 13
12 68 13
68 12 18
12 69 64
69 12 49
12 70 27
70 12 53
12 71 62
71 12 52
12 72 12
72 12 9
12 73 35
73 12 28
12 74 25
74 12 31
12 75 8
75 12 15
12 76 8
76 12 12
13 14 18
14 13 22
13 15 15
15 13 11
13 16 60
16 13 41
13 17 28
17 13 30
13 18 35
18 13 57
13 19 13
19 13 13
13 20 12
20 13 21
13 23 51
23 13 51
13 24 62
24 13 56
13 26 24
26 13 24
13 27 10
27 13 7
13 28 45
28 13 33
13 29 14
29 13 13
13 31 65
31 13 51
13 32 51
32 13 44
13 33 41
33 13 36
13 34 15
34 13 13
13 36 13
36 13 26
13 37 13
37 13 20
13 38 27
38 13 34
13 39 44
39 13 41
13 40 25
40 13 35
13 41 37
41 13 53
13 43 71
43 13 49
13 44 50
44 13 43
13 45 7
45 13 13
13 48 27
48 13 19
13 49 47
49 13 50
13 50 29
50 13 51
13 51 44
51 13 33
13 53 14
53 13 23
13 54 11
54 13 8
13 55 45
55 13 63
13 56 55
56 13 56
13 57 9
57 13 9
13 58 20
58 13 33
13 59 24
59 13 30
13 60 16
60 13 31
13 61 51
61 13 38
13 62 32
62 13 35
13 63 59
63 13 42
13 64 68
64 13 56
13 65 45
65 13 37
13 66 20
66 13 37
13 67 16
67 13 18
13 68 30
68 13 24
13 69 18
69 13 33
13 70 37
70 13 27
13 71 19
71 13 30
13 72 49
72 13 37
13 73 39
73 13 37
13 74 17
74 13 26
13 75 25
75 13 22
13 76 15
76 13 23
14 15 35
15 14 33
14 16 24
16 14 46
14 17 42
17 14 32
14 18 43
18 14 53
14 19 12
19 14 9
14 20 55
20 14 43
14 23 44
23 14 59
14 24 55
24 14 57
14 26 30
26 14 24
14 27 26
27 14 24
14 28 35
28 14 49
14 29 38
29 14 33
14 31 20
31 14 36
14 32 44
32 14 40
14 33 51
33 14 46
14 34 27
34 14 21
14 36 60
36 14 48
14 37 44
37 14 42
14 38 24
38 14 17
14 39 41
39 14 32
14 40 33
40 14 33
14 41 89
41 14 64
14 43 74
43 14 60
14 44 53
44 14 42
14 45 22
45 14 30
14 48 34
48 14 39
14 49 73
49 14 53
14 50 43
50 14 47
14 51 29
51 14 38
14 53 7
53 14 7
14 54 16
54 14 17
14 55 62
55 14 54
14 56 69
56 14 64
14 57 43
57 14 30
14 58 32
58 14 22
14 59 6
59 14 11
14 60 65
60 14 53
14 61 85
61 14 57
14 62 32
62 14 49
14 63 53
63 14 50
14 64 84
64 14 70
14 65 26
65 14 18
14 66 17
66 14 16
14 67 32
67 14 23
14 68 30
68 14 34
14 69 73
69 14 54
14 70 41
70 14 49
14 71 68
71 14 52
14 72 29
72 14 27
14 73 45
73 14 48
14 74 63
74 14 43
14 75 26
75 14 30
14 76 33
76 14 28
15 16 28
16 15 43
15 17 23
17 15 35
15 18 72
18 15 62
15 19 24
19 15 24
15 20 8
20 15 11
15 23 61
23 15 51
15 24 65
24 15 58
15 26 19
26 15 30
15 27 17
27 15 12
15 28 30
28 15 28
15 29 13
29 15 10
15 31 49
31 15 60
15 32 32
32 15 49
15 33 41
33 15 36
15 34 10
34 15 20
15 36 13
36 15 16
15 37 9
37 15 9
15 38 49
38 15 45
15 39 46
39 15 48
15 40 23
40 15 41
15 41 29
41 15 50
15 43 31
43 15 46
15 44 31
44 15 48
15 45 10
45 15 13
15 48 14
48 15 14
15 49 64
49 15 52
15 50 38
50 15 57
15 51 39
51 15 36
15 53 29
53 15 34
15 54 9
54 15 18
15 55 42
55 15 69
15 56 79
56 15 56
15 57 5
57 15 4
15 58 42
58 15 42
15 59 54
59 15 41
15 60 16
60 15 20
15 61 21
61 15 32
15 62 29
62 15 32
15 63 28
63 15 42
15 64 44
64 15 51
15 65 59
65 15 48
15 66 26
66 15 48
15 67 28
67 15 25
15 68 25
68 15 25
15 69 17
69 15 23
15 70 23
70 15 16
15 71 15
71 15 19
15 72 30
72 15 45
15 73 38
73 15 35
15 74 29
74 15 22
15 75 27
75 15 25
15 76 18
76 15 27
16 17 13
17 16 14
16 18 29
18 16 23
16 19 36
19 16 43
16 20 67
20 16 50
16 23 12
23 16 13
16 24 15
24 16 16
16 26 26
26 16 22
16 27 24
27 16 34
16 28 33
28 16 24
16 29 18
29 16 33
16 31 30
31 16 41
16 32 10
32 16 17
16 33 9
33 16 9
16 34 17
34 16 29
16 36 37
36 16 42
16 37 49
37 16 44
16 38 20
38 16 40
16 39 34
39 16 26
16 40 9
40 16 17
16 41 31
41 16 21
16 43 23
43 16 18
16 44 14
44 16 12
16 45 30
45 16 30
16 48 19
48 16 31
16 49 5
49 16 9
16 50 20
50 16 21
16 51 8
51 16 9
16 53 31
53 16 40
16 54 39
54 16 46
16 55 35
55 16 36
16 56 28
56 16 19
16 57 26
57 16 45
16 58 31
58 16 31
16 59 58
59 16 56
16 60 60
60 16 54
16 61 23
61 16 34
16 62 13
62 16 18
16 63 7
63 16 6
16 64 36
64 16 31
16 65 39
65 16 45
16 66 46
66 16 51
16 67 19
67 16 25
16 68 10
68 16 17
16 69 37
69 16 43
16 70 57
70 16 53
16 71 61
71 16 49
16 72 35
72 16 28
16 73 17
73 16 13
16 74 19
74 16 25
16 75 25
75 16 19
16 76 26
76 16 19
17 18 34
18 17 27
17 19 34
19 17 29
17 20 59
20 17 45
17 23 26
23 17 27
17 24 32
24 17 26
17 26 8
26 17 8
17 27 20
27 17 24
17 28 31
28 17 28
17 29 18
29 17 26
17 31 47
31 17 32
17 32 12
32 17 14
17 33 21
33 17 17
17 34 15
34 17 17
17 36 28
36 17 40
17 37 53
37 17 40
17 38 20
38 17 26
17 39 20
39 17 16
17 40 6
40 17 7
17 41 32
41 17 34
17 43 37
43 17 30
17 44 18
44 17 13
17 45 18
45 17 22
17 48 28
48 17 27
17 49 22
49 17 22
17 50 26
50 17 22
17 51 3
51 17 6
17 53 13
53 17 26
17 54 24
54 17 34
17 55 31
55 17 35
17 56 18
56 17 33
17 57 42
57 17 36
17 58 21
58 17 17
17 59 27
59 17 42
17 60 57
60 17 50
17 61 51
61 17 38
17 62 16
62 17 24
17 63 11
63 17 19
17 64 23
64 17 43
17 65 39
65 17 31
17 66 34
66 17 37
17 67 16
67 17 12
17 68 13
68 17 12
17 69 43
69 17 43
17 70 65
70 17 49
17 71 27
71 17 46
17 72 14
72 17 16
17 73 15
73 17 21
17 74 26
74 17 25
17 75 14
75 17 10
17 76 4
76 17 8
18 19 60
19 18 54
18 20 85
20 18 71
18 23 33
23 18 28
18 24 16
24 18 13
18 26 29
26 18 34
18 27 64
27 18 51
18 28 26
28 18 48
18 29 36
29 18 52
18 31 38
31 18 29
18 32 8
32 18 13
18 33 19
33 18 32
18 34 45
34 18 44
18 36 56
36 18 64
18 37 42
37 18 65
18 38 35
38 18 39
18 39 22
39 18 21
18 40 16
40 18 22
18 41 41
41 18 39
18 43 51
43 18 38
18 44 7
44 18 14
18 45 38
45 18 48
18 48 72
48 18 52
18 49 13
49 18 18
18 50 5
50 18 6
18 51 33
51 18 26
18 53 51
53 18 46
18 54 63
54 18 60
18 55 18
55 18 14
18 56 44
56 18 31
18 57 38
57 18 63
18 58 38
58 18 31
18 59 71
59 18 61
18 60 62
60 18 75
18 61 60
61 18 57
18 62 57
62 18 42
18 63 41
63 18 28
18 64 76
64 18 51
18 65 44
65 18 43
18 66 59
66 18 50
18 67 29
67 18 38
18 68 43
68 18 37
18 69 48
69 18 66
18 70 58
70 18 74
18 71 74
71 18 71
18 72 18
72 18 26
18 73 45
73 18 37
18 74 34
74 18 48
18 75 24
75 18 36
18 76 37
76 18 35
19 20 44
20 19 34
19 23 74
23 19 55
19 24 34
24 19 55
19 26 28
26 19 21
19 27 22
27 19 16
19 28 27
28 19 42
19 29 31
29 19 24
19 31 31
31 19 42
19 32 51
32 19 40
19 33 45
33 19 41
19 34 12
34 19 14
19 36 31
36 19 39
19 37 19
37 19 33
19 38 25
38 19 23
19 39 25
39 19 34
19 40 33
40 19 32
19 41 31
41 19 58
19 43 67
43 19 54
19 44 53
44 19 41
19 45 31
45 19 22
19 48 19
48 19 30
19 49 63
49 19 51
19 50 30
50 19 47
19 51 19
51 19 34
19 53 10
53 19 11
19 54 12
54 19 9
19 55 76
55 19 56
19 56 67
56 19 60
19 57 16
57 19 21
19 58 32
58 19 25
19 59 24
59 19 18
19 60 40
60 19 44
19 61 33
61 19 49
19 62 42
62 19 42
19 63 62
63 19 46
19 64 78
64 19 63
19 65 15
65 19 25
19 66 31
66 19 25
19 67 12
67 19 18
19 68 39
68 19 28
19 69 25
69 19 46
19 70 24
70 19 40
19 71 36
71 19 43
19 72 32
72 19 29
19 73 57
73 19 42
19 74 49
74 19 36
19 75 33
75 19 24
19 76 20
76 19 23
20 23 52
23 20 57
20 24 78
24 20 66
20 26 31
26 20 41
20 27 24
27 20 23
20 28 31
28 20 31
20 29 19
29 20 18
20 31 49
31 20 71
20 32 54
32 20 58
20 33 23
33 20 43
20 34 46
34 20 31
20 36 16
36 20 13
20 37 8
37 20 6
20 38 61
38 20 55
20 39 62
39 20 58
20 40 66
40 20 51
20 41 59
41 20 54
20 43 26
43 20 50
20 44 34
44 20 56
20 45 18
45 20 22
20 48 18
48 20 19
20 49 56
49 20 59
20 50 98
50 20 66
20 51 58
51 20 44
20 53 63
53 20 44
20 54 39
54 20 27
20 55 99
55 20 79
20 56 52
56 20 61
20 57 12
57 20 13
20 58 28
58 20 53
20 59 52
59 20 50
20 60 7
60 20 10
20 61 16
61 20 31
20 62 33
62 20 36
20 63 33
63 20 48
20 64 48
64 20 52
20 65 77
65 20 58
20 66 38
66 20 59
20 67 33
67 20 35
20 68 45
68 20 34
20 69 25
69 20 19
20 70 4
70 20 6
20 71 12
71 20 11
20 72 38
72 20 55
20 73 51
73 20 40
20 74 28
74 20 27
20 75 44
75 20 34
20 76 42
76 20 36
23 24 20
24 23 16
23 26 24
26 23 35
23 27 24
27 23 44
23 28 26
28 23 27
23 29 52
29 23 41
23 31 32
31 23 52
23 32 32
32 23 27
23 33 19
33 23 15
23 34 32
34 23 41
23 36 54
36 23 47
23 37 29
37 23 51
23 38 63
38 23 52
23 39 21
39 23 37
23 40 36
40 23 29
23 41 13
41 23 11
23 43 10
43 23 10
23 44 25
44 23 22
23 45 56
45 23 39
23 48 22
48 23 38
23 49 6
49 23 10
23 50 39
50 23 28
23 51 31
51 23 21
23 53 77
53 23 53
23 54 63
54 23 57
23 55 26
55 23 42
23 56 3
56 23 6
23 57 48
57 23 54
23 58 47
58 23 43
23 59 94
59 23 69
23 60 52
60 23 58
23 61 18
61 23 33
23 62 12
62 23 21
23 63 7
63 23 9
23 64 32
64 23 23
23 65 62
65 23 57
23 66 38
66 23 64
23 67 42
67 23 37
23 68 39
68 23 27
23 69 58
69 23 46
23 70 35
70 23 58
23 71 61
71 23 53
23 72 37
72 23 40
23 73 16
73 23 16
23 74 28
74 23 30
23 75 43
75 23 30
23 76 36
76 23 31
24 26 40
26 24 34
24 27 65
27 24 49
24 28 32
28 24 39
24 29 37
29 24 48
24 31 44
31 24 41
24 32 17
32 24 18
24 33 24
33 24 24
24 34 37
34 24 43
24 36 39
36 24 57
24 37 67
37 24 60
24 38 37
38 24 46
24 39 18
39 24 29
24 40 18
40 24 24
24 41 27
41 24 26
24 43 18
43 24 26
24 44 15
44 24 15
24 45 47
45 24 45
24 48 42
48 24 47
24 49 6
49 24 7
24 50 20
50 24 15
24 51 31
51 24 22
24 53 47
53 24 50
24 54 47
54 24 60
24 55 27
55 24 27
24 56 12
56 24 18
24 57 41
57 24 60
24 58 33
58 24 37
24 59 94
59 24 66
24 60 35
60 24 69
24 61 69
61 24 47
24 62 44
62 24 32
24 63 14
63 24 18
24 64 44
64 24 38
24 65 64
65 24 51
24 66 73
66 24 58
24 67 19
67 24 38
24 68 45
68 24 33
24 69 36
69 24 58
24 70 47
70 24 68
24 71 57
71 24 64
24 72 38
72 24 33
24 73 22
73 24 27
24 74 29
74 24 40
24 75 49
75 24 33
24 76 33
76 24 33
26 27 12
27 26 18
26 28 43
28 26 31
26 29 15
29 26 23
26 31 37
31 26 32
26 32 20
32 26 20
26 33 30
33 26 23
26 34 11
34 26 11
26 36 51
36 26 38
26 37 30
37 26 36
26 38 30
38 26 21
26 39 14
39 26 18
26 40 14
40 26 12
26 41 36
41 26 41
26 43 31
43 26 37
26 44 15
44 26 20
26 45 9
45 26 18
26 48 18
48 26 26
26 49 36
49 26 30
26 50 38
50 26 28
26 51 9
51 26 14
26 53 21
53 26 18
26 54 35
54 26 26
26 55 23
55 26 39
26 56 41
56 26 41
26 57 16
57 26 30
26 58 19
58 26 14
26 59 40
59 26 34
26 60 37
60 26 48
26 61 25
61 26 40
26 62 30
62 26 28
26 63 30
63 26 26
26 64 51
64 26 49
26 65 16
65 26 26
26 66 35
66 26 31
26 67 5
67 26 6
26 68 16
68 26 13
26 69 38
69 26 43
26 70 30
70 26 45
26 71 67
71 26 45
26 72 10
72 26 15
26 73 36
73 26 26
26 74 24
74 26 26
26 75 12
75 26 9
26 76 5
76 26 6
27 28 24
28 27 27
27 29 8
29 27 9
27 31 44
31 27 48
27 32 29
32 27 38
27 33 18
33 27 29
27 34 4
34 27 8
27 36 13
36 27 24
27 37 10
37 27 20
27 38 27
38 27 33
27 39 37
39 27 36
27 40 23
40 27 30
27 41 41
41 27 46
27 43 47
43 27 42
27 44 50
44 27 37
27 45 4
45 27 6
27 48 8
48 27 15
27 49 26
49 27 43
27 50 53
50 27 46
27 51 31
51 27 26
27 53 31
53 27 23
27 54 20
54 27 14
27 55 73
55 27 58
27 56 39
56 27 49
27 57 16
57 27 12
27 58 20
58 27 30
27 59 21
59 27 34
27 60 39
60 27 31
27 61 24
61 27 34
27 62 33
62 27 28
27 63 41
63 27 35
27 64 40
64 27 49
27 65 30
65 27 36
27 66 22
66 27 38
27 67 14
67 27 13
27 68 14
68 27 17
27 69 29
69 27 30
27 70 30
70 27 28
27 71 24
71 27 29
27 72 21
72 27 33
27 73 34
73 27 30
27 74 19
74 27 20
27 75 15
75 27 15
27 76 8
76 27 16
28 29 22
29 28 20
28 31 61
31 28 60
28 32 31
32 28 39
28 33 23
33 28 16
28 34 22
34 28 28
28 36 29
36 28 20
28 37 36
37 28 25
28 38 65
38 28 51
28 39 47
39 28 44
28 40 45
40 28 34
28 41 29
41 28 23
28 43 28
43 28 19
28 44 23
44 28 35
28 45 30
45 28 21
28 48 9
48 28 14
28 49 44
49 28 32
28 50 59
50 28 45
28 51 20
51 28 24
28 53 55
53 28 46
28 54 48
54 28 41
28 55 35
55 28 60
28 56 16
56 28 30
28 57 41
57 28 32
28 58 53
58 28 44
28 59 71
59 28 59
28 60 17
60 28 31
28 61 9
61 28 10
28 62 8
62 28 6
28 63 12
63 28 20
28 64 18
64 28 23
28 65 76
65 28 56
28 66 76
66 28 60
28 67 25
67 28 28
28 68 18
68 28 17
28 69 17
69 28 19
28 70 17
70 28 32
28 71 18
71 28 26
28 72 35
72 28 44
28 73 9
73 28 11
28 74 4
74 28 6
28 75 20
75 28 21
28 76 20
76 28 24
29 31 37
31 29 54
29 32 50
32 29 40
29 33 28
33 29 26
29 34 11
34 29 14
29 36 12
36 29 16
29 37 15
37 29 14
29 38 29
38 29 40
29 39 30
39 29 40
29 40 26
40 29 33
29 41 21
41 29 41
29 43 28
43 29 37
29 44 47
44 29 38
29 45 2
45 29 4
29 48 6
48 29 6
29 49 45
49 29 42
29 50 37
50 29 48
29 51 37
51 29 26
29 53 21
53 29 31
29 54 26
54 29 21
29 55 66
55 29 61
29 56 44
56 29 46
29 57 17
57 29 13
29 58 35
58 29 36
29 59 57
59 29 42
29 60 27
60 29 25
29 61 30
61 29 25
29 62 26
62 29 23
29 63 37
63 29 32
29 64 61
64 29 43
29 65 39
65 29 44
29 66 51
66 29 46
29 67 19
67 29 17
29 68 10
68 29 16
29 69 12
69 29 22
29 70 26
70 29 23
29 71 27
71 29 22
29 72 55
72 29 38
29 73 35
73 29 25
29 74 8
74 29 13
29 75 14
75 29 16
29 76 19
76 29 18
31 32 34
32 31 25
31 33 38
33 31 47
31 34 22
34 31 41
31 36 102
36 31 70
31 37 82
37 31 68
31 38 16
38 31 19
31 39 19
39 31 16
31 40 23
40 31 26
31 41 85
41 31 62
31 43 72
43 31 59
31 44 32
44 31 30
31 45 70
45 31 50
31 48 61
48 31 58
31 49 34
49 31 42
31 50 25
50 31 26
31 51 26
51 31 37
31 53 17
53 31 31
31 54 27
54 31 50
31 55 31
55 31 22
31 56 63
56 31 56
31 57 49
57 31 60
31 58 25
58 31 18
31 59 36
59 31 41
31 60 54
60 31 79
31 61 48
61 31 70
31 62 49
62 31 56
31 63 29
63 31 47
31 64 40
64 31 72
31 65 11
65 31 20
31 66 35
66 31 26
31 67 24
67 31 37
31 68 23
68 31 44
31 69 91
69 31 74
31 70 57
70 31 76
31 71 110
71 31 76
31 72 10
72 31 16
31 73 71
73 31 52
31 74 73
74 31 56
31 75 38
75 31 40
31 76 24
76 31 37
32 33 13
33 32 24
32 34 36
34 32 31
32 36 36
36 32 54
32 37 78
37 32 54
32 38 21
38 32 28
32 39 14
39 32 11
32 40 6
40 32 9
32 41 22
41 32 37
32 43 32
43 32 35
32 44 3
44 32 5
32 45 26
45 32 36
32 48 31
48 32 41
32 49 23
49 32 18
32 50 4
50 32 8
32 51 12
51 32 16
32 53 45
53 32 33
32 54 68
54 32 47
32 55 12
55 32 21
32 56 42
56 32 32
32 57 45
57 32 50
32 58 17
58 32 19
32 59 43
59 32 49
32 60 65
60 32 64
32 61 69
61 32 49
32 62 43
62 32 34
32 63 28
63 32 23
32 64 31
64 32 48
32 65 43
65 32 33
32 66 26
66 32 40
32 67 15
67 32 25
32 68 28
68 32 26
32 69 52
69 32 56
32 70 53
70 32 63
32 71 87
71 32 60
32 72 11
72 32 15
32 73 16
73 32 29
32 74 51
74 32 38
32 75 28
75 32 24
32 76 12
76 32 22
33 34 21
34 33 26
33 36 45
36 33 34
33 37 20
37 33 37
33 38 61
38 33 43
33 39 37
39 33 31
33 40 23
40 33 21
33 41 25
41 33 18
33 43 12
43 33 14
33 44 28
44 33 20
33 45 20
45 33 24
33 48 12
48 33 23
33 49 21
49 33 17
33 50 32
50 33 29
33 51 6
51 33 10
33 53 32
53 33 40
33 54 60
54 33 42
33 55 50
55 33 44
33 56 26
56 33 20
33 57 27
57 33 39
33 58 20
58 33 34
33 59 33
59 33 56
33 60 32
60 33 45
33 61 30
61 33 25
33 62 5
62 33 10
33 63 3
63 33 6
33 64 32
64 33 26
33 65 26
65 33 47
33 66 45
66 33 53
33 67 21
67 33 23
33 68 9
68 33 13
33 69 32
69 33 35
33 70 31
70 33 45
33 71 35
71 33 41
33 72 26
72 33 32
33 73 6
73 33 5
33 74 22
74 33 17
33 75 20
75 33 16
33 76 21
76 33 18
34 36 44
36 34 30
34 37 22
37 34 27
34 38 25
38 34 26
34 39 38
39 34 28
34 40 12
40 34 22
34 41 45
41 34 44
34 43 22
43 34 40
34 44 27
44 34 30
34 45 14
45 34 10
34 48 25
48 34 19
34 49 51
49 34 38
34 50 36
50 34 38
34 51 22
51 34 21
34 53 11
53 34 18
34 54 20
54 34 17
34 55 58
55 34 50
34 56 61
56 34 46
34 57 25
57 34 20
34 58 21
58 34 22
34 59 45
59 34 31
34 60 36
60 34 39
34 61 25
61 34 37
34 62 17
62 34 28
34 63 40
63 34 32
34 64 34
64 34 49
34 65 41
65 34 30
34 66 46
66 34 33
34 67 6
67 34 5
34 68 9
68 34 14
34 69 40
69 34 36
34 70 42
70 34 36
34 71 48
71 34 36
34 72 18
72 34 25
34 73 37
73 34 28
34 74 30
74 34 22
34 75 12
75 34 10
34 76 10
76 34 10
36 37 5
37 36 8
36 38 32
38 36 56
36 39 30
39 36 55
36 40 64
40 36 47
36 41 35
41 36 43
36 43 30
43 36 39
36 44 40
44 36 50
36 45 16
45 36 20
36 48 17
48 36 12
36 49 66
49 36 50
36 50 61
50 36 60
36 51 25
51 36 38
36 53 68
53 36 47
36 54 33
54 36 34
36 55 100
55 36 74
36 56 69
56 36 50
36 57 28
57 36 20
36 58 73
58 36 52
36 59 47
59 36 56
36 60 17
60 36 12
36 61 16
61 36 18
36 62 15
62 36 26
36 63 23
63 36 39
36 64 49
64 36 39
36 65 56
65 36 60
36 66 38
66 36 62
36 67 47
67 36 33
36 68 17
68 36 28
36 69 9
69 36 7
36 70 13
70 36 12
36 71 5
71 36 7
36 72 58
72 36 53
36 73 40
73 36 30
36 74 15
74 36 17
36 75 22
75 36 30
36 76 47
76 36 33
37 38 63
38 37 53
37 39 72
39 37 54
37 40 67
40 37 46
37 41 25
41 37 48
37 43 33
43 37 44
37 44 49
44 37 51
37 45 24
45 37 18
37 48 7
48 37 13
37 49 27
49 37 53
37 50 83
50 37 61
37 51 36
51 37 39
37 53 57
53 37 42
37 54 32
54 37 27
37 55 110
55 37 74
37 56 62
56 37 55
37 57 16
57 37 13
37 58 39
58 37 49
37 59 46
59 37 50
37 60 13
60 37 12
37 61 33
61 37 26
37 62 33
62 37 30
37 63 39
63 37 42
37 64 44
64 37 46
37 65 76
65 37 56
37 66 58
66 37 57
37 67 33
67 37 31
37 68 40
68 37 28
37 69 16
69 37 15
37 70 5
70 37 9
37 71 13
71 37 10
37 72 35
72 37 51
37 73 23
73 37 34
37 74 18
74 37 21
37 75 23
75 37 30
37 76 35
76 37 32
38 39 24
39 38 18
38 40 21
40 38 23
38 41 76
41 38 60
38 43 37
43 38 56
38 44 27
44 38 32
38 45 50
45 38 36
38 48 52
48 38 45
38 49 61
49 38 45
38 50 41
50 38 34
38 51 39
51 38 32
38 53 16
53 38 12
38 54 32
54 38 32
38 55 44
55 38 37
38 56 31
56 38 58
38 57 38
57 38 43
38 58 9
58 38 9
38 59 27
59 38 23
38 60 64
60 38 64
38 61 74
61 38 61
38 62 73
62 38 49
38 63 42
63 38 45
38 64 69
64 38 69
38 65 7
65 38 5
38 66 9
66 38 12
38 67 18
67 38 24
38 68 38
68 38 34
38 69 56
69 38 62
38 70 80
70 38 61
38 71 43
71 38 62
38 72 18
72 38 13
38 73 24
73 38 47
38 74 52
74 38 47
38 75 21
75 38 30
38 76 24
76 38 27
39 40 13
40 39 10
39 41 47
41 39 47
39 43 46
43 39 43
39 44 9
44 39 15
39 45 24
45 39 36
39 48 59
48 39 43
39 49 38
49 39 28
39 50 22
50 39 16
39 51 28
51 39 21
39 53 30
53 39 25
39 54 21
54 39 42
39 55 21
55 39 22
39 56 35
56 39 42
39 57 31
57 39 48
39 58 10
58 39 10
39 59 59
59 39 40
39 60 98
60 39 66
39 61 71
61 39 54
39 62 44
62 39 40
39 63 22
63 39 32
39 64 30
64 39 57
39 65 18
65 39 22
39 66 22
66 39 29
39 67 22
67 39 23
39 68 35
68 39 28
39 69 87
69 39 59
39 70 85
70 39 63
39 71 91
71 39 62
39 72 6
72 39 5
39 73 18
73 39 36
39 74 46
74 39 41
39 75 17
75 39 25
39 76 21
76 39 22
40 41 55
41 40 38
40 43 27
43 40 34
40 44 9
44 40 9
40 45 33
45 40 28
40 48 31
48 40 34
40 49 25
49 40 22
40 50 22
50 40 16
40 51 16
51 40 11
40 53 15
53 40 26
40 54 28
54 40 38
40 55 26
55 40 28
40 56 21
56 40 35
40 57 60
57 40 42
40 58 14
58 40 14
40 59 52
59 40 42
40 60 63
60 40 57
40 61 37
61 40 44
40 62 22
62 40 30
40 63 19
63 40 22
40 64 44
64 40 47
40 65 26
65 40 28
40 66 39
66 40 35
40 67 17
67 40 17
40 68 21
68 40 19
40 69 31
69 40 50
40 70 77
70 40 55
40 71 56
71 40 53
40 72 14
72 40 11
40 73 13
73 40 26
40 74 37
74 40 32
40 75 19
75 40 16
40 76 11
76 40 14
41 43 2
43 41 4
41 44 17
44 41 32
41 45 24
45 41 40
41 48 38
48 41 36
41 49 24
49 41 21
41 50 47
50 41 39
41 51 17
51 41 28
41 53 83
53 41 58
41 54 49
54 41 59
41 55 74
55 41 53
41 56 6
56 41 10
41 57 77
57 41 54
41 58 55
58 41 51
41 59 107
59 41 74
41 60 32
60 41 54
41 61 32
61 41 26
41 62 10
62 41 18
41 63 11
63 41 15
41 64 6
64 41 12
41 65 69
65 41 65
41 66 70
66 41 71
41 67 29
67 41 41
41 68 40
68 41 30
41 69 30
69 41 40
41 70 69
70 41 55
41 71 46
71 41 49
41 72 32
72 41 49
41 73 15
73 41 16
41 74 16
74 41 28
41 75 23
75 41 34
41 76 35
76 41 36
43 44 36
44 43 29
43 45 43
45 43 36
43 48 38
48 43 32
43 49 26
49 43 19
43 50 40
50 43 37
43 51 14
51 43 24
43 53 64
53 43 54
43 54 52
54 43 55
43 55 52
55 43 51
43 56 15
56 43 12
43 57 42
57 43 50
43 58 55
58 43 48
43 59 88
59 43 70
43 60 61
60 43 50
43 61 15
61 43 24
43 62 13
62 43 14
43 63 9
63 43 12
43 64 13
64 43 14
43 65 68
65 43 61
43 66 56
66 43 67
43 67 47
67 43 37
43 68 15
68 43 26
43 69 55
69 43 37
43 70 36
70 43 51
43 71 48
71 43 45
43 72 48
72 43 45
43 73 10
73 43 12
43 74 32
74 43 24
43 75 27
75 43 30
43 76 35
76 43 32
44 45 39
45 44 34
44 48 31
48 44 38
44 49 16
49 44 13
44 50 12
50 44 10
44 51 13
51 44 12
44 53 48
53 44 35
44 54 44
54 44 47
44 55 28
55 44 25
44 56 17
56 44 27
44 57 37
57 44 49
44 58 25
58 44 22
44 59 38
59 44 52
44 60 50
60 44 61
44 61 59
61 44 45
44 62 34
62 44 29
44 63 18
63 44 18
44 64 57
64 44 43
44 65 42
65 44 36
44 66 38
66 44 43
44 67 18
67 44 25
44 68 23
68 44 23
44 69 41
69 44 53
44 70 40
70 44 60
44 71 75
71 44 57
44 72 16
72 44 18
44 73 15
73 44 25
44 74 34
74 44 34
44 75 28
75 44 22
44 76 17
76 44 21
45 48 7
48 45 9
45 49 26
49 45 39
45 50 63
50 45 44
45 51 24
51 45 23
45 53 27
53 45 27
45 54 14
54 45 20
45 55 66
55 45 57
45 56 29
56 45 44
45 57 10
57 45 15
45 58 18
58 45 32
45 59 42
59 45 39
45 60 25
60 45 30
45 61 32
61 45 28
45 62 11
62 45 22
45 63 24
63 45 30
45 64 28
64 45 43
45 65 43
65 45 40
45 66 22
66 45 42
45 67 18
67 45 13
45 68 16
68 45 12
45 69 32
69 45 26
45 70 40
70 45 27
45 71 14
71 45 27
45 72 27
72 45 34
45 73 25
73 45 24
45 74 11
74 45 14
45 75 11
75 45 12
45 76 19
76 45 14
48 49 46
49 48 40
48 50 25
50 48 48
48 51 23
51 48 26
48 53 21
53 48 37
48 54 27
54 48 28
48 55 66
55 48 62
48 56 62
56 48 42
48 57 14
57 48 18
48 58 39
58 48 40
48 59 27
59 48 48
48 60 22
60 48 23
48 61 11
61 48 19
48 62 19
62 48 18
48 63 42
63 48 29
48 64 29
64 48 37
48 65 28
65 48 49
48 66 46
66 48 52
48 67 14
67 48 21
48 68 15
68 48 16
48 69 15
69 48 17
48 70 28
70 48 22
48 71 23
71 48 19
48 72 21
72 48 41
48 73 23
73 48 21
48 74 7
74 48 8
48 75 14
75 48 18
48 76 29
76 48 21
49 50 12
50 49 18
49 51 19
51 49 17
49 53 62
53 49 47
49 54 36
54 49 55
49 55 18
55 49 32
49 56 20
56 49 14
49 57 37
57 49 54
49 58 21
58 49 36
49 59 62
59 49 64
49 60 45
60 49 62
49 61 33
61 49 40
49 62 16
62 49 25
49 63 8
63 49 11
49 64 19
64 49 33
49 65 56
65 49 50
49 66 81
66 49 56
49 67 19
67 49 33
49 68 26
68 49 26
49 69 62
69 49 51
49 70 56
70 49 62
49 71 75
71 49 57
49 72 32
72 49 32
49 73 21
73 49 20
49 74 31
74 49 33
49 75 26
75 49 28
49 76 18
76 49 28
50 51 16
51 50 22
50 53 20
53 50 40
50 54 42
54 50 54
50 55 14
55 50 15
50 56 35
56 50 32
50 57 84
57 50 58
50 58 26
58 50 25
50 59 69
59 50 55
50 60 70
60 50 71
50 61 72
61 50 54
50 62 48
62 50 39
50 63 28
63 50 26
50 64 34
64 50 51
50 65 25
65 50 38
50 66 52
66 50 45
50 67 37
67 50 33
50 68 30
68 50 33
50 69 54
69 50 63
50 70 41
70 50 70
50 71 66
71 50 67
50 72 28
72 50 20
50 73 49
73 50 34
50 74 33
74 50 44
50 75 33
75 50 31
50 76 25
76 50 30
51 53 20
53 51 32
51 54 45
54 51 38
51 55 50
55 51 36
51 56 20
56 51 27
51 57 55
57 51 38
51 58 30
58 51 24
51 59 28
59 51 48
51 60 46
60 51 49
51 61 49
61 51 34
51 62 19
62 51 19
51 63 10
63 51 13
51 64 28
64 51 37
51 65 35
65 51 37
51 66 36
66 51 43
51 67 17
67 51 16
51 68 10
68 51 11
51 69 46
69 51 41
51 70 68
70 51 48
51 71 57
71 51 45
51 72 24
72 51 22
51 73 21
73 51 15
51 74 23
74 51 22
51 75 14
75 51 11
51 76 13
76 51 11
53 54 24
54 53 20
53 55 58
55 53 47
53 56 71
56 53 59
53 57 23
57 53 32
53 58 9
58 53 15
53 59 19
59 53 17
53 60 44
60 53 54
53 61 30
61 53 54
53 62 59
62 53 45
53 63 60
63 53 44
53 64 91
64 53 66
53 65 20
65 53 14
53 66 17
66 53 15
53 67 26
67 53 18
53 68 40
68 53 29
53 69 77
69 53 53
53 70 63
70 53 50
53 71 26
71 53 52
53 72 16
72 53 20
53 73 60
73 53 43
53 74 51
74 53 40
53 75 27
75 53 25
53 76 14
76 53 23
54 55 87
55 54 64
54 56 77
56 54 63
54 57 17
57 54 14
54 58 23
58 54 33
54 59 20
59 54 23
54 60 22
60 54 37
54 61 31
61 54 47
54 62 52
62 54 43
54 63 61
63 54 48
54 64 69
64 54 63
54 65 48
65 54 34
54 66 33
66 54 33
54 67 24
67 54 22
54 68 37
68 54 30
54 69 23
69 54 41
54 70 24
70 54 33
54 71 19
71 54 37
54 72 22
72 54 37
54 73 26
73 54 43
54 74 27
74 54 34
54 75 24
75 54 27
54 76 15
76 54 27
55 56 41
56 55 45
55 57 37
57 55 70
55 58 33
58 55 32
55 59 31
59 55 60
55 60 74
60 55 85
55 61 38
61 55 69
55 62 59
62 55 54
55 63 43
63 55 41
55 64 81
64 55 65
55 65 54
65 55 40
55 66 60
66 55 47
55 67 58
67 55 45
55 68 51
68 55 46
55 69 80
69 55 77
55 70 48
70 55 84
55 71 61
71 55 81
55 72 23
72 55 27
55 73 30
73 55 49
55 74 66
74 55 58
55 75 64
75 55 45
55 76 29
76 55 42
56 57 68
57 56 59
56 58 37
58 56 49
56 59 97
59 56 75
56 60 36
60 56 62
56 61 21
61 56 36
56 62 15
62 56 25
56 63 9
63 56 15
56 64 16
64 56 22
56 65 83
65 56 63
56 66 41
66 56 69
56 67 49
67 56 43
56 68 41
68 56 33
56 69 73
69 56 49
56 70 92
70 56 62
56 71 76
71 56 57
56 72 55
72 56 45
56 73 27
73 56 21
56 74 30
74 56 34
56 75 23
75 56 36
56 76 51
76 56 37
57 58 42
58 57 41
57 59 55
59 57 37
57 60 18
60 57 23
57 61 20
61 57 36
57 62 52
62 57 36
57 63 25
63 57 45
57 64 34
64 57 55
57 65 28
65 57 46
57 66 40
66 57 46
57 67 14
67 57 25
57 68 37
68 57 28
57 69 28
69 57 27
57 70 21
70 57 19
57 71 29
71 57 23
57 72 29
72 57 45
57 73 35
73 57 38
57 74 33
74 57 26
57 75 34
75 57 27
57 76 32
76 57 28
58 59 20
59 58 30
58 60 83
60 58 61
58 61 76
61 58 54
58 62 38
62 58 41
58 63 19
63 58 36
58 64 52
64 58 60
58 65 17
65 58 14
58 66 20
66 58 21
58 67 18
67 58 19
58 68 26
68 58 27
58 69 82
69 58 57
58 70 35
70 58 58
58 71 33
71 58 58
58 72 5
72 58 5
58 73 39
73 58 38
58 74 25
74 58 40
58 75 13
75 58 23
58 76 18
76 58 20
59 60 51
60 59 60
59 61 97
61 59 67
59 62 61
62 59 59
59 63 39
63 59 60
59 64 115
64 59 80
59 65 17
65 59 21
59 66 15
66 59 15
59 67 45
67 59 33
59 68 52
68 59 44
59 69 77
69 59 63
59 70 64
70 59 56
59 71 56
71 59 60
59 72 30
72 59 35
59 73 64
73 59 58
59 74 64
74 59 53
59 75 35
75 59 40
59 76 26
76 59 38
60 61 33
61 60 28
60 62 26
62 60 38
60 63 55
63 60 51
60 64 55
64 60 49
60 65 86
65 60 67
60 66 91
66 60 68
60 67 49
67 60 42
60 68 42
68 60 39
60 69 13
69 60 14
60 70 2
70 60 4
60 71 4
71 60 5
60 72 46
72 60 63
60 73 46
73 60 42
60 74 38
74 60 29
60 75 55
75 60 41
60 76 29
76 60 43
61 62 12
62 61 15
61 63 41
63 61 29
61 64 17
64 61 21
61 65 75
65 61 66
61 66 35
66 61 69
61 67 55
67 61 37
61 68 30
68 61 27
61 69 12
69 61 14
61 70 26
70 61 30
61 71 25
71 61 23
61 72 77
72 61 54
61 73 14
73 61 20
61 74 13
74 61 15
61 75 32
75 61 31
61 76 50
76 61 34
62 63 18
63 62 14
62 64 30
64 62 21
62 65 71
65 62 54
62 66 43
66 62 59
62 67 15
67 62 27
62 68 19
68 62 15
62 69 29
69 62 26
62 70 27
70 62 38
62 71 40
71 62 33
62 72 33
72 62 40
62 73 4
73 62 5
62 74 12
74 62 10
62 75 24
75 62 19
62 76 11
76 62 22
63 64 34
64 63 25
63 65 63
65 63 50
63 66 72
66 63 56
63 67 38
67 63 28
63 68 12
68 63 18
63 69 49
69 63 40
63 70 43
70 63 51
63 71 59
71 63 46
63 72 44
72 63 34
63 73 5
73 63 9
63 74 21
74 63 22
63 75 13
75 63 21
63 76 19
76 63 22
64 65 86
65 64 74
64 66 40
66 64 79
64 67 32
67 64 48
64 68 27
68 64 36
64 69 48
69 64 35
64 70 34
70 64 51
64 71 62
71 64 44
64 72 57
72 64 59
64 73 16
73 64 22
64 74 21
74 64 29
64 75 27
75 64 40
64 76 41
76 64 43
65 66 5
66 65 7
65 67 17
67 65 28
65 68 44
68 65 39
65 69 56
69 65 66
65 70 94
70 65 64
65 71 72
71 65 66
65 72 14
72 65 18
65 73 52
73 65 51
65 74 35
74 65 51
65 75 32
75 65 34
65 76 35
76 65 32
66 67 33
67 66 32
66 68 46
68 66 43
66 69 40
69 66 68
66 70 77
70 66 65
66 71 40
71 66 67
66 72 35
72 66 25
66 73 66
73 66 57
66 74 31
74 66 55
66 75 28
75 66 39
66 76 25
76 66 36
67 68 10
68 67 11
67 69 34
69 67 38
67 70 25
70 67 40
67 71 31
71 67 40
67 72 17
72 67 21
67 73 30
73 67 25
67 74 13
74 67 23
67 75 5
75 67 7
67 76 3
76 67 5
68 69 46
69 68 31
68 70 30
70 68 38
68 71 30
71 68 35
68 72 31
72 68 27
68 73 16
73 68 14
68 74 17
74 68 13
68 75 5
75 68 4
68 76 10
76 68 7
69 70 13
70 69 16
69 71 10
71 69 9
69 72 33
72 69 58
69 73 32
73 69 30
69 74 17
74 69 19
69 75 25
75 69 34
69 76 50
76 69 37
70 71 7
71 70 8
70 72 59
72 70 61
70 73 40
73 70 42
70 74 31
74 70 29
70 75 53
75 70 39
70 76 61
76 70 41
71 72 59
72 71 60
71 73 40
73 71 37
71 74 35
74 71 24
71 75 40
75 71 37
71 76 55
76 71 40
72 73 53
73 72 37
72 74 36
74 72 40
72 75 18
75 72 24
72 76 21
76 72 21
73 74 12
74 73 14
73 75 12
75 73 18
73 76 22
76 73 21
74 75 9
75 74 17
74 76 23
76 74 20
75 76 4
76 75 3
