1 13 5 7 650

146 162

26 3 4 37 52

1 19 49 49
2 19 52 64
3 16 20 26
4 22 40 30
5 20 21 47
6 15 17 63
7 16 31 62
9 15 51 21
10 17 42 41
13 20 12 42
15 21 52 41
17 21 17 33
18 17 13 13
8 14 52 33
11 17 31 32
12 15 5 25
14 17 36 16
16 22 27 23

19 57 58
20 62 42
21 42 57
22 16 57
23 8 52
24 7 38
25 27 68

26 1 11
1 26 12
26 2 17
2 26 19
26 3 27
3 26 31
26 4 27
4 26 22
26 5 9
5 26 17
26 6 13
6 26 23
26 7 7
7 26 12
26 9 50
9 26 34
26 10 13
10 26 12
26 13 35
13 26 27
26 15 25
15 26 19
26 17 24
17 26 28
26 18 39
18 26 46
26 8 33
8 26 24
26 11 31
11 26 21
26 12 50
12 26 42
26 14 29
14 26 36
26 16 25
16 26 31
26 19 16
19 26 21
26 20 39
20 26 27
26 21 7
21 26 7
26 22 27
22 26 22
26 23 27
23 26 29
26 24 44
24 26 33
26 25 10
25 26 19
1 2 10
2 1 15
1 3 47
3 1 37
1 4 14
4 1 21
1 5 29
5 1 28
1 6 37
6 1 35
1 7 29
7 1 22
1 9 28
9 1 28
1 10 8
10 1 11
1 13 53
13 1 38
1 15 9
15 1 9
1 17 32
17 1 36
1 18 55
18 1 51
1 8 10
8 1 16
1 11 19
11 1 25
1 12 68
12 1 50
1 14 47
14 1 35
1 16 29
16 1 34
1 19 6
19 1 12
1 20 9
20 1 15
1 21 11
21 1 11
1 22 29
22 1 34
1 23 47
23 1 41
1 24 55
24 1 43
1 25 38
25 1 29
2 3 54
3 2 50
2 4 27
4 2 36
2 5 37
5 2 35
2 6 42
6 2 35
2 7 23
7 2 21
2 9 47
9 2 43
2 10 34
10 2 25
2 13 37
13 2 45
2 15 26
15 2 23
2 17 58
17 2 47
2 18 73
18 2 64
2 8 39
8 2 31
2 11 22
11 2 38
2 12 60
12 2 61
2 14 68
14 2 51
2 16 71
16 2 48
2 19 10
19 2 8
2 20 33
20 2 24
2 21 16
21 2 12
2 22 46
22 2 37
2 23 44
23 2 46
2 24 30
24 2 51
2 25 16
25 2 25
3 4 15
4 3 20
3 5 27
5 3 21
3 6 42
6 3 37
3 7 19
7 3 38
3 9 25
9 3 31
3 10 38
10 3 27
3 13 9
13 3 18
3 15 20
15 3 35
3 17 6
17 3 8
3 18 17
18 3 15
3 8 28
8 3 32
3 11 16
11 3 13
3 12 10
12 3 15
3 14 22
14 3 19
3 16 10
16 3 8
3 19 64
19 3 49
3 20 56
20 3 45
3 21 41
21 3 38
3 22 20
22 3 31
3 23 39
23 3 29
3 24 21
24 3 18
3 25 42
25 3 43
4 5 15
5 4 25
4 6 28
6 4 40
4 7 47
7 4 33
4 9 20
9 4 14
4 10 16
10 4 11
4 13 28
13 4 30
4 15 13
15 4 16
4 17 18
17 4 23
4 18 40
18 4 32
4 8 13
8 4 12
4 11 6
11 4 9
4 12 47
12 4 35
4 14 17
14 4 15
4 16 12
16 4 15
4 19 44
19 4 33
4 20 31
20 4 25
4 21 27
21 4 27
4 22 28
22 4 36
4 23 58
23 4 39
4 24 45
24 4 34
4 25 40
25 4 40
5 6 22
6 5 16
5 7 14
7 5 18
5 9 29
9 5 40
5 10 23
10 5 22
5 13 13
13 5 10
5 15 38
15 5 32
5 17 18
17 5 15
5 18 31
18 5 35
5 8 44
8 5 34
5 11 13
11 5 18
5 12 16
12 5 27
5 14 47
14 5 34
5 16 16
16 5 25
5 19 47
19 5 38
5 20 36
20 5 41
5 21 27
21 5 23
5 22 13
22 5 11
5 23 20
23 5 14
5 24 10
24 5 16
5 25 22
25 5 22
6 7 8
7 6 14
6 9 55
9 6 54
6 10 43
10 6 33
6 13 15
13 6 22
6 15 32
15 6 41
6 17 26
17 6 30
6 18 26
18 6 50
6 8 52
8 6 46
6 11 21
11 6 34
6 12 42
12 6 40
6 14 33
14 6 51
6 16 61
16 6 41
6 19 52
19 6 40
6 20 44
20 6 50
6 21 20
21 6 26
6 22 5
22 6 6
6 23 9
23 6 14
6 24 28
24 6 27
6 25 8
25 6 11
7 9 58
9 7 46
7 10 13
10 7 24
7 13 32
13 7 28
7 15 44
15 7 30
7 17 39
17 7 32
7 18 73
18 7 52
7 8 31
8 7 36
7 11 21
11 7 30
7 12 36
12 7 45
7 14 54
14 7 46
7 16 31
16 7 39
7 19 35
19 7 26
7 20 42
20 7 37
7 21 12
21 7 12
7 22 12
22 7 16
7 23 24
23 7 25
7 24 46
24 7 34
7 25 4
25 7 7
9 10 21
10 9 22
9 13 50
13 9 44
9 15 23
15 9 20
9 17 43
17 9 36
9 18 32
18 9 39
9 8 7
8 9 12
9 11 24
11 9 23
9 12 68
12 9 46
9 14 23
14 9 16
9 16 25
16 9 24
9 19 38
19 9 37
9 20 24
20 9 24
9 21 30
21 9 37
9 22 29
22 9 50
9 23 55
23 9 53
9 24 50
24 9 47
9 25 49
25 9 53
10 13 23
13 10 30
10 15 12
15 10 10
10 17 31
17 10 26
10 18 22
18 10 40
10 8 16
8 10 13
10 11 11
11 10 14
10 12 34
12 10 40
10 14 23
14 10 26
10 16 23
16 10 23
10 19 24
19 10 23
10 20 28
20 10 20
10 21 21
21 10 16
10 22 43
22 10 31
10 23 38
23 10 36
10 24 40
24 10 35
10 25 27
25 10 31
13 15 22
15 13 40
13 17 12
17 13 10
13 18 21
18 13 29
13 8 56
8 13 41
13 11 31
11 13 21
13 12 16
12 13 18
13 14 23
14 13 35
13 16 33
16 13 24
13 19 68
19 13 48
13 20 47
20 13 50
13 21 25
21 13 34
13 22 11
22 13 16
13 23 12
23 13 11
13 24 5
24 13 6
13 25 40
25 13 30
15 17 37
17 15 36
15 18 56
18 15 48
15 8 9
8 15 8
15 11 14
11 15 23
15 12 70
12 15 50
15 14 44
14 15 30
15 16 25
16 15 31
15 19 23
19 15 18
15 20 6
20 15 10
15 21 14
21 15 19
15 22 42
22 15 39
15 23 51
23 15 45
15 24 37
24 15 45
15 25 44
25 15 37
17 18 10
18 17 20
17 8 33
8 17 35
17 11 19
11 17 14
17 12 7
12 17 14
17 14 31
14 17 25
17 16 17
16 17 14
17 19 57
19 17 47
17 20 56
20 17 46
17 21 20
21 17 35
17 22 21
22 17 24
17 23 12
23 17 21
17 24 8
24 17 11
17 25 44
25 17 36
18 8 57
8 18 44
18 11 32
11 18 26
18 12 10
12 18 14
18 14 34
14 18 23
18 16 23
16 18 17
18 19 85
19 18 63
18 20 84
20 18 57
18 21 78
21 18 53
18 22 55
22 18 44
18 23 53
23 18 39
18 24 15
24 18 26
18 25 67
25 18 57
8 11 25
11 8 21
8 12 60
12 8 48
8 14 18
14 8 23
8 16 36
16 8 27
8 19 15
19 8 25
8 20 13
20 8 13
8 21 28
21 8 26
8 22 29
22 8 43
8 23 69
23 8 48
8 24 31
24 8 45
8 25 43
25 8 43
11 12 29
12 11 27
11 14 14
14 11 17
11 16 10
16 11 10
11 19 50
19 11 37
11 20 48
20 11 33
11 21 38
21 11 27
11 22 17
22 11 29
11 23 21
23 11 30
11 24 14
24 11 25
11 25 48
25 11 36
12 14 41
14 12 32
12 16 32
16 12 22
12 19 56
19 12 61
12 20 88
20 12 59
12 21 51
21 12 49
12 22 42
22 12 34
12 23 29
23 12 27
12 24 17
24 12 13
12 25 55
25 12 48
14 16 16
16 14 11
14 19 45
19 14 47
14 20 51
20 14 37
14 21 33
21 14 41
14 22 44
22 14 46
14 23 61
23 14 46
14 24 33
24 14 36
14 25 37
25 14 53
16 19 62
19 16 46
16 20 55
20 16 40
16 21 22
21 16 37
16 22 48
22 16 36
16 23 44
23 16 35
16 24 22
24 16 25
16 25 49
25 16 45
19 20 20
20 19 17
19 21 18
21 19 15
19 22 50
22 19 41
19 23 58
23 19 49
19 24 70
24 19 54
19 25 21
25 19 32
20 21 19
21 20 25
20 22 24
22 20 48
20 23 60
23 20 55
20 24 69
24 20 55
20 25 47
25 20 44
21 22 30
22 21 26
21 23 35
23 21 34
21 24 31
24 21 40
21 25 28
25 21 19
22 23 11
23 22 9
22 24 20
24 22 21
22 25 16
25 22 16
23 24 14
24 23 14
23 25 31
25 23 25
24 25 27
25 24 36
