1 4 14 7 650

143 134

1 4 3 37 52

6 12 21 47
9 19 52 33
15 13 36 16
19 19 13 13
2 12 49 49
3 12 52 64
4 17 20 26
5 14 40 30
7 13 17 63
8 17 31 62
10 18 51 21
11 13 42 41
12 13 31 32
13 14 5 25
14 15 12 42
16 16 52 41
17 16 27 23
18 14 17 33

20 57 58
21 62 42
22 42 57
23 16 57
24 8 52
25 7 38
26 27 68

1 6 16
6 1 17
1 9 34
9 1 24
1 15 35
15 1 36
1 19 47
19 1 46
1 2 16
2 1 12
1 3 15
3 1 19
1 4 16
4 1 31
1 5 28
5 1 22
1 7 17
7 1 23
1 8 9
8 1 12
1 10 40
10 1 34
1 11 8
11 1 12
1 12 30
12 1 21
1 13 54
13 1 42
1 14 22
14 1 27
1 16 23
16 1 19
1 17 31
17 1 31
1 18 35
18 1 28
1 20 16
20 1 21
1 21 39
21 1 27
1 22 7
22 1 7
1 23 27
23 1 22
1 24 27
24 1 29
1 25 44
25 1 33
1 26 10
26 1 19
6 9 30
9 6 34
6 15 39
15 6 34
6 19 35
19 6 35
6 2 29
2 6 28
6 3 37
3 6 35
6 4 21
4 6 21
6 5 28
5 6 25
6 7 8
7 6 16
6 8 13
8 6 18
6 10 44
10 6 40
6 11 23
11 6 22
6 12 23
12 6 18
6 13 30
13 6 27
6 14 11
14 6 10
6 16 25
16 6 32
6 17 17
17 6 25
6 18 17
18 6 15
6 20 41
20 6 38
6 21 26
21 6 41
6 22 28
22 6 23
6 23 10
23 6 11
6 24 7
24 6 14
6 25 9
25 6 16
6 26 25
26 6 22
9 15 33
15 9 23
9 19 59
19 9 44
9 2 23
2 9 16
9 3 28
3 9 31
9 4 41
4 9 32
9 5 11
5 9 12
9 7 30
7 9 46
9 8 50
8 9 36
9 10 12
10 9 12
9 11 17
11 9 13
9 12 26
12 9 21
9 13 58
13 9 48
9 14 39
14 9 41
9 16 7
16 9 8
9 17 17
17 9 27
9 18 24
18 9 35
9 20 13
20 9 25
9 21 9
21 9 13
9 22 17
22 9 26
9 23 40
23 9 43
9 24 31
24 9 48
9 25 45
25 9 45
9 26 40
26 9 43
15 19 30
19 15 23
15 2 27
2 15 35
15 3 73
3 15 51
15 4 10
4 15 19
15 5 19
5 15 15
15 7 68
7 15 51
15 8 49
8 15 46
15 10 18
10 15 16
15 11 29
11 15 26
15 12 25
12 15 17
15 13 28
13 15 32
15 14 33
14 15 35
15 16 17
16 15 30
15 17 12
17 15 11
15 18 37
18 15 25
15 20 61
20 15 47
15 21 24
21 15 37
15 22 50
22 15 41
15 23 24
23 15 46
15 24 30
24 15 46
15 25 48
25 15 36
15 26 37
26 15 53
19 2 48
2 19 51
19 3 48
3 19 64
19 4 11
4 19 15
19 5 31
5 19 32
19 7 35
7 19 50
19 8 63
8 19 52
19 10 55
10 19 39
19 11 35
11 19 40
19 12 21
12 19 26
19 13 20
13 19 14
19 14 19
14 19 29
19 16 56
16 19 48
19 17 22
17 19 17
19 18 19
18 19 20
19 20 77
20 19 63
19 21 44
21 19 57
19 22 75
22 19 53
19 23 32
23 19 44
19 24 58
24 19 39
19 25 29
25 19 26
19 26 32
26 19 57
2 3 16
3 2 15
2 4 35
4 2 37
2 5 27
5 2 21
2 7 50
7 2 35
2 8 25
8 2 22
2 10 32
10 2 28
2 11 13
11 2 11
2 12 21
12 2 25
2 13 40
13 2 50
2 14 23
14 2 38
2 16 7
16 2 9
2 17 47
17 2 34
2 18 42
18 2 36
2 20 16
20 2 12
2 21 13
21 2 15
2 22 10
22 2 11
2 23 27
23 2 34
2 24 49
24 2 41
2 25 24
25 2 43
2 26 31
26 2 29
3 4 32
4 3 50
3 5 46
5 3 36
3 7 18
7 3 35
3 8 28
8 3 21
3 10 41
10 3 43
3 11 24
11 3 25
3 12 44
12 3 38
3 13 36
13 3 61
3 14 30
14 3 45
3 16 21
16 3 23
3 17 40
17 3 48
3 18 65
18 3 47
3 20 4
20 3 8
3 21 29
21 3 24
3 22 11
22 3 12
3 23 52
23 3 37
3 24 45
24 3 46
3 25 31
25 3 51
3 26 22
26 3 25
4 5 11
5 4 20
4 7 46
7 4 37
4 8 39
8 4 38
4 10 35
10 4 31
4 11 39
11 4 27
4 12 15
12 4 13
4 13 12
13 4 15
4 14 21
14 4 18
4 16 36
16 4 35
4 17 5
17 4 8
4 18 10
18 4 8
4 20 62
20 4 49
4 21 58
21 4 45
4 22 45
22 4 38
4 23 22
23 4 31
4 24 30
24 4 29
4 25 20
25 4 18
4 26 32
26 4 43
5 7 52
7 5 40
5 8 34
8 5 33
5 10 8
10 5 14
5 11 13
11 5 11
5 12 8
12 5 9
5 13 44
13 5 35
5 14 21
14 5 30
5 16 17
16 5 16
5 17 8
17 5 15
5 18 30
18 5 23
5 20 49
20 5 33
5 21 30
21 5 25
5 22 14
22 5 27
5 23 36
23 5 36
5 24 46
24 5 39
5 25 45
25 5 34
5 26 54
26 5 40
7 8 19
8 7 14
7 10 76
10 7 54
7 11 23
11 7 33
7 12 19
12 7 34
7 13 57
13 7 40
7 14 19
14 7 22
7 16 40
16 7 41
7 17 39
17 7 41
7 18 28
18 7 30
7 20 27
20 7 40
7 21 43
21 7 50
7 22 28
22 7 26
7 23 8
23 7 6
7 24 7
24 7 14
7 25 38
25 7 27
7 26 14
26 7 11
8 10 41
10 8 46
8 11 35
11 8 24
8 12 28
12 8 30
8 13 66
13 8 45
8 14 27
14 8 28
8 16 28
16 8 30
8 17 53
17 8 39
8 18 21
18 8 32
8 20 29
20 8 26
8 21 36
21 8 37
8 22 14
22 8 12
8 23 11
23 8 16
8 24 26
24 8 25
8 25 41
25 8 34
8 26 8
26 8 7
10 11 32
11 10 22
10 12 25
12 10 23
10 13 40
13 10 46
10 14 30
14 10 44
10 16 25
16 10 20
10 17 23
17 10 24
10 18 26
18 10 36
10 20 33
20 10 37
10 21 31
21 10 24
10 22 35
22 10 37
10 23 26
23 10 50
10 24 38
24 10 53
10 25 40
25 10 47
10 26 71
26 10 53
11 12 15
12 11 14
11 13 30
13 11 40
11 14 25
14 11 30
11 16 11
16 11 10
11 17 26
17 11 23
11 18 27
18 11 26
11 20 28
20 11 23
11 21 15
21 11 20
11 22 17
22 11 16
11 23 37
23 11 31
11 24 31
24 11 36
11 25 31
25 11 35
11 26 36
26 11 31
12 13 29
13 12 27
12 14 31
14 12 21
12 16 18
16 12 23
12 17 9
17 12 10
12 18 7
18 12 14
12 20 54
20 12 37
12 21 21
21 12 33
12 22 26
22 12 27
12 23 27
23 12 29
12 24 15
24 12 30
12 25 26
25 12 25
12 26 26
26 12 36
13 14 23
14 13 18
13 16 25
16 13 50
13 17 27
17 13 22
13 18 14
18 13 14
13 20 40
20 13 61
13 21 69
21 13 59
13 22 25
22 13 49
13 23 28
23 13 34
13 24 38
24 13 27
13 25 8
25 13 13
13 26 49
26 13 48
14 16 40
16 14 40
14 17 21
17 14 24
14 18 10
18 14 10
14 20 31
20 14 48
14 21 60
21 14 50
14 22 37
22 14 34
14 23 15
23 14 16
14 24 14
24 14 11
14 25 3
25 14 6
14 26 21
26 14 30
16 17 27
17 16 31
16 18 19
18 16 36
16 20 17
20 16 18
16 21 12
21 16 10
16 22 16
22 16 19
16 23 22
23 16 39
16 24 56
24 16 45
16 25 42
25 16 45
16 26 29
26 16 37
17 18 15
18 17 14
17 20 24
20 17 46
17 21 44
21 17 40
17 22 50
22 17 37
17 23 19
23 17 36
17 24 45
24 17 35
17 25 20
25 17 25
17 26 34
26 17 45
18 20 33
20 18 47
18 21 52
21 18 46
18 22 36
22 18 35
18 23 30
23 18 24
18 24 30
24 18 21
18 25 15
25 18 11
18 26 35
26 18 36
20 21 20
21 20 17
20 22 18
22 20 15
20 23 50
23 20 41
20 24 58
24 20 49
20 25 70
25 20 54
20 26 21
26 20 32
21 22 19
22 21 25
21 23 24
23 21 48
21 24 60
24 21 55
21 25 69
25 21 55
21 26 47
26 21 44
22 23 30
23 22 26
22 24 35
24 22 34
22 25 31
25 22 40
22 26 28
26 22 19
23 24 11
24 23 9
23 25 20
25 23 21
23 26 16
26 23 16
24 25 14
25 24 14
24 26 31
26 24 25
25 26 27
26 25 36
