1 37 38 0 5700

306 384

1 4 12 22 22

4 9 45 35
5 9 55 20
7 8 50 50
10 9 40 66
13 12 62 35
15 9 62 24
16 11 21 36
18 12 9 56
19 10 62 48
20 12 66 14
22 11 26 13
23 11 11 28
27 12 55 34
30 10 43 26
33 11 26 29
34 9 50 40
35 9 55 50
37 10 60 15
41 11 12 17
44 9 21 48
45 12 50 30
46 12 51 42
48 10 48 21
49 8 12 38
51 12 29 39
52 11 54 38
53 9 55 57
54 8 67 41
56 8 6 25
59 10 70 64
61 10 36 6
65 9 50 70
66 10 57 72
67 11 45 42
68 10 38 33
69 12 50 4
73 12 27 24
2 10 36 26
3 10 21 45
6 12 33 34
8 12 55 45
9 11 26 59
11 10 55 65
12 12 35 51
14 10 62 57
17 9 33 44
21 12 44 13
24 9 7 43
25 10 17 64
26 12 41 46
28 12 35 16
29 12 52 26
31 9 31 76
32 10 22 53
36 10 54 10
38 10 47 66
39 11 30 60
40 9 30 50
42 10 15 14
43 12 16 19
47 10 50 15
50 9 15 56
55 10 10 70
57 9 65 27
58 9 40 60
60 11 64 4
62 10 30 20
63 12 20 30
64 10 15 5
70 10 66 8
71 8 59 5
72 9 35 60
74 12 40 20
75 9 40 37
76 8 40 40


1 4 28
4 1 26
1 5 48
5 1 33
1 7 40
7 1 39
1 10 30
10 1 48
1 13 61
13 1 42
1 15 45
15 1 40
1 16 20
16 1 14
1 18 43
18 1 36
1 19 58
19 1 47
1 20 35
20 1 45
1 22 6
22 1 10
1 23 9
23 1 13
1 27 30
27 1 35
1 30 23
30 1 21
1 33 10
33 1 8
1 34 19
34 1 33
1 35 44
35 1 43
1 37 56
37 1 39
1 41 10
41 1 11
1 44 18
44 1 26
1 45 37
45 1 29
1 46 50
46 1 35
1 48 32
48 1 26
1 49 27
49 1 19
1 51 20
51 1 18
1 52 50
52 1 35
1 53 46
53 1 48
1 54 45
54 1 48
1 56 11
56 1 16
1 59 93
59 1 63
1 61 21
61 1 21
1 65 53
65 1 55
1 66 75
66 1 61
1 67 25
67 1 30
1 68 27
68 1 19
1 69 40
69 1 33
1 73 3
73 1 5
1 2 18
2 1 15
1 3 22
3 1 23
1 6 17
6 1 16
1 8 49
8 1 40
1 9 53
9 1 37
1 11 45
11 1 54
1 12 22
12 1 32
1 14 72
14 1 53
1 17 32
17 1 25
1 21 14
21 1 24
1 24 38
24 1 26
1 25 53
25 1 42
1 26 24
26 1 30
1 28 10
28 1 14
1 29 34
29 1 30
1 31 72
31 1 55
1 32 43
32 1 31
1 36 36
36 1 34
1 38 49
38 1 51
1 39 34
39 1 39
1 40 21
40 1 29
1 42 9
42 1 11
1 43 5
43 1 7
1 47 18
47 1 29
1 50 44
50 1 35
1 55 36
55 1 49
1 57 27
57 1 43
1 58 62
58 1 42
1 60 58
60 1 45
1 62 9
62 1 8
1 63 10
63 1 8
1 64 12
64 1 18
1 70 44
70 1 46
1 71 37
71 1 40
1 72 53
72 1 40
1 74 14
74 1 18
1 75 21
75 1 23
1 76 34
76 1 25
4 5 23
5 4 18
4 7 10
7 4 16
4 10 30
10 4 31
4 13 25
13 4 17
4 15 12
15 4 20
4 16 22
16 4 24
4 18 51
18 4 42
4 19 13
19 4 21
4 20 40
20 4 30
4 22 21
22 4 29
4 23 19
23 4 35
4 27 9
27 4 10
4 30 11
30 4 9
4 33 18
33 4 20
4 34 9
34 4 7
4 35 10
35 4 18
4 37 16
37 4 25
4 41 27
41 4 38
4 44 29
44 4 27
4 45 8
45 4 7
4 46 7
46 4 9
4 48 15
48 4 14
4 49 37
49 4 33
4 51 14
51 4 16
4 52 12
52 4 9
4 53 17
53 4 24
4 54 26
54 4 22
4 56 20
56 4 40
4 59 46
59 4 38
4 61 43
61 4 30
4 65 47
65 4 35
4 66 53
66 4 39
4 67 6
67 4 7
4 68 7
68 4 7
4 69 40
69 4 31
4 73 21
73 4 21
4 2 19
2 4 13
4 3 25
3 4 26
4 6 12
6 4 12
4 8 7
8 4 14
4 9 27
9 4 31
4 11 21
11 4 32
4 12 13
12 4 19
4 14 18
14 4 28
4 17 21
17 4 15
4 21 21
21 4 22
4 24 36
24 4 39
4 25 58
25 4 40
4 26 9
26 4 12
4 28 15
28 4 21
4 29 16
29 4 11
4 31 42
31 4 43
4 32 43
32 4 29
4 36 24
36 4 27
4 38 43
38 4 31
4 39 43
39 4 29
4 40 20
40 4 21
4 42 33
42 4 37
4 43 43
43 4 33
4 47 15
47 4 21
4 50 24
50 4 37
4 55 36
55 4 49
4 57 26
57 4 22
4 58 13
58 4 25
4 60 33
60 4 36
4 62 22
62 4 21
4 63 14
63 4 25
4 64 30
64 4 42
4 70 21
70 4 34
4 71 43
71 4 33
4 72 21
72 4 27
4 74 17
74 4 16
4 75 5
75 4 5
4 76 8
76 4 7
5 7 26
7 5 30
5 10 32
10 5 48
5 13 14
13 5 17
5 15 5
15 5 8
5 16 33
16 5 38
5 18 46
18 5 58
5 19 29
19 5 29
5 20 15
20 5 13
5 22 44
22 5 30
5 23 57
23 5 45
5 27 20
27 5 14
5 30 14
30 5 13
5 33 21
33 5 30
5 34 15
34 5 21
5 35 42
35 5 30
5 37 10
37 5 7
5 41 43
41 5 43
5 44 25
44 5 44
5 45 14
45 5 11
5 46 21
46 5 22
5 48 8
48 5 7
5 49 58
49 5 46
5 51 33
51 5 32
5 52 21
52 5 18
5 53 38
53 5 37
5 54 29
54 5 24
5 56 73
56 5 49
5 59 25
59 5 46
5 61 13
61 5 24
5 65 71
65 5 50
5 66 31
66 5 52
5 67 27
67 5 24
5 68 12
68 5 21
5 69 17
69 5 17
5 73 14
73 5 28
5 2 23
2 5 20
5 3 51
3 5 42
5 6 26
6 5 26
5 8 24
8 5 25
5 9 40
9 5 49
5 11 31
11 5 45
5 12 47
12 5 37
5 14 41
14 5 38
5 17 22
17 5 33
5 21 16
21 5 13
5 24 66
24 5 53
5 25 73
25 5 58
5 26 27
26 5 30
5 28 23
28 5 20
5 29 8
29 5 7
5 31 46
31 5 61
5 32 31
32 5 47
5 36 8
36 5 10
5 38 57
38 5 46
5 39 24
39 5 47
5 40 22
40 5 39
5 42 22
42 5 40
5 43 49
43 5 39
5 47 7
47 5 7
5 50 34
50 5 54
5 55 97
55 5 67
5 57 13
57 5 12
5 58 26
58 5 43
5 60 18
60 5 18
5 62 30
62 5 25
5 63 32
63 5 36
5 64 57
64 5 43
5 70 11
70 5 16
5 71 21
71 5 16
5 72 28
72 5 45
5 74 18
74 5 15
5 75 12
75 5 23
5 76 34
76 5 25
7 10 18
10 7 19
7 13 17
13 7 19
7 15 42
15 7 29
7 16 35
16 7 32
7 18 29
18 7 41
7 19 8
19 7 12
7 20 36
20 7 39
7 22 36
22 7 44
7 23 24
23 7 45
7 27 24
27 7 17
7 30 32
30 7 25
7 33 32
33 7 32
7 34 5
34 7 10
7 35 3
35 7 5
7 37 40
37 7 36
7 41 51
41 7 50
7 44 23
44 7 29
7 45 14
45 7 20
7 46 6
46 7 8
7 48 29
48 7 29
7 49 37
49 7 40
7 51 21
51 7 24
7 52 7
52 7 13
7 53 12
53 7 9
7 54 15
54 7 19
7 56 47
56 7 51
7 59 29
59 7 24
7 61 52
61 7 46
7 65 14
65 7 20
7 66 27
66 7 23
7 67 13
67 7 9
7 68 21
68 7 20
7 69 40
69 7 46
7 73 22
73 7 34
7 2 40
2 7 28
7 3 43
3 7 29
7 6 30
6 7 23
7 8 4
8 7 7
7 9 25
9 7 26
7 11 22
11 7 16
7 12 18
12 7 15
7 14 18
14 7 14
7 17 21
17 7 18
7 21 28
21 7 37
7 24 63
24 7 44
7 25 51
25 7 36
7 26 8
26 7 10
7 28 25
28 7 37
7 29 24
29 7 24
7 31 17
31 7 32
7 32 15
32 7 28
7 36 51
36 7 40
7 38 11
38 7 16
7 39 11
39 7 22
7 40 13
40 7 20
7 42 31
42 7 50
7 43 39
43 7 46
7 47 39
47 7 35
7 50 51
50 7 36
7 55 43
55 7 44
7 57 31
57 7 27
7 58 14
58 7 14
7 60 69
60 7 48
7 62 47
62 7 36
7 63 33
63 7 36
7 64 33
64 7 57
7 70 57
70 7 45
7 71 55
71 7 46
7 72 20
72 7 18
7 74 16
74 7 32
7 75 22
75 7 16
7 76 16
76 7 14
10 13 55
13 10 38
10 15 46
15 10 47
10 16 29
16 10 36
10 18 19
18 10 33
10 19 41
19 10 28
10 20 48
20 10 58
10 22 77
22 10 55
10 23 61
23 10 48
10 27 22
27 10 35
10 30 41
30 10 40
10 33 46
33 10 40
10 34 15
34 10 28
10 35 13
35 10 22
10 37 32
37 10 55
10 41 69
41 10 56
10 44 38
44 10 26
10 45 25
45 10 37
10 46 23
46 10 26
10 48 39
48 10 46
10 49 28
49 10 39
10 51 15
51 10 29
10 52 31
52 10 31
10 53 10
53 10 17
10 54 28
54 10 37
10 56 46
56 10 53
10 59 27
59 10 30
10 61 66
61 10 60
10 65 14
65 10 11
10 66 20
66 10 18
10 67 31
67 10 25
10 68 44
68 10 33
10 69 46
69 10 63
10 73 35
73 10 44
10 2 20
2 10 40
10 3 27
3 10 28
10 6 44
6 10 33
10 8 29
8 10 26
10 9 17
9 10 16
10 11 14
11 10 15
10 12 20
12 10 16
10 14 35
14 10 24
10 17 26
17 10 23
10 21 63
21 10 53
10 24 43
24 10 40
10 25 28
25 10 23
10 26 22
26 10 20
10 28 74
28 10 50
10 29 46
29 10 42
10 31 13
31 10 13
10 32 26
32 10 22
10 36 60
36 10 58
10 38 4
38 10 7
10 39 13
39 10 12
10 40 15
40 10 19
10 42 43
42 10 58
10 43 46
43 10 53
10 47 44
47 10 52
10 50 15
50 10 27
10 55 40
55 10 30
10 57 65
57 10 46
10 58 8
58 10 6
10 60 33
60 10 66
10 62 48
62 10 47
10 63 28
63 10 41
10 64 67
64 10 66
10 70 53
70 10 63
10 71 36
71 10 64
10 72 7
72 10 8
10 74 24
74 10 46
10 75 20
75 10 29
10 76 35
76 10 26
13 15 9
15 13 11
13 16 37
16 13 41
13 18 37
18 13 57
13 19 19
19 13 13
13 20 21
20 13 21
13 22 44
22 13 42
13 23 49
23 13 51
13 27 8
27 13 7
13 30 16
30 13 21
13 33 41
33 13 36
13 34 8
34 13 13
13 35 18
35 13 17
13 37 15
37 13 20
13 41 43
41 13 53
13 44 34
44 13 43
13 45 14
45 13 13
13 46 15
46 13 13
13 48 23
48 13 19
13 49 26
49 13 50
13 51 19
51 13 33
13 52 13
52 13 9
13 53 20
53 13 23
13 54 8
54 13 8
13 56 63
56 13 56
13 59 18
59 13 30
13 61 46
61 13 38
13 65 36
65 13 37
13 66 53
66 13 37
13 67 23
67 13 18
13 68 17
68 13 24
13 69 40
69 13 33
13 73 31
73 13 37
13 2 39
2 13 28
13 3 31
3 13 42
13 6 38
6 13 29
13 8 6
8 13 12
13 9 40
9 13 43
13 11 42
11 13 31
13 12 42
12 13 31
13 14 15
14 13 22
13 17 18
17 13 30
13 21 15
21 13 28
13 24 44
24 13 56
13 25 71
25 13 54
13 26 31
26 13 24
13 28 44
28 13 33
13 29 14
29 13 13
13 31 46
31 13 51
13 32 34
32 13 44
13 36 28
36 13 26
13 38 43
38 13 34
13 39 34
39 13 41
13 40 39
40 13 35
13 42 36
42 13 51
13 43 40
43 13 49
13 47 30
47 13 23
13 50 72
50 13 51
13 55 91
55 13 63
13 57 8
57 13 9
13 58 42
58 13 33
13 60 26
60 13 31
13 62 49
62 13 35
13 63 49
63 13 42
13 64 43
64 13 56
13 70 19
70 13 27
13 71 30
71 13 30
13 72 22
72 13 37
13 74 21
74 13 26
13 75 19
75 13 22
13 76 26
76 13 23
15 16 24
16 15 43
15 18 89
18 15 62
15 19 21
19 15 24
15 20 7
20 15 11
15 22 26
22 15 38
15 23 72
23 15 51
15 27 11
27 15 12
15 30 25
30 15 19
15 33 22
33 15 36
15 34 28
34 15 20
15 35 34
35 15 27
15 37 10
37 15 9
15 41 28
41 15 50
15 44 51
44 15 48
15 45 11
45 15 13
15 46 24
46 15 21
15 48 15
48 15 14
15 49 72
49 15 52
15 51 20
51 15 36
15 52 15
52 15 16
15 53 19
53 15 34
15 54 9
54 15 18
15 56 31
56 15 56
15 59 31
59 15 41
15 61 24
61 15 32
15 65 69
65 15 48
15 66 50
66 15 48
15 67 35
67 15 25
15 68 25
68 15 25
15 69 32
69 15 23
15 73 31
73 15 35
15 2 20
2 15 26
15 3 66
3 15 46
15 6 29
6 15 31
15 8 25
8 15 22
15 9 46
9 15 50
15 11 60
11 15 42
15 12 26
12 15 38
15 14 32
14 15 33
15 17 25
17 15 35
15 21 16
21 15 21
15 24 48
24 15 58
15 25 34
25 15 60
15 26 25
26 15 30
15 28 37
28 15 28
15 29 10
29 15 10
15 31 40
31 15 60
15 32 68
32 15 49
15 36 17
36 15 16
15 38 54
38 15 45
15 39 25
39 15 48
15 40 47
40 15 41
15 42 67
42 15 48
15 43 51
43 15 46
15 47 21
47 15 15
15 50 84
50 15 57
15 55 67
55 15 69
15 57 3
57 15 4
15 58 50
58 15 42
15 60 18
60 15 20
15 62 28
62 15 32
15 63 27
63 15 42
15 64 71
64 15 51
15 70 22
70 15 16
15 71 18
71 15 19
15 72 50
72 15 45
15 74 26
74 15 22
15 75 34
75 15 25
15 76 38
76 15 27
16 18 30
18 16 23
16 19 50
19 16 43
16 20 56
20 16 50
16 22 32
22 16 24
16 23 9
23 16 13
16 27 50
27 16 34
16 30 17
30 16 24
16 33 6
33 16 9
16 34 29
34 16 29
16 35 19
35 16 37
16 37 65
37 16 44
16 41 29
41 16 21
16 44 12
44 16 12
16 45 32
45 16 30
16 46 30
46 16 31
16 48 41
48 16 31
16 49 8
49 16 9
16 51 12
51 16 9
16 52 31
52 16 33
16 53 56
53 16 40
16 54 65
54 16 46
16 56 12
56 16 19
16 59 71
59 16 56
16 61 48
61 16 34
16 65 37
65 16 45
16 66 64
66 16 51
16 67 33
67 16 25
16 68 16
68 16 17
16 69 28
69 16 43
16 73 14
73 16 13
16 2 10
2 16 18
16 3 6
3 16 9
16 6 16
6 16 12
16 8 31
8 16 35
16 9 30
9 16 24
16 11 55
11 16 45
16 12 11
12 16 21
16 14 47
14 16 46
16 17 17
17 16 14
16 21 38
21 16 33
16 24 22
24 16 16
16 25 26
25 16 28
16 26 11
26 16 22
16 28 31
28 16 24
16 29 34
29 16 33
16 31 53
31 16 41
16 32 11
32 16 17
16 36 61
36 16 42
16 38 36
38 16 40
16 39 16
39 16 26
16 40 21
40 16 17
16 42 14
42 16 23
16 43 13
43 16 18
16 47 52
47 16 36
16 50 22
50 16 21
16 55 23
55 16 36
16 57 41
57 16 45
16 58 19
58 16 31
16 60 47
60 16 54
16 62 25
62 16 18
16 63 6
63 16 6
16 64 36
64 16 31
16 70 60
70 16 53
16 71 29
71 16 49
16 72 23
72 16 28
16 74 20
74 16 25
16 75 16
75 16 19
16 76 19
76 16 19
18 19 33
19 18 54
18 20 57
20 18 71
18 22 40
22 18 46
18 23 39
23 18 28
18 27 54
27 18 51
18 30 41
30 18 45
18 33 42
33 18 32
18 34 65
34 18 44
18 35 68
35 18 46
18 37 45
37 18 65
18 41 55
41 18 39
18 44 13
44 18 14
18 45 48
45 18 48
18 46 31
46 18 44
18 48 26
48 18 52
18 49 23
49 18 18
18 51 35
51 18 26
18 52 52
52 18 48
18 53 62
53 18 46
18 54 44
54 18 60
18 56 29
56 18 31
18 59 81
59 18 61
18 61 69
61 18 57
18 65 43
65 18 43
18 66 41
66 18 50
18 67 38
67 18 38
18 68 20
68 18 37
18 69 96
69 18 66
18 73 23
73 18 37
18 2 35
2 18 40
18 3 13
3 18 16
18 6 37
6 18 33
18 8 28
8 18 47
18 9 12
9 18 17
18 11 52
11 18 47
18 12 29
12 18 26
18 14 38
14 18 53
18 17 38
17 18 27
18 21 68
21 18 55
18 24 10
24 18 13
18 25 14
25 18 11
18 26 23
26 18 34
18 28 36
28 18 48
18 29 44
29 18 52
18 31 16
31 18 29
18 32 15
32 18 13
18 36 42
36 18 64
18 38 22
38 18 39
18 39 14
39 18 21
18 40 23
40 18 22
18 42 51
42 18 42
18 43 53
43 18 38
18 47 77
47 18 58
18 50 3
50 18 6
18 55 20
55 18 14
18 57 70
57 18 63
18 58 26
58 18 31
18 60 58
60 18 75
18 62 39
62 18 42
18 63 41
63 18 28
18 64 36
64 18 51
18 70 105
70 18 74
18 71 75
71 18 71
18 72 18
72 18 26
18 74 27
74 18 48
18 75 53
75 18 36
18 76 36
76 18 35
19 20 37
20 19 34
19 22 45
22 19 50
19 23 35
23 19 55
19 27 10
27 19 16
19 30 18
30 19 29
19 33 59
33 19 41
19 34 16
34 19 14
19 35 8
35 19 7
19 37 32
37 19 33
19 41 35
41 19 58
19 44 39
44 19 41
19 45 23
45 19 22
19 46 18
46 19 13
19 48 28
48 19 30
19 49 61
49 19 51
19 51 39
51 19 34
19 52 7
52 19 13
19 53 16
53 19 11
19 54 6
54 19 9
19 56 78
56 19 60
19 59 25
59 19 18
19 61 45
61 19 49
19 65 32
65 19 25
19 66 28
66 19 25
19 67 10
67 19 18
19 68 28
68 19 28
19 69 65
69 19 46
19 73 58
73 19 42
19 2 26
2 19 34
19 3 43
3 19 41
19 6 44
6 19 32
19 8 10
8 19 8
19 9 52
9 19 38
19 11 22
11 19 18
19 12 14
12 19 27
19 14 5
14 19 9
19 17 38
17 19 29
19 21 29
21 19 39
19 24 48
24 19 55
19 25 59
25 19 48
19 26 21
26 19 21
19 28 58
28 19 42
19 29 18
29 19 24
19 31 41
31 19 42
19 32 54
32 19 40
19 36 29
36 19 39
19 38 21
38 19 23
19 39 41
39 19 34
19 40 25
40 19 32
19 42 49
42 19 58
19 43 27
43 19 54
19 47 41
47 19 35
19 50 57
50 19 47
19 55 29
55 19 56
19 57 13
57 19 21
19 58 24
58 19 25
19 60 23
60 19 44
19 62 37
62 19 42
19 63 27
63 19 46
19 64 54
64 19 63
19 70 26
70 19 40
19 71 52
71 19 43
19 72 20
72 19 29
19 74 32
74 19 36
19 75 12
75 19 24
19 76 22
76 19 23
20 22 28
22 20 40
20 23 48
23 20 57
20 27 25
27 20 23
20 30 27
30 20 26
20 33 45
33 20 43
20 34 21
34 20 31
20 35 56
35 20 38
20 37 3
37 20 6
20 41 46
41 20 54
20 44 30
44 20 56
20 45 26
45 20 22
20 46 30
46 20 32
20 48 19
48 20 19
20 49 51
49 20 59
20 51 61
51 20 44
20 52 33
52 20 27
20 53 41
53 20 44
20 54 19
54 20 27
20 56 81
56 20 61
20 59 27
59 20 50
20 61 26
61 20 31
20 65 71
65 20 58
20 66 42
66 20 59
20 67 23
67 20 35
20 68 44
68 20 34
20 69 15
69 20 19
20 73 38
73 20 40
20 2 43
2 20 32
20 3 46
3 20 55
20 6 41
6 20 39
20 8 49
8 20 33
20 9 80
9 20 60
20 11 32
11 20 52
20 12 42
12 20 48
20 14 52
14 20 43
20 17 32
17 20 45
20 21 29
21 20 22
20 24 82
24 20 66
20 25 72
25 20 70
20 26 57
26 20 41
20 28 45
28 20 31
20 29 15
29 20 18
20 31 98
31 20 71
20 32 65
32 20 58
20 36 9
36 20 13
20 38 49
38 20 55
20 39 77
39 20 58
20 40 33
40 20 51
20 42 32
42 20 51
20 43 35
43 20 50
20 47 16
47 20 16
20 50 39
50 20 66
20 55 74
55 20 79
20 57 16
57 20 13
20 58 59
58 20 53
20 60 11
60 20 10
20 62 43
62 20 36
20 63 25
63 20 48
20 64 64
64 20 52
20 70 8
70 20 6
20 71 9
71 20 11
20 72 31
72 20 55
20 74 39
74 20 27
20 75 20
75 20 34
20 76 21
76 20 36
22 23 26
23 22 21
22 27 32
27 22 36
22 30 23
30 22 21
22 33 16
33 22 16
22 34 51
34 22 36
22 35 39
35 22 47
22 37 26
37 22 34
22 41 21
41 22 15
22 44 44
44 22 35
22 45 34
45 22 29
22 46 46
46 22 38
22 48 17
48 22 23
22 49 40
49 22 29
22 51 30
51 22 26
22 52 47
52 22 37
22 53 73
53 22 53
22 54 37
54 22 49
22 56 18
56 22 23
22 59 49
59 22 67
22 61 6
61 22 12
22 65 81
65 22 62
22 66 74
66 22 67
22 67 40
67 22 35
22 68 34
68 22 23
22 69 33
69 22 26
22 73 13
73 22 11
22 2 9
2 22 16
22 3 18
3 22 32
22 6 15
6 22 22
22 8 32
8 22 43
22 9 30
9 22 46
22 11 65
11 22 60
22 12 44
12 22 39
22 14 56
14 22 57
22 17 22
17 22 32
22 21 16
21 22 18
22 24 22
24 22 36
22 25 52
25 22 52
22 26 40
26 22 36
22 28 9
28 22 9
22 29 21
29 22 29
22 31 53
31 22 63
22 32 51
32 22 40
22 36 30
36 22 28
22 38 75
38 22 57
22 39 39
39 22 47
22 40 46
40 22 37
22 42 7
42 22 11
22 43 16
43 22 12
22 47 33
47 22 24
22 50 42
50 22 44
22 55 35
55 22 59
22 57 34
57 22 41
22 58 61
58 22 49
22 60 36
60 22 39
22 62 4
62 22 8
22 63 20
63 22 18
22 64 8
64 22 14
22 70 58
70 22 40
22 71 37
71 22 34
22 72 27
72 22 48
22 74 22
74 22 15
22 75 24
75 22 27
22 76 38
76 22 30
23 27 35
27 23 44
23 30 27
30 23 32
23 33 14
33 23 15
23 34 34
34 23 41
23 35 45
35 23 49
23 37 73
37 23 51
23 41 13
41 23 11
23 44 24
44 23 22
23 45 58
45 23 39
23 46 59
46 23 42
23 48 22
48 23 38
23 49 14
49 23 10
23 51 27
51 23 21
23 52 22
52 23 44
23 53 44
53 23 53
23 54 53
54 23 57
23 56 6
56 23 6
23 59 77
59 23 69
23 61 49
61 23 33
23 65 85
65 23 57
23 66 93
66 23 64
23 67 20
67 23 37
23 68 21
68 23 27
23 69 43
69 23 46
23 73 11
73 23 16
23 2 34
2 23 25
23 3 10
3 23 20
23 6 16
6 23 23
23 8 53
8 23 47
23 9 18
9 23 34
23 11 43
11 23 57
23 12 44
12 23 33
23 14 53
14 23 59
23 17 22
17 23 27
23 21 20
21 23 36
23 24 23
24 23 16
23 25 32
25 23 36
23 26 48
26 23 35
23 28 33
28 23 27
23 29 48
29 23 41
23 31 32
31 23 52
23 32 22
32 23 27
23 36 45
36 23 47
23 38 72
38 23 52
23 39 50
39 23 37
23 40 17
40 23 29
23 42 20
42 23 15
23 43 13
43 23 10
23 47 21
47 23 41
23 50 21
50 23 28
23 55 56
55 23 42
23 57 73
57 23 54
23 58 42
58 23 43
23 60 49
60 23 58
23 62 19
62 23 21
23 63 7
63 23 9
23 64 34
64 23 23
23 70 72
70 23 58
23 71 43
71 23 53
23 72 33
72 23 40
23 74 36
74 23 30
23 75 32
75 23 30
23 76 43
76 23 31
27 30 13
30 27 14
27 33 26
33 27 29
27 34 8
34 27 8
27 35 16
35 27 16
27 37 26
37 27 20
27 41 30
41 27 46
27 44 41
44 27 37
27 45 6
45 27 6
27 46 12
46 27 9
27 48 14
48 27 15
27 49 23
49 27 43
27 51 32
51 27 26
27 52 5
52 27 4
27 53 12
53 27 23
27 54 13
54 27 14
27 56 37
56 27 49
27 59 19
59 27 34
27 61 27
61 27 34
27 65 41
65 27 36
27 66 24
66 27 38
27 67 7
67 27 13
27 68 18
68 27 17
27 69 30
69 27 30
27 73 40
73 27 30
27 2 27
2 27 21
27 3 38
3 27 36
27 6 28
6 27 22
27 8 9
8 27 11
27 9 39
9 27 38
27 11 22
11 27 31
27 12 31
12 27 26
27 14 14
14 27 24
27 17 29
17 27 24
27 21 19
21 27 24
27 24 52
24 27 49
27 25 35
25 27 48
27 26 10
26 27 18
27 28 21
28 27 27
27 29 6
29 27 9
27 31 25
31 27 48
27 32 29
32 27 38
27 36 19
36 27 24
27 38 46
38 27 33
27 39 39
39 27 36
27 40 17
40 27 30
27 42 36
42 27 44
27 43 50
43 27 42
27 47 20
47 27 20
27 50 46
50 27 46
27 55 66
55 27 58
27 57 17
57 27 12
27 58 34
58 27 30
27 60 43
60 27 31
27 62 27
62 27 28
27 63 30
63 27 35
27 64 48
64 27 49
27 70 41
70 27 28
27 71 23
71 27 29
27 72 19
72 27 33
27 74 28
74 27 20
27 75 21
75 27 15
27 76 20
76 27 16
30 33 18
33 30 17
30 34 21
34 30 16
30 35 15
35 30 27
30 37 16
37 30 20
30 41 27
41 30 32
30 44 38
44 30 31
30 45 8
45 30 8
30 46 12
46 30 18
30 48 7
48 30 7
30 49 37
49 30 33
30 51 25
51 30 19
30 52 19
52 30 16
30 53 46
53 30 33
30 54 37
54 30 28
30 56 44
56 30 37
30 59 34
59 30 47
30 61 23
61 30 21
30 65 55
65 30 45
30 66 33
66 30 48
30 67 23
67 30 16
30 68 10
68 30 9
30 69 23
69 30 23
30 73 14
73 30 16
30 2 7
2 30 7
30 3 37
3 30 29
30 6 8
6 30 13
30 8 29
8 30 22
30 9 34
9 30 37
30 11 22
11 30 41
30 12 24
12 30 26
30 14 19
14 30 36
30 17 21
17 30 21
30 21 19
21 30 13
30 24 21
24 30 40
30 25 56
25 30 46
30 26 20
26 30 20
30 28 17
28 30 13
30 29 11
29 30 9
30 31 40
31 30 51
30 32 44
32 30 34
30 36 13
36 30 19
30 38 28
38 30 40
30 39 24
39 30 36
30 40 40
40 30 27
30 42 39
42 30 30
30 43 21
43 30 28
30 47 15
47 30 13
30 50 24
50 30 41
30 55 82
55 30 55
30 57 31
57 30 22
30 58 20
58 30 34
30 60 15
60 30 30
30 62 10
62 30 14
30 63 26
63 30 23
30 64 28
64 30 35
30 70 35
70 30 29
30 71 16
71 30 26
30 72 27
72 30 35
30 74 9
74 30 7
30 75 13
75 30 11
30 76 7
76 30 14
33 34 36
34 33 26
33 35 20
35 33 36
33 37 32
37 33 37
33 41 21
41 33 18
33 44 12
44 33 20
33 45 33
45 33 24
33 46 30
46 33 28
33 48 32
48 33 23
33 49 21
49 33 17
33 51 10
51 33 10
33 52 21
52 33 29
33 53 59
53 33 40
33 54 48
54 33 42
33 56 26
56 33 20
33 59 72
59 33 56
33 61 31
61 33 25
33 65 45
65 33 47
33 66 62
66 33 53
33 67 13
67 33 23
33 68 16
68 33 13
33 69 19
69 33 35
33 73 4
73 33 5
33 2 5
2 33 10
33 3 12
3 33 17
33 6 8
6 33 9
33 8 25
8 33 33
33 9 28
9 33 30
33 11 66
11 33 46
33 12 19
12 33 24
33 14 49
14 33 46
33 17 21
17 33 17
33 21 32
21 33 24
33 24 23
24 33 24
33 25 49
25 33 36
33 26 13
26 33 23
33 28 18
28 33 16
33 29 37
29 33 26
33 31 30
31 33 47
33 32 23
32 33 24
33 36 32
36 33 34
33 38 32
38 33 43
33 39 21
39 33 31
33 40 17
40 33 21
33 42 19
42 33 19
33 43 8
43 33 14
33 47 31
47 33 28
33 50 37
50 33 29
33 55 28
55 33 44
33 57 52
57 33 39
33 58 38
58 33 34
33 60 48
60 33 45
33 62 10
62 33 10
33 63 8
63 33 6
33 64 20
64 33 26
33 70 48
70 33 45
33 71 36
71 33 41
33 72 37
72 33 32
33 74 15
74 33 17
33 75 13
75 33 16
33 76 22
76 33 18
34 35 16
35 34 11
34 37 14
37 34 27
34 41 44
41 34 44
34 44 33
44 34 30
34 45 5
45 34 10
34 46 1
46 34 2
34 48 11
48 34 19
34 49 36
49 34 38
34 51 13
51 34 21
34 52 2
52 34 4
34 53 22
53 34 18
34 54 17
54 34 17
34 56 53
56 34 46
34 59 26
59 34 31
34 61 38
61 34 37
34 65 28
65 34 30
34 66 43
66 34 33
34 67 7
67 34 5
34 68 13
68 34 14
34 69 39
69 34 36
34 73 35
73 34 28
34 2 20
2 34 20
34 3 38
3 34 29
34 6 21
6 34 18
34 8 8
8 34 7
34 9 36
9 34 31
34 11 21
11 34 25
34 12 25
12 34 19
34 14 28
14 34 21
34 17 18
17 34 17
34 21 20
21 34 28
34 24 58
24 34 43
34 25 47
25 34 41
34 26 14
26 34 11
34 28 32
28 34 28
34 29 11
29 34 14
34 31 45
31 34 41
34 32 25
32 34 31
34 36 44
36 34 30
34 38 25
38 34 26
34 39 26
39 34 28
34 40 30
40 34 22
34 42 31
42 34 44
34 43 42
43 34 40
34 47 15
47 34 25
34 50 43
50 34 38
34 55 27
55 34 50
34 57 19
57 34 20
34 58 11
58 34 22
34 60 43
60 34 39
34 62 27
62 34 28
34 63 16
63 34 32
34 64 71
64 34 49
34 70 33
70 34 36
34 71 19
71 34 36
34 72 36
72 34 25
34 74 17
74 34 22
34 75 8
75 34 10
34 76 7
76 34 10
35 37 41
37 35 35
35 41 49
41 35 54
35 44 49
44 35 34
35 45 11
45 35 21
35 46 10
46 35 9
35 48 31
48 35 30
35 49 31
49 35 45
35 51 41
51 35 28
35 52 8
52 35 12
35 53 6
53 35 7
35 54 11
54 35 15
35 56 65
56 35 55
35 59 27
59 35 21
35 61 38
61 35 48
35 65 22
65 35 21
35 66 13
66 35 22
35 67 17
67 35 13
35 68 30
68 35 24
35 69 42
69 35 46
35 73 34
73 35 38
35 2 29
2 35 31
35 3 48
3 35 34
35 6 28
6 35 27
35 8 7
8 35 5
35 9 15
9 35 30
35 11 12
11 35 15
35 12 25
12 35 20
35 14 6
14 35 10
35 17 34
17 35 23
35 21 47
21 35 39
35 24 65
24 35 49
35 25 20
25 35 40
35 26 15
26 35 15
35 28 30
28 35 39
35 29 21
29 35 24
35 31 21
31 35 35
35 32 24
32 35 33
35 36 47
36 35 40
35 38 20
38 35 18
35 39 21
39 35 27
35 40 28
40 35 25
35 42 31
42 35 54
35 43 36
43 35 50
35 47 28
47 35 35
35 50 31
50 35 40
35 55 26
55 35 49
35 57 22
57 35 25
35 58 22
58 35 18
35 60 34
60 35 47
35 62 39
62 35 39
35 63 47
63 35 40
35 64 57
64 35 60
35 70 56
70 35 43
35 71 46
71 35 45
35 72 13
72 35 22
35 74 31
74 35 34
35 75 10
75 35 20
35 76 24
76 35 18
37 41 70
41 37 48
37 44 43
44 37 51
37 45 14
45 37 18
37 46 37
46 37 28
37 48 16
48 37 13
37 49 35
49 37 53
37 51 46
51 37 39
37 52 32
52 37 24
37 53 32
53 37 42
37 54 34
54 37 27
37 56 36
56 37 55
37 59 30
59 37 50
37 61 37
61 37 26
37 65 38
65 37 56
37 66 48
66 37 57
37 67 40
67 37 31
37 68 23
68 37 28
37 69 10
69 37 15
37 73 35
73 37 34
37 2 31
2 37 26
37 3 67
3 37 49
37 6 49
6 37 33
37 8 24
8 37 30
37 9 33
9 37 56
37 11 44
11 37 50
37 12 56
12 37 44
37 14 47
14 37 42
37 17 23
17 37 40
37 21 11
21 37 16
37 24 31
24 37 60
37 25 58
25 37 65
37 26 34
26 37 36
37 28 17
28 37 25
37 29 20
29 37 14
37 31 37
31 37 68
37 32 39
32 37 54
37 36 4
36 37 8
37 38 71
38 37 53
37 39 77
39 37 54
37 40 68
40 37 46
37 42 52
42 37 45
37 43 40
43 37 44
37 47 11
47 37 10
37 50 52
50 37 61
37 55 96
55 37 74
37 57 14
57 37 13
37 58 70
58 37 49
37 60 17
60 37 12
37 62 24
62 37 30
37 63 57
63 37 42
37 64 55
64 37 46
37 70 11
70 37 9
37 71 6
71 37 10
37 72 31
72 37 51
37 74 29
74 37 21
37 75 40
75 37 30
37 76 34
76 37 32
41 44 35
44 41 32
41 45 28
45 41 40
41 46 58
46 41 46
41 48 18
48 41 36
41 49 19
49 41 21
41 51 15
51 41 28
41 52 45
52 41 46
41 53 69
53 41 58
41 54 57
54 41 59
41 56 5
56 41 10
41 59 95
59 41 74
41 61 36
61 41 26
41 65 90
65 41 65
41 66 36
66 41 71
41 67 23
67 41 41
41 68 29
68 41 30
41 69 37
69 41 40
41 73 14
73 41 16
41 2 37
2 41 26
41 3 21
3 41 29
41 6 29
6 41 27
41 8 66
8 41 51
41 9 43
9 41 44
41 11 77
11 41 64
41 12 45
12 41 41
41 14 85
14 41 64
41 17 40
17 41 34
41 21 18
21 41 32
41 24 32
24 41 26
41 25 64
25 41 47
41 26 22
26 41 41
41 28 25
28 41 23
41 29 27
29 41 41
41 31 86
31 41 62
41 32 49
32 41 37
41 36 51
36 41 43
41 38 47
38 41 60
41 39 69
39 41 47
41 40 40
40 41 38
41 42 4
42 41 4
41 43 4
43 41 4
41 47 48
47 41 38
41 50 42
50 41 39
41 55 71
55 41 53
41 57 79
57 41 54
41 58 71
58 41 51
41 60 55
60 41 54
41 62 25
62 41 18
41 63 10
63 41 15
41 64 10
64 41 12
41 70 52
70 41 55
41 71 70
71 41 49
41 72 53
72 41 49
41 74 18
74 41 28
41 75 22
75 41 34
41 76 37
76 41 36
44 45 18
45 44 34
44 46 20
46 44 31
44 48 56
48 44 38
44 49 18
49 44 13
44 51 14
51 44 12
44 52 42
52 44 34
44 53 28
53 44 35
44 54 35
54 44 47
44 56 39
56 44 27
44 59 75
59 44 52
44 61 62
61 44 45
44 65 25
65 44 36
44 66 35
66 44 43
44 67 37
67 44 25
44 68 12
68 44 23
44 69 60
69 44 53
44 73 17
73 44 25
44 2 16
2 44 27
44 3 4
3 44 3
44 6 15
6 44 18
44 8 32
8 44 34
44 9 10
9 44 12
44 11 48
11 44 38
44 12 16
12 44 14
44 14 53
14 44 42
44 17 13
17 44 13
44 21 54
21 44 42
44 24 22
24 44 15
44 25 22
25 44 16
44 26 16
26 44 20
44 28 29
28 44 35
44 29 44
29 44 38
44 31 29
31 44 30
44 32 6
32 44 5
44 36 68
36 44 50
44 38 46
38 44 32
44 39 16
39 44 15
44 40 6
40 44 9
44 42 29
42 44 34
44 43 27
43 44 29
44 47 46
47 44 44
44 50 13
50 44 10
44 55 25
55 44 25
44 57 71
57 44 49
44 58 14
58 44 22
44 60 67
60 44 61
44 62 22
62 44 29
44 63 21
63 44 18
44 64 26
64 44 43
44 70 66
70 44 60
44 71 51
71 44 57
44 72 24
72 44 18
44 74 31
74 44 34
44 75 18
75 44 22
44 76 16
76 44 21
45 46 15
46 45 12
45 48 10
48 45 9
45 49 37
49 45 39
45 51 34
51 45 23
45 52 8
52 45 9
45 53 22
53 45 27
45 54 22
54 45 20
45 56 57
56 45 44
45 59 38
59 45 39
45 61 14
61 45 28
45 65 27
65 45 40
45 66 52
66 45 42
45 67 14
67 45 13
45 68 15
68 45 12
45 69 22
69 45 26
45 73 35
73 45 24
45 2 21
2 45 15
45 3 42
3 45 33
45 6 20
6 45 17
45 8 18
8 45 16
45 9 56
9 45 38
45 11 25
11 45 35
45 12 22
12 45 26
45 14 44
14 45 30
45 17 29
17 45 22
45 21 16
21 45 18
45 24 48
24 45 45
45 25 38
25 45 47
45 26 21
26 45 18
45 28 17
28 45 21
45 29 4
29 45 4
45 31 32
31 45 50
45 32 22
32 45 36
45 36 21
36 45 20
45 38 49
38 45 36
45 39 33
39 45 36
45 40 27
40 45 28
45 42 46
42 45 38
45 43 46
43 45 36
45 47 22
47 45 15
45 50 52
50 45 44
45 55 38
55 45 57
45 57 8
57 45 15
45 58 27
58 45 32
45 60 22
60 45 30
45 62 31
62 45 22
45 63 40
63 45 30
45 64 37
64 45 43
45 70 36
70 45 27
45 71 21
71 45 27
45 72 42
72 45 34
45 74 11
74 45 14
45 75 6
75 45 12
45 76 17
76 45 14
46 48 23
48 46 21
46 49 31
49 46 39
46 51 31
51 46 22
46 52 5
52 46 5
46 53 12
53 46 16
46 54 9
54 46 16
46 56 69
56 46 48
46 59 42
59 46 29
46 61 32
61 46 39
46 65 32
65 46 28
46 66 20
66 46 31
46 67 3
67 46 6
46 68 10
68 46 16
46 69 55
69 46 38
46 73 25
73 46 30
46 2 13
2 46 22
46 3 21
3 46 30
46 6 13
6 46 20
46 8 7
8 46 5
46 9 30
9 46 30
46 11 15
11 46 23
46 12 14
12 46 18
46 14 17
14 46 19
46 17 11
17 46 18
46 21 22
21 46 30
46 24 41
24 46 44
46 25 54
25 46 40
46 26 16
26 46 11
46 28 43
28 46 30
46 29 12
29 46 16
46 31 30
31 46 39
46 32 29
32 46 31
46 36 21
36 46 32
46 38 22
38 46 24
46 39 29
39 46 28
46 40 22
40 46 22
46 42 40
42 46 46
46 43 62
43 46 42
46 47 37
47 46 27
46 50 28
50 46 39
46 55 34
55 46 50
46 57 16
57 46 21
46 58 15
58 46 21
46 60 23
60 46 40
46 62 30
62 46 30
46 63 33
63 46 33
46 64 45
64 46 51
46 70 41
70 46 37
46 71 20
71 46 38
46 72 33
72 46 24
46 74 27
74 46 25
46 75 17
75 46 12
46 76 7
76 46 11
48 49 51
49 48 40
48 51 14
51 48 26
48 52 16
52 48 18
48 53 41
53 48 37
48 54 25
54 48 28
48 56 23
56 48 42
48 59 30
59 48 48
48 61 11
61 48 19
48 65 56
65 48 49
48 66 42
66 48 52
48 67 18
67 48 21
48 68 11
68 48 16
48 69 15
69 48 17
48 73 28
73 48 21
48 2 15
2 48 13
48 3 23
3 48 36
48 6 20
6 48 20
48 8 19
8 48 25
48 9 48
9 48 44
48 11 46
11 48 44
48 12 26
12 48 33
48 14 49
14 48 39
48 17 36
17 48 27
48 21 7
21 48 9
48 24 70
24 48 47
48 25 69
25 48 53
48 26 22
26 48 26
48 28 10
28 48 14
48 29 3
29 48 6
48 31 79
31 48 58
48 32 55
32 48 41
48 36 9
36 48 12
48 38 35
38 48 45
48 39 43
39 48 43
48 40 47
40 48 34
48 42 41
42 48 34
48 43 21
43 48 32
48 47 4
47 48 6
48 50 61
50 48 48
48 55 75
55 48 62
48 57 14
57 48 18
48 58 46
58 48 40
48 60 28
60 48 23
48 62 22
62 48 18
48 63 33
63 48 29
48 64 24
64 48 37
48 70 26
70 48 22
48 71 22
71 48 19
48 72 40
72 48 41
48 74 4
74 48 8
48 75 16
75 48 18
48 76 24
76 48 21
49 51 14
51 49 17
49 52 55
52 49 42
49 53 34
53 49 47
49 54 50
54 49 55
49 56 11
56 49 14
49 59 87
59 49 64
49 61 45
61 49 40
49 65 36
65 49 50
49 66 57
66 49 56
49 67 18
67 49 33
49 68 17
68 49 26
49 69 44
69 49 51
49 73 18
73 49 20
49 2 16
2 49 27
49 3 7
3 49 11
49 6 25
6 49 21
49 8 58
8 49 44
49 9 15
9 49 25
49 11 42
11 49 50
49 12 15
12 49 26
49 14 72
14 49 53
49 17 15
17 49 22
49 21 50
21 49 41
49 24 4
24 49 7
49 25 14
25 49 26
49 26 27
26 49 30
49 28 45
28 49 32
49 29 62
29 49 42
49 31 21
31 49 42
49 32 26
32 49 18
49 36 60
36 49 50
49 38 26
38 49 45
49 39 41
39 49 28
49 40 19
40 49 22
49 42 27
42 49 24
49 43 27
43 49 19
49 47 22
47 49 44
49 50 25
50 49 18
49 55 19
55 49 32
49 57 79
57 49 54
49 58 44
58 49 36
49 60 72
60 49 62
49 62 27
62 49 25
49 63 9
63 49 11
49 64 24
64 49 33
49 70 57
70 49 62
49 71 41
71 49 57
49 72 20
72 49 32
49 74 41
74 49 33
49 75 22
75 49 28
49 76 32
76 49 28
51 52 26
52 51 25
51 53 23
53 51 32
51 54 42
54 51 38
51 56 26
56 51 27
51 59 35
59 51 48
51 61 31
61 51 34
51 65 34
65 51 37
51 66 35
66 51 43
51 67 17
67 51 16
51 68 7
68 51 11
51 69 60
69 51 41
51 73 8
73 51 15
51 2 21
2 51 15
51 3 13
3 51 10
51 6 8
6 51 6
51 8 28
8 51 27
51 9 18
9 51 20
51 11 41
11 51 36
51 12 15
12 51 13
51 14 29
14 51 38
51 17 3
17 51 6
51 21 30
21 51 30
51 24 16
24 51 22
51 25 25
25 51 28
51 26 18
26 51 14
51 28 18
28 51 24
51 29 13
29 51 26
51 31 27
31 51 37
51 32 16
32 51 16
51 36 46
36 51 38
51 38 44
38 51 32
51 39 25
39 51 21
51 40 7
40 51 11
51 42 36
42 51 29
51 43 30
43 51 24
51 47 20
47 51 32
51 50 14
50 51 22
51 55 45
55 51 36
51 57 56
57 51 38
51 58 23
58 51 24
51 60 57
60 51 49
51 62 23
62 51 19
51 63 11
63 51 13
51 64 31
64 51 37
51 70 26
70 51 48
51 71 34
71 51 45
51 72 32
72 51 22
51 74 17
74 51 22
51 75 11
75 51 11
51 76 16
76 51 11
52 53 26
53 52 19
52 54 8
54 52 13
52 56 42
56 52 50
52 59 42
59 52 31
52 61 34
61 52 37
52 65 44
65 52 32
52 66 19
66 52 34
52 67 13
67 52 10
52 68 12
68 52 17
52 69 43
69 52 34
52 73 16
73 52 30
52 2 12
2 52 22
52 3 45
3 52 33
52 6 24
6 52 21
52 8 8
8 52 7
52 9 43
9 52 35
52 11 16
11 52 27
52 12 21
12 52 23
52 14 17
14 52 21
52 17 11
17 52 21
52 21 40
21 52 27
52 24 68
24 52 47
52 25 45
25 52 45
52 26 13
26 52 15
52 28 41
28 52 29
52 29 16
29 52 12
52 31 23
31 52 44
52 32 36
32 52 35
52 36 18
36 52 28
52 38 18
38 52 29
52 39 38
39 52 33
52 40 22
40 52 27
52 42 57
42 52 46
52 43 22
43 52 42
52 47 25
47 52 23
52 50 31
50 52 43
52 55 77
55 52 54
52 57 17
57 52 16
52 58 15
58 52 26
52 60 23
60 52 35
52 62 26
62 52 30
52 63 41
63 52 35
52 64 42
64 52 51
52 70 23
70 52 32
52 71 30
71 52 33
52 72 28
72 52 29
52 74 26
74 52 23
52 75 15
75 52 14
52 76 19
76 52 14
53 54 13
54 53 20
53 56 30
56 53 59
53 59 20
59 53 17
53 61 50
61 53 54
53 65 11
65 53 14
53 66 14
66 53 15
53 67 16
67 53 18
53 68 27
68 53 29
53 69 68
69 53 53
53 73 61
73 53 43
53 2 47
2 53 36
53 3 47
3 53 36
53 6 29
6 53 32
53 8 9
8 53 12
53 9 37
9 53 29
53 11 5
11 53 8
53 12 26
12 53 21
53 14 8
14 53 7
53 17 30
17 53 26
53 21 35
21 53 45
53 24 69
24 53 50
53 25 51
25 53 39
53 26 25
26 53 18
53 28 59
28 53 46
53 29 21
29 53 31
53 31 38
31 53 31
53 32 33
32 53 33
53 36 57
36 53 47
53 38 17
38 53 12
53 39 32
39 53 25
53 40 34
40 53 26
53 42 88
42 53 59
53 43 63
43 53 54
53 47 42
47 53 42
53 50 37
50 53 40
53 55 25
55 53 47
53 57 43
57 53 32
53 58 21
58 53 15
53 60 30
60 53 54
53 62 61
62 53 45
53 63 24
63 53 44
53 64 55
64 53 66
53 70 70
70 53 50
53 71 71
71 53 52
53 72 28
72 53 20
53 74 39
74 53 40
53 75 31
75 53 25
53 76 20
76 53 23
54 56 85
56 54 63
54 59 23
59 54 23
54 61 52
61 54 47
54 65 23
65 54 34
54 66 36
66 54 33
54 67 29
67 54 22
54 68 33
68 54 30
54 69 61
69 54 41
54 73 23
73 54 43
54 2 43
2 54 34
54 3 55
3 54 46
54 6 42
6 54 34
54 8 19
8 54 13
54 9 61
9 54 45
54 11 36
11 54 27
54 12 21
12 54 34
54 14 18
14 54 17
54 17 29
17 54 34
54 21 27
21 54 36
54 24 61
24 54 60
54 25 28
25 54 55
54 26 26
26 54 26
54 28 26
28 54 41
54 29 24
29 54 21
54 31 53
31 54 50
54 32 62
32 54 47
54 36 48
36 54 34
54 38 32
38 54 32
54 39 27
39 54 42
54 40 52
40 54 38
54 42 39
42 54 58
54 43 81
43 54 55
54 47 36
47 54 31
54 50 42
50 54 54
54 55 82
55 54 64
54 57 11
57 54 14
54 58 46
58 54 33
54 60 55
60 54 37
54 62 63
62 54 43
54 63 64
63 54 48
54 64 39
64 54 63
54 70 34
70 54 33
54 71 39
71 54 37
54 72 31
72 54 37
54 74 48
74 54 34
54 75 17
75 54 27
54 76 20
76 54 27
56 59 79
59 56 75
56 61 53
61 56 36
56 65 89
65 56 63
56 66 68
66 56 69
56 67 46
67 56 43
56 68 49
68 56 33
56 69 64
69 56 49
56 73 22
73 56 21
56 2 32
2 56 30
56 3 17
3 56 25
56 6 19
6 56 28
56 8 75
8 56 53
56 9 42
9 56 39
56 11 89
11 56 63
56 12 56
12 56 39
56 14 57
14 56 64
56 17 31
17 56 33
56 21 56
21 56 39
56 24 12
24 56 18
56 25 41
25 56 40
56 26 38
26 56 41
56 28 35
28 56 30
56 29 50
29 56 46
56 31 49
31 56 56
56 32 29
32 56 32
56 36 63
36 56 50
56 38 64
38 56 58
56 39 29
39 56 42
56 40 43
40 56 35
56 42 18
42 56 14
56 43 16
43 56 12
56 47 66
47 56 45
56 50 24
50 56 32
56 55 63
55 56 45
56 57 77
57 56 59
56 58 51
58 56 49
56 60 84
60 56 62
56 62 37
62 56 25
56 63 11
63 56 15
56 64 15
64 56 22
56 70 68
70 56 62
56 71 66
71 56 57
56 72 63
72 56 45
56 74 36
74 56 34
56 75 22
75 56 36
56 76 46
76 56 37
59 61 62
61 59 67
59 65 16
65 59 21
59 66 17
66 59 15
59 67 21
67 59 33
59 68 62
68 59 44
59 69 49
69 59 63
59 73 77
73 59 58
59 2 32
2 59 51
59 3 77
3 59 52
59 6 24
6 59 47
59 8 26
8 59 24
59 9 31
9 59 44
59 11 11
11 59 15
59 12 39
12 59 37
59 14 8
14 59 11
59 17 31
17 59 42
59 21 44
21 59 57
59 24 69
24 59 66
59 25 54
25 59 53
59 26 37
26 59 34
59 28 54
28 59 59
59 29 21
29 59 42
59 31 25
31 59 41
59 32 28
32 59 49
59 36 57
36 59 56
59 38 21
38 59 23
59 39 45
39 59 40
59 40 46
40 59 42
59 42 59
42 59 74
59 43 40
43 59 70
59 47 51
47 59 53
59 50 53
50 59 55
59 55 65
55 59 60
59 57 39
57 59 37
59 58 43
58 59 30
59 60 52
60 59 60
59 62 49
62 59 59
59 63 43
63 59 60
59 64 65
64 59 80
59 70 53
70 59 56
59 71 84
71 59 60
59 72 42
72 59 35
59 74 68
74 59 53
59 75 39
75 59 40
59 76 47
76 59 38
61 65 84
65 61 66
61 66 70
66 61 69
61 67 43
67 61 37
61 68 26
68 61 27
61 69 19
69 61 14
61 73 24
73 61 20
61 2 16
2 61 20
61 3 23
3 61 42
61 6 18
6 61 28
61 8 63
8 61 43
61 9 32
9 61 54
61 11 87
11 61 62
61 12 48
12 61 45
61 14 84
14 61 57
61 17 34
17 61 38
61 21 11
21 61 11
61 24 24
24 61 47
61 25 54
25 61 61
61 26 36
26 61 40
61 28 11
28 61 10
61 29 22
29 61 25
61 31 63
31 61 70
61 32 55
32 61 49
61 36 26
36 61 18
61 38 39
38 61 61
61 39 61
39 61 54
61 40 53
40 61 44
61 42 26
42 61 22
61 43 33
43 61 24
61 47 19
47 61 17
61 50 78
50 61 54
61 55 96
55 61 69
61 57 33
57 61 36
61 58 34
58 61 54
61 60 16
60 61 28
61 62 11
62 61 15
61 63 29
63 61 29
61 64 30
64 61 21
61 70 29
70 61 30
61 71 20
71 61 23
61 72 58
72 61 54
61 74 8
74 61 15
61 75 22
75 61 31
61 76 47
76 61 34
65 66 7
66 65 7
65 67 33
67 65 28
65 68 37
68 65 39
65 69 95
69 65 66
65 73 58
73 65 51
65 2 47
2 65 46
65 3 50
3 65 38
65 6 20
6 65 40
65 8 19
8 65 25
65 9 34
9 65 26
65 11 9
11 65 7
65 12 16
12 65 24
65 14 11
14 65 18
65 17 29
17 65 31
65 21 66
21 65 57
65 24 44
24 65 51
65 25 26
25 65 34
65 26 29
26 65 26
65 28 36
28 65 56
65 29 51
29 65 44
65 31 19
31 65 20
65 32 34
32 65 33
65 36 67
36 65 60
65 38 6
38 65 5
65 39 16
39 65 22
65 40 38
40 65 28
65 42 75
42 65 66
65 43 55
43 65 61
65 47 50
47 65 55
65 50 20
50 65 38
65 55 40
55 65 40
65 57 37
57 65 46
65 58 10
58 65 14
65 60 69
60 65 67
65 62 60
62 65 54
65 63 39
63 65 50
65 64 89
64 65 74
65 70 95
70 65 64
65 71 37
71 65 66
65 72 10
72 65 18
65 74 33
74 65 51
65 75 47
75 65 34
65 76 16
76 65 32
66 67 44
67 66 32
66 68 47
68 66 43
66 69 84
69 66 68
66 73 36
73 66 57
66 2 49
2 66 50
66 3 37
3 66 45
66 6 56
6 66 45
66 8 38
8 66 27
66 9 42
9 66 33
66 11 10
11 66 7
66 12 21
12 66 30
66 14 17
14 66 16
66 17 29
17 66 37
66 21 85
21 66 60
66 24 83
24 66 58
66 25 39
25 66 41
66 26 38
26 66 31
66 28 74
28 66 60
66 29 55
29 66 46
66 31 33
31 66 26
66 32 25
32 66 40
66 36 44
36 66 62
66 38 7
38 66 12
66 39 40
39 66 29
66 40 23
40 66 35
66 42 36
42 66 72
66 43 52
43 66 67
66 47 70
47 66 57
66 50 25
50 66 45
66 55 40
55 66 47
66 57 37
57 66 46
66 58 30
58 66 21
66 60 53
60 66 68
66 62 71
62 66 59
66 63 61
63 66 56
66 64 97
64 66 79
66 70 38
70 66 65
66 71 54
71 66 67
66 72 24
72 66 25
66 74 31
74 66 55
66 75 53
75 66 39
66 76 38
76 66 36
67 68 6
68 67 11
67 69 53
69 67 38
67 73 33
73 67 25
67 2 25
2 67 18
67 3 16
3 67 24
67 6 15
6 67 14
67 8 14
8 67 10
67 9 13
9 67 25
67 11 19
11 67 25
67 12 7
12 67 13
67 14 32
14 67 23
67 17 16
17 67 12
67 21 23
21 67 29
67 24 48
24 67 38
67 25 24
25 67 36
67 26 4
26 67 6
67 28 32
28 67 28
67 29 12
29 67 17
67 31 23
31 67 37
67 32 30
32 67 25
67 36 39
36 67 33
67 38 21
38 67 24
67 39 25
39 67 23
67 40 14
40 67 17
67 42 25
42 67 41
67 43 35
43 67 37
67 47 17
47 67 27
67 50 18
50 67 33
67 55 40
55 67 45
67 57 24
57 67 25
67 58 18
58 67 19
67 60 22
60 67 42
67 62 30
62 67 27
67 63 15
63 67 28
67 64 61
64 67 48
67 70 26
70 67 40
67 71 42
71 67 40
67 72 24
72 67 21
67 74 22
74 67 23
67 75 6
75 67 7
67 76 5
76 67 5
68 69 24
69 68 31
68 73 15
73 68 14
68 2 7
2 68 7
68 3 29
3 68 21
68 6 7
6 68 5
68 8 16
8 68 21
68 9 18
9 68 29
68 11 36
11 68 36
68 12 9
12 68 18
68 14 44
14 68 34
68 17 17
17 68 12
68 21 20
21 68 21
68 24 35
24 68 33
68 25 37
25 68 37
68 26 19
26 68 13
68 28 19
28 68 17
68 29 13
29 68 16
68 31 50
31 68 44
68 32 21
32 68 26
68 36 21
36 68 28
68 38 34
38 68 34
68 39 18
39 68 28
68 40 12
40 68 19
68 42 37
42 68 30
68 43 20
43 68 26
68 47 28
47 68 22
68 50 34
50 68 33
68 55 59
55 68 46
68 57 15
57 68 28
68 58 35
58 68 27
68 60 53
60 68 39
68 62 22
62 68 15
68 63 9
63 68 18
68 64 49
64 68 36
68 70 53
70 68 38
68 71 29
71 68 35
68 72 29
72 68 27
68 74 19
74 68 13
68 75 4
75 68 4
68 76 8
76 68 7
69 73 40
73 69 30
69 2 30
2 69 26
69 3 66
3 69 50
69 6 38
6 69 34
69 8 44
8 69 41
69 9 85
9 69 60
69 11 33
11 69 61
69 12 36
12 69 49
69 14 56
14 69 54
69 17 38
17 69 43
69 21 8
21 69 11
69 24 50
24 69 58
69 25 100
25 69 68
69 26 44
26 69 43
69 28 22
28 69 19
69 29 17
29 69 22
69 31 79
31 69 74
69 32 57
32 69 56
69 36 10
36 69 7
69 38 43
38 69 62
69 39 78
39 69 59
69 40 56
40 69 50
69 42 35
42 69 36
69 43 28
43 69 37
69 47 13
47 69 11
69 50 72
50 69 63
69 55 70
55 69 77
69 57 16
57 69 27
69 58 51
58 69 57
69 60 8
60 69 14
69 62 28
62 69 26
69 63 20
63 69 40
69 64 32
64 69 35
69 70 9
70 69 16
69 71 11
71 69 9
69 72 30
72 69 58
69 74 23
74 69 19
69 75 25
75 69 34
69 76 48
76 69 37
73 2 5
2 73 9
73 3 21
3 73 22
73 6 17
6 73 12
73 8 45
8 73 35
73 9 18
9 73 35
73 11 25
11 73 50
73 12 14
12 73 28
73 14 61
14 73 48
73 17 29
17 73 21
73 21 18
21 73 20
73 24 19
24 73 27
73 25 51
25 73 41
73 26 19
26 73 26
73 28 11
28 73 11
73 29 35
29 73 25
73 31 27
31 73 52
73 32 37
32 73 29
73 36 41
36 73 30
73 38 39
38 73 47
73 39 53
39 73 36
73 40 16
40 73 26
73 42 17
42 73 16
73 43 11
43 73 12
73 47 33
47 73 25
73 50 17
50 73 34
73 55 25
55 73 49
73 57 41
57 73 38
73 58 42
58 73 38
73 60 44
60 73 42
73 62 5
62 73 5
73 63 5
63 73 9
73 64 16
64 73 22
73 70 58
70 73 42
73 71 22
71 73 37
73 72 21
72 73 37
73 74 17
74 73 14
73 75 17
75 73 18
73 76 11
76 73 21
2 3 35
3 2 24
2 6 13
6 2 9
2 8 14
8 2 27
2 9 29
9 2 34
2 11 49
11 2 43
2 12 35
12 2 25
2 14 22
14 2 40
2 17 15
17 2 18
2 21 17
21 2 15
2 24 30
24 2 34
2 25 59
25 2 42
2 26 29
26 2 21
2 28 13
28 2 10
2 29 16
29 2 16
2 31 66
31 2 50
2 32 28
32 2 30
2 36 28
36 2 24
2 38 43
38 2 41
2 39 45
39 2 34
2 40 35
40 2 25
2 42 34
42 2 24
2 43 13
43 2 21
2 47 14
47 2 18
2 50 49
50 2 37
2 55 48
55 2 51
2 57 26
57 2 29
2 58 48
58 2 34
2 60 26
60 2 36
2 62 4
62 2 8
2 63 10
63 2 16
2 64 18
64 2 29
2 70 44
70 2 35
2 71 18
71 2 31
2 72 42
72 2 34
2 74 8
74 2 7
2 75 7
75 2 11
2 76 12
76 2 14
3 6 9
6 3 16
3 8 49
8 3 34
3 9 10
9 3 15
3 11 28
11 3 39
3 12 10
12 3 15
3 14 26
14 3 43
3 17 17
17 3 12
3 21 42
21 3 39
3 24 12
24 3 14
3 25 22
25 3 19
3 26 21
26 3 20
3 28 34
28 3 32
3 29 50
29 3 36
3 31 36
31 3 33
3 32 11
32 3 8
3 36 28
36 3 48
3 38 26
38 3 33
3 39 9
39 3 17
3 40 8
40 3 10
3 42 47
42 3 32
3 43 22
43 3 26
3 47 33
47 3 41
3 50 10
50 3 13
3 55 22
55 3 27
3 57 38
57 3 48
3 58 19
58 3 24
3 60 76
60 3 59
3 62 32
62 3 27
3 63 19
63 3 15
3 64 43
64 3 40
3 70 44
70 3 58
3 71 51
71 3 54
3 72 12
72 3 21
3 74 46
74 3 31
3 75 24
75 3 21
3 76 17
76 3 20
6 8 32
8 6 25
6 9 34
9 6 26
6 11 53
11 6 38
6 12 21
12 6 17
6 14 40
14 6 37
6 17 11
17 6 10
6 21 21
21 6 24
6 24 29
24 6 28
6 25 26
25 6 34
6 26 13
26 6 14
6 28 19
28 6 18
6 29 26
29 6 21
6 31 39
31 6 42
6 32 32
32 6 22
6 36 26
36 6 32
6 38 27
38 6 35
6 39 34
39 6 26
6 40 19
40 6 16
6 42 15
42 6 27
6 43 13
43 6 23
6 47 21
47 6 25
6 50 32
50 6 28
6 55 36
55 6 42
6 57 40
57 6 32
6 58 25
58 6 27
6 60 58
60 6 43
6 62 19
62 6 14
6 63 11
63 6 14
6 64 40
64 6 34
6 70 51
70 6 42
6 71 44
71 6 38
6 72 17
72 6 26
6 74 11
74 6 16
6 75 10
75 6 8
6 76 5
76 6 9
8 9 39
9 8 32
8 11 14
11 8 20
8 12 24
12 8 21
8 14 16
14 8 14
8 17 18
17 8 22
8 21 29
21 8 34
8 24 35
24 8 48
8 25 35
25 8 42
8 26 19
26 8 14
8 28 32
28 8 35
8 29 14
29 8 19
8 31 56
31 8 39
8 32 18
32 8 34
8 36 36
36 8 35
8 38 14
38 8 22
8 39 38
39 8 29
8 40 19
40 8 25
8 42 71
42 8 51
8 43 64
43 8 47
8 47 19
47 8 30
8 50 38
50 8 41
8 55 30
55 8 51
8 57 19
57 8 21
8 58 17
58 8 21
8 60 51
60 8 42
8 62 31
62 8 35
8 63 32
63 8 38
8 64 57
64 8 56
8 70 37
70 8 38
8 71 29
71 8 40
8 72 37
72 8 25
8 74 19
74 8 29
8 75 22
75 8 17
8 76 21
76 8 15
9 11 23
11 9 30
9 12 12
12 9 12
9 14 29
14 9 36
9 17 9
17 9 17
9 21 55
21 9 49
9 24 21
24 9 25
9 25 11
25 9 10
9 26 12
26 9 20
9 28 38
28 9 44
9 29 37
29 9 42
9 31 21
31 9 18
9 32 6
32 9 7
9 36 42
36 9 56
9 38 20
38 9 22
9 39 3
39 9 4
9 40 14
40 9 10
9 42 32
42 9 46
9 43 49
43 9 41
9 47 49
47 9 50
9 50 15
50 9 11
9 55 11
55 9 19
9 57 42
57 9 50
9 58 12
58 9 14
9 60 54
60 9 67
9 62 38
62 9 39
9 63 17
63 9 30
9 64 33
64 9 55
9 70 38
70 9 65
9 71 79
71 9 63
9 72 5
72 9 9
9 74 46
74 9 41
9 75 21
75 9 26
9 76 24
76 9 24
11 12 12
12 11 24
11 14 9
14 11 11
11 17 34
17 11 30
11 21 61
21 11 53
11 24 53
24 11 53
11 25 33
25 11 38
11 26 18
26 11 24
11 28 62
28 11 53
11 29 48
29 11 39
11 31 18
31 11 26
11 32 30
32 11 35
11 36 36
36 11 55
11 38 7
38 11 8
11 39 21
39 11 25
11 40 33
40 11 29
11 42 44
42 11 65
11 43 49
43 11 60
11 47 32
47 11 50
11 50 45
50 11 41
11 55 60
55 11 45
11 57 24
57 11 39
11 58 19
58 11 16
11 60 56
60 11 62
11 62 70
62 11 51
11 63 40
63 11 49
11 64 49
64 11 72
11 70 67
70 11 58
11 71 70
71 11 60
11 72 16
72 11 21
11 74 38
74 11 47
11 75 43
75 11 32
11 76 16
76 11 29
12 14 30
14 12 28
12 17 8
17 12 7
12 21 20
21 12 39
12 24 19
24 12 29
12 25 22
25 12 22
12 26 8
26 12 8
12 28 28
28 12 35
12 29 21
29 12 30
12 31 18
31 12 25
12 32 15
32 12 13
12 36 54
36 12 45
12 38 23
38 12 19
12 39 7
39 12 10
12 40 5
40 12 5
12 42 50
42 12 42
12 43 39
43 12 37
12 47 39
47 12 39
12 50 26
50 12 21
12 55 40
55 12 31
12 57 38
57 12 38
12 58 5
58 12 10
12 60 66
60 12 55
12 62 23
62 12 31
12 63 21
63 12 26
12 64 41
64 12 50
12 70 38
70 12 53
12 71 28
71 12 52
12 72 7
72 12 9
12 74 41
74 12 31
12 75 19
75 12 15
12 76 11
76 12 12
14 17 28
17 14 32
14 21 37
21 14 48
14 24 69
24 14 57
14 25 41
25 14 46
14 26 12
26 14 24
14 28 42
28 14 49
14 29 45
29 14 33
14 31 31
31 14 36
14 32 22
32 14 40
14 36 33
36 14 48
14 38 20
38 14 17
14 39 31
39 14 32
14 40 45
40 14 33
14 42 74
42 14 64
14 43 33
43 14 60
14 47 26
47 14 44
14 50 24
50 14 47
14 55 77
55 14 54
14 57 15
57 14 30
14 58 27
58 14 22
14 60 40
60 14 53
14 62 39
62 14 49
14 63 72
63 14 50
14 64 79
64 14 70
14 70 70
70 14 49
14 71 51
71 14 52
14 72 21
72 14 27
14 74 44
74 14 43
14 75 27
75 14 30
14 76 21
76 14 28
17 21 43
21 17 33
17 24 23
24 17 26
17 25 35
25 17 26
17 26 11
26 17 8
17 28 29
28 17 28
17 29 34
29 17 26
17 31 24
31 17 32
17 32 8
32 17 14
17 36 57
36 17 40
17 38 16
38 17 26
17 39 14
39 17 16
17 40 10
40 17 7
17 42 32
42 17 35
17 43 21
43 17 30
17 47 34
47 17 34
17 50 32
50 17 22
17 55 30
55 17 35
17 57 42
57 17 36
17 58 9
58 17 17
17 60 30
60 17 50
17 62 18
62 17 24
17 63 28
63 17 19
17 64 31
64 17 43
17 70 61
70 17 49
17 71 50
71 17 46
17 72 9
72 17 16
17 74 18
74 17 25
17 75 6
75 17 10
17 76 4
76 17 8
21 24 32
24 21 48
21 25 77
25 21 58
21 26 36
26 21 33
21 28 12
28 21 9
21 29 9
29 21 15
21 31 40
31 21 64
21 32 53
32 21 46
21 36 14
36 21 10
21 38 71
38 21 53
21 39 51
39 21 49
21 40 52
40 21 40
21 42 19
42 21 29
21 43 32
43 21 28
21 47 7
47 21 6
21 50 75
50 21 52
21 55 56
55 21 66
21 57 21
57 21 25
21 58 31
58 21 47
21 60 17
60 21 22
21 62 15
62 21 15
21 63 30
63 21 29
21 64 20
64 21 30
21 70 16
70 21 22
21 71 19
71 21 17
21 72 61
72 21 48
21 74 10
74 21 8
21 75 17
75 21 24
21 76 29
76 21 27
24 25 15
25 24 23
24 26 34
26 24 34
24 28 43
28 24 39
24 29 32
29 24 48
24 31 45
31 24 41
24 32 18
32 24 18
24 36 43
36 24 57
24 38 26
38 24 46
24 39 31
39 24 29
24 40 15
40 24 24
24 42 36
42 24 30
24 43 27
43 24 26
24 47 42
47 24 51
24 50 8
50 24 15
24 55 30
55 24 27
24 57 57
57 24 60
24 58 52
58 24 37
24 60 47
60 24 69
24 62 23
62 24 32
24 63 15
63 24 18
24 64 20
64 24 38
24 70 67
70 24 68
24 71 76
71 24 64
24 72 26
72 24 33
24 74 23
74 24 40
24 75 46
75 24 33
24 76 32
76 24 33
25 26 24
26 25 30
25 28 36
28 25 51
25 29 43
29 25 52
25 31 21
31 25 18
25 32 16
32 25 12
25 36 49
36 25 65
25 38 25
38 25 30
25 39 12
39 25 14
25 40 25
40 25 19
25 42 55
42 25 50
25 43 51
43 25 45
25 47 32
47 25 59
25 50 9
50 25 8
25 55 10
55 25 9
25 57 71
57 25 60
25 58 29
58 25 23
25 60 71
60 25 76
25 62 28
62 25 45
25 63 36
63 25 34
25 64 87
64 25 59
25 70 90
70 25 74
25 71 52
71 25 72
25 72 10
72 25 18
25 74 67
74 25 50
25 75 23
75 25 35
25 76 45
76 25 33
26 28 24
28 26 31
26 29 19
29 26 23
26 31 39
31 26 32
26 32 21
32 26 20
26 36 56
36 26 38
26 38 29
38 26 21
26 39 26
39 26 18
26 40 8
40 26 12
26 42 49
42 26 41
26 43 45
43 26 37
26 47 24
47 26 32
26 50 31
50 26 28
26 55 37
55 26 39
26 57 27
57 26 30
26 58 19
58 26 14
26 60 68
60 26 48
26 62 30
62 26 28
26 63 34
63 26 26
26 64 52
64 26 49
26 70 32
70 26 45
26 71 41
71 26 45
26 72 17
72 26 15
26 74 26
74 26 26
26 75 5
75 26 9
26 76 7
76 26 6
28 29 10
29 28 20
28 31 80
31 28 60
28 32 58
32 28 39
28 36 25
36 28 20
28 38 73
38 28 51
28 39 64
39 28 44
28 40 25
40 28 34
28 42 26
42 28 20
28 43 12
43 28 19
28 47 21
47 28 15
28 50 55
50 28 45
28 55 36
55 28 60
28 57 44
57 28 32
28 58 26
58 28 44
28 60 19
60 28 31
28 62 3
62 28 6
28 63 15
63 28 20
28 64 18
64 28 23
28 70 30
70 28 32
28 71 30
71 28 26
28 72 53
72 28 44
28 74 3
74 28 6
28 75 25
75 28 21
28 76 27
76 28 24
29 31 33
31 29 54
29 32 39
32 29 40
29 36 16
36 29 16
29 38 35
38 29 40
29 39 36
39 29 40
29 40 37
40 29 33
29 42 43
42 29 39
29 43 44
43 29 37
29 47 10
47 29 11
29 50 50
50 29 48
29 55 82
55 29 61
29 57 10
57 29 13
29 58 42
58 29 36
29 60 17
60 29 25
29 62 18
62 29 23
29 63 29
63 29 32
29 64 45
64 29 43
29 70 20
70 29 23
29 71 31
71 29 22
29 72 24
72 29 38
29 74 18
74 29 13
29 75 21
75 29 16
29 76 10
76 29 18
31 32 27
32 31 25
31 36 59
36 31 70
31 38 18
38 31 19
31 39 21
39 31 16
31 40 17
40 31 26
31 42 44
42 31 64
31 43 69
43 31 59
31 47 79
47 31 64
31 50 20
50 31 26
31 55 24
55 31 22
31 57 63
57 31 60
31 58 16
58 31 18
31 60 69
60 31 79
31 62 46
62 31 56
31 63 28
63 31 47
31 64 97
64 31 72
31 70 106
70 31 76
31 71 88
71 31 76
31 72 14
72 31 16
31 74 42
74 31 56
31 75 50
75 31 40
31 76 51
76 31 37
32 36 72
36 32 54
32 38 30
38 32 28
32 39 6
39 32 11
32 40 9
40 32 9
32 42 21
42 32 40
32 43 50
43 32 35
32 47 65
47 32 47
32 50 4
50 32 8
32 55 31
55 32 21
32 57 69
57 32 50
32 58 17
58 32 19
32 60 48
60 32 64
32 62 43
62 32 34
32 63 32
63 32 23
32 64 42
64 32 48
32 70 34
70 32 63
32 71 48
71 32 60
32 72 13
72 32 15
32 74 40
74 32 38
32 75 17
75 32 24
32 76 19
76 32 22
36 38 67
38 36 56
36 39 29
39 36 55
36 40 29
40 36 47
36 42 58
42 36 39
36 43 32
43 36 39
36 47 5
47 36 6
36 50 61
50 36 60
36 55 98
55 36 74
36 57 24
57 36 20
36 58 62
58 36 52
36 60 17
60 36 12
36 62 13
62 36 26
36 63 52
63 36 39
36 64 52
64 36 39
36 70 11
70 36 12
36 71 5
71 36 7
36 72 39
72 36 53
36 74 22
74 36 17
36 75 44
75 36 30
36 76 25
76 36 33
38 39 13
39 38 18
38 40 13
40 38 23
38 42 59
42 38 61
38 43 82
43 38 56
38 47 27
47 38 51
38 50 35
50 38 34
38 55 51
55 38 37
38 57 46
57 38 43
38 58 11
58 38 9
38 60 67
60 38 64
38 62 69
62 38 49
38 63 55
63 38 45
38 64 64
64 38 69
38 70 75
70 38 61
38 71 90
71 38 62
38 72 19
72 38 13
38 74 31
74 38 47
38 75 41
75 38 30
38 76 40
76 38 27
39 40 10
40 39 10
39 42 40
42 39 48
39 43 36
43 39 43
39 47 30
47 39 49
39 50 17
50 39 16
39 55 25
55 39 22
39 57 50
57 39 48
39 58 10
58 39 10
39 60 87
60 39 66
39 62 25
62 39 40
39 63 19
63 39 32
39 64 69
64 39 57
39 70 40
70 39 63
39 71 75
71 39 62
39 72 3
72 39 5
39 74 44
74 39 41
39 75 33
75 39 25
39 76 19
76 39 22
40 42 50
42 40 39
40 43 27
43 40 34
40 47 59
47 40 40
40 50 13
50 40 16
40 55 21
55 40 28
40 57 27
57 40 42
40 58 19
58 40 14
40 60 33
60 40 57
40 62 41
62 40 30
40 63 11
63 40 22
40 64 64
64 40 47
40 70 59
70 40 55
40 71 70
71 40 53
40 72 13
72 40 11
40 74 37
74 40 32
40 75 23
75 40 16
40 76 18
76 40 14
42 43 5
43 42 5
42 47 26
47 42 35
42 50 44
50 42 42
42 55 51
55 42 56
42 57 48
57 42 52
42 58 51
58 42 52
42 60 35
60 42 50
42 62 15
62 42 16
42 63 21
63 42 17
42 64 10
64 42 9
42 70 39
70 42 51
42 71 37
71 42 45
42 72 42
72 42 50
42 74 16
74 42 26
42 75 49
75 42 34
42 76 29
76 42 36
43 47 50
47 43 34
43 50 20
50 43 37
43 55 68
55 43 51
43 57 45
57 43 50
43 58 69
58 43 48
43 60 34
60 43 50
43 62 16
62 43 14
43 63 13
63 43 12
43 64 20
64 43 14
43 70 68
70 43 51
43 71 37
71 43 45
43 72 27
72 43 45
43 74 14
74 43 24
43 75 32
75 43 30
43 76 23
76 43 32
47 50 52
50 47 54
47 55 81
55 47 68
47 57 21
57 47 19
47 58 63
58 47 46
47 60 19
60 47 18
47 62 22
62 47 21
47 63 37
63 47 34
47 64 50
64 47 36
47 70 23
70 47 17
47 71 14
71 47 13
47 72 61
72 47 47
47 74 9
74 47 11
47 75 14
75 47 24
47 76 39
76 47 27
50 55 19
55 50 15
50 57 45
57 50 58
50 58 29
58 50 25
50 60 41
60 50 71
50 62 26
62 50 39
50 63 20
63 50 26
50 64 43
64 50 51
50 70 89
70 50 70
50 71 62
71 50 67
50 72 22
72 50 20
50 74 54
74 50 44
50 75 31
75 50 31
50 76 33
76 50 30
55 57 38
57 55 70
55 58 23
58 55 32
55 60 89
60 55 85
55 62 72
62 55 54
55 63 27
63 55 41
55 64 50
64 55 65
55 70 42
70 55 84
55 71 92
71 55 81
55 72 20
72 55 27
55 74 35
74 55 58
55 75 35
75 55 45
55 76 49
76 55 42
57 58 58
58 57 41
57 60 32
60 57 23
57 62 21
62 57 36
57 63 46
63 57 45
57 64 58
64 57 55
57 70 23
70 57 19
57 71 33
71 57 23
57 72 46
72 57 45
57 74 24
74 57 26
57 75 14
75 57 27
57 76 29
76 57 28
58 60 34
60 58 61
58 62 39
62 58 41
58 63 28
63 58 36
58 64 34
64 58 60
58 70 47
70 58 58
58 71 73
71 58 58
58 72 5
72 58 5
58 74 38
74 58 40
58 75 25
75 58 23
58 76 29
76 58 20
60 62 21
62 60 38
60 63 58
63 60 51
60 64 35
64 60 49
60 70 5
70 60 4
60 71 6
71 60 5
60 72 61
72 60 63
60 74 24
74 60 29
60 75 39
75 60 41
60 76 45
76 60 43
62 63 13
63 62 14
62 64 28
64 62 21
62 70 44
70 62 38
62 71 49
71 62 33
62 72 35
72 62 40
62 74 13
74 62 10
62 75 16
75 62 19
62 76 32
76 62 22
63 64 25
64 63 25
63 70 67
70 63 51
63 71 51
71 63 46
63 72 24
72 63 34
63 74 16
74 63 22
63 75 13
75 63 21
63 76 30
76 63 22
64 70 71
70 64 51
64 71 39
71 64 44
64 72 40
72 64 59
64 74 31
74 64 29
64 75 38
75 64 40
64 76 27
76 64 43
70 71 9
71 70 8
70 72 36
72 70 61
70 74 42
74 70 29
70 75 30
75 70 39
70 76 59
76 70 41
71 72 37
72 71 60
71 74 28
74 71 24
71 75 47
75 71 37
71 76 43
76 71 40
72 74 27
74 72 40
72 75 33
75 72 24
72 76 22
76 72 21
74 75 9
75 74 17
74 76 23
76 74 20
75 76 4
76 75 3
